%YAML:1.0
camera_matrix: !!opencv-matrix
   rows: 3
   cols: 3
   dt: f
   data: [  990.097589030818, 0.0, 609.7726298299682, 0.0, 988.4166456636918, 359.17795109464095, 0.0, 0.0, 1.0] 
dist_coeffs: !!opencv-matrix
   rows: 1
   cols: 5
   dt: f
   data: [-0.3613132438021864,  0.11869596513482972, -0.0004461727952304065,  -0.00027877851041012647, -0.010374889883404364]
