%YAML:1.0
monitor_W: 460
monitor_H: 270
monitor_R: !!opencv-matrix
   rows: 3
   cols: 3
   dt: f
   data: [ -0.998474, 0.022406, 0.050465, 0.030643, 0.985158, 0.168894, -0.045932, 0.170183, -0.984341]
monitor_T: !!opencv-matrix
   rows: 3
   cols: 1
   dt: f
   data: [54.219558, 17.640246, -22.635788 ]
  
x0_360: -0.2
x1_360: 0.95
y0_360: -0.3
y1_360: 1.2
x0_mpii: 0.2
x1_mpii: 0.8
y0_mpii: 0.0
y1_mpii: 0.8
