{
    "camera": "HD Web Camera (05a3:9331)",
    "platform": "X11; Linux x86_64",
    "avg_reprojection_error": 0.3913179429003925,
    "camera_matrix": {
        "type_id": "opencv-matrix",
        "rows": 3,
        "cols": 3,
        "dt": "d",
        "data": [
            1485.1463835462268,
            0,
            914.6589447449524,
            0,
            1482.6249684955378,
            538.7669266419614,
            0,
            0,
            1
        ]
    },
    "distortion_coefficients": {
        "type_id": "opencv-matrix",
        "rows": 5,
        "cols": 1,
        "dt": "d",
        "data": [
            -0.3613132438021864,
            0.11869596513482972,
            -0.0004461727952304065,
            -0.00027877851041012647,
            -0.010374889883404364
        ]
    },
    "distortion_model": "rectilinear",
    "img_size": {
        "type_id": "opencv-matrix",
        "rows": 2,
        "cols": 1,
        "dt": "d",
        "data": [
            1920,
            1080
        ]
    },
    "calibration_time": "Sun, 31 Jan 2021 12:43:12 GMT",
    "caveats": [
        "upscaled"
    ]
}