{
    "camera": "HD Web Camera (05a3:9331)",
    "platform": "X11; Linux x86_64",
    "avg_reprojection_error": 0.2608786286002617,
    "camera_matrix": {
        "type_id": "opencv-matrix",
        "rows": 3,
        "cols": 3,
        "dt": "d",
        "data": [
            990.097589030818,
            0,
            609.7726298299682,
            0,
            988.4166456636918,
            359.17795109464095,
            0,
            0,
            1
        ]
    },
    "distortion_coefficients": {
        "type_id": "opencv-matrix",
        "rows": 5,
        "cols": 1,
        "dt": "d",
        "data": [
            -0.3613132438021864,
            0.11869596513482972,
            -0.0004461727952304065,
            -0.00027877851041012647,
            -0.010374889883404364
        ]
    },
    "distortion_model": "rectilinear",
    "img_size": {
        "type_id": "opencv-matrix",
        "rows": 2,
        "cols": 1,
        "dt": "d",
        "data": [
            1280,
            720
        ]
    },
    "calibration_time": "Sun, 31 Jan 2021 12:43:12 GMT"
}