{
    "camera": "HD Web Camera (05a3:9331)",
    "platform": "X11; Linux x86_64",
    "avg_reprojection_error": 0.17391908573350778,
    "camera_matrix": {
        "type_id": "opencv-matrix",
        "rows": 3,
        "cols": 3,
        "dt": "d",
        "data": [
            660.0650593538786,
            0,
            304.8863149149841,
            0,
            658.9444304424612,
            239.45196739642728,
            0,
            0,
            1
        ]
    },
    "distortion_coefficients": {
        "type_id": "opencv-matrix",
        "rows": 5,
        "cols": 1,
        "dt": "d",
        "data": [
            -0.3613132438021864,
            0.11869596513482972,
            -0.0004461727952304065,
            -0.00027877851041012647,
            -0.010374889883404364
        ]
    },
    "distortion_model": "rectilinear",
    "img_size": {
        "type_id": "opencv-matrix",
        "rows": 2,
        "cols": 1,
        "dt": "d",
        "data": [
            640,
            480
        ]
    },
    "calibration_time": "Sun, 31 Jan 2021 12:43:12 GMT",
    "caveats": [
        "cropped"
    ]
}