Ropt = -0.994400, -0.012196, -0.104975, -0.015083, 0.999528, 0.026746, 0.104599, 0.028180, -0.994115 
Topt = -8.758754, 105.136814, 49.436378 
 
 
R = -0.994785, 0.032323, 0.096735, 0.037025, 0.998198, 0.047215, -0.095035, 0.050550, -0.994190 
T = 38.536958, 30.144606, -1.925253 
