Ropt = -0.992898, -0.023870, -0.116546, -0.026489, 0.999429, 0.020976, 0.115979, 0.023914, -0.992964 
Topt = 4.655354, 91.086116, 63.677524 
 
 
R = -0.997845, 0.021833, 0.061872, 0.024467, 0.998812, 0.042132, -0.060879, 0.043555, -0.997194 
T = 43.114031, 25.259487, 4.803134 
