Ropt = -0.996880, -0.014019, -0.077680, -0.014233, 0.999896, 0.002190, 0.077641, 0.003288, -0.996976 
Topt = 15.453869, 68.830628, 70.788904 
 
 
R = -0.995408, 0.025971, 0.092135, 0.025961, 0.999662, -0.001307, -0.092138, 0.001091, -0.995746 
T = 40.598286, 21.173242, -19.564582 
