Ropt = -0.972835 0.023719, -0.230281, -0.027379, 0.975968, 0.216188, 0.229874, 0.216620, -0.948807 
Topt = 7.452006, 80.964790, 16.362530 
 
 
R = -0.996113, 0.058747, 0.065636, 0.069854, 0.980757, 0.182307, -0.053663, 0.186184, -0.981048 
T = 75.568965, 0.422045, -13.789863 
