Ropt = -0.995276, -0.021028, -0.094784, -0.016252, 0.998573, -0.050879, 0.095719, -0.049098, -0.994197 
Topt = 8.548003, 95.159031, 84.455142 
 
 
R = -0.996877, 0.021344, 0.076036, 0.022045, 0.999722, 0.008382, -0.075836, 0.010032, -0.997070 
T = 54.961295, 29.214779, -1.916876 
