Ropt = -0.991144, -0.027415, 0.129930, 0.000793, 0.977219, 0.212233, -0.132789, 0.210457, -0.968543 
Topt = 451.568186, 22.415070, 321.601732 
 
 
R = -0.998893, -0.038945, 0.026378, -0.032347, 0.975887, 0.215868, -0.034149, 0.214776, -0.976066 
T = 468.655440, 37.204656, 28.229495 
