Ropt = -0.982064, -0.001573, -0.188541, -0.037349, 0.981773, 0.186350, 0.184811, 0.190049, -0.964223 
Topt = 13.131590, 104.545239, 31.749361 
 
 
R = -0.998474, 0.022406, 0.050465, 0.030643, 0.985158, 0.168894, -0.045932, 0.170183, -0.984341 
T = 54.219558, 17.640246, -22.635788 
