Ropt = -0.999556, -0.019892, -0.022189, -0.022012, 0.994761, 0.099829, 0.020087, 0.100274, -0.994757 
Topt = 466.821070, 49.402469, 147.639329 
 
 
R = -0.999297, 0.003899, 0.037296, 0.006754, 0.997030, 0.076720, -0.036886, 0.076918, -0.996355 
T = 451.513438, -39.679038, 193.621322 
