Ropt = -0.993516, -0.036387, 0.107715, -0.005665, 0.962070, 0.272743, -0.113554, 0.270364, -0.956038 
Topt = 463.478768, 26.312271, 277.719426 
 
 
R = -0.999199, -0.033777, 0.021453, -0.027453, 0.968739, 0.246559, -0.029110, 0.245772, -0.968890 
T = 465.373824, 41.180367, 13.094918 
