%YAML:1.0
monitor_W: 460
monitor_H: 270
monitor_R: !!opencv-matrix
   rows: 3
   cols: 3
   dt: f
   data: [ -0.994785, 0.032323, 0.096735, 0.037025, 0.998198, 0.047215, -0.095035, 0.050550, -0.994190 ]
monitor_T: !!opencv-matrix
   rows: 3
   cols: 1
   dt: f
   data: [38.536958, 30.144606, -1.925253]
  
x0_360: -0.1
x1_360: 1.2
y0_360: -0.3
y1_360: 1.2
x0_mpii: 0.2
x1_mpii: 0.8
y0_mpii: 0.0
y1_mpii: 0.8
