%YAML:1.0
monitor_W: 530
monitor_H: 300
monitor_R: !!opencv-matrix
   rows: 3
   cols: 3
   dt: f
   data: [-0.999199, -0.033777, 0.021453, -0.027453, 0.968739, 0.246559, -0.029110, 0.245772, -0.968890]
monitor_T: !!opencv-matrix
   rows: 3
   cols: 1
   dt: f
   data: [465.373824, 41.180367, 13.094918  ]
  
x0_360: -0.5
x1_360: 0.6
y0_360: -0.25
y1_360: 1.3
x0_mpii: 0.2
x1_mpii: 0.8
y0_mpii: 0.0
y1_mpii: 0.8
