%YAML:1.0
monitor_W: 460
monitor_H: 270
monitor_R: !!opencv-matrix
   rows: 3
   cols: 3
   dt: f
   data: [-0.996364, 0.023581, 0.081872, 0.030730, 0.995718, 0.087189, -0.079465, 0.089388, -0.992822 ]
monitor_T: !!opencv-matrix
   rows: 3
   cols: 1
   dt: f
   data: [61.527721, 36.532524, 9.181379 ]
  
x0_360: 0.2
x1_360: 1.2
y0_360: -0.3
y1_360: 1.2
x0_mpii: 0.2
x1_mpii: 0.8
y0_mpii: 0.0
y1_mpii: 0.8
