,frame,f_found,f_confidence,face_centerx,face_centery,face_centerz,2d_x,2d_y,3d_x,3d_y,3d_z
0,0,1,0.8601945,397.533989509366,24.200221668251668,643.725555792841,-0.9676795461034744,1.4978791370167661,0.6363593339920044,0.5263859629631042,-0.5638835430145264
1,1,1,0.9464403,402.72319277895787,21.25960706141834,655.3550842641189,-0.7058856269142174,1.6031881900402802,0.5082801580429077,0.6006594300270081,-0.6171382665634155
2,2,1,0.97394955,395.81904936301936,19.731835619305215,651.2674780757809,-0.4395280929765519,1.4138887294483218,0.3894317150115967,0.5914682745933533,-0.7060511708259583
3,3,1,0.9903149,383.7179780642832,15.00167859677969,647.9086241586187,-0.20584310922658697,1.1128769929142772,0.26893511414527893,0.5225915908813477,-0.8090562224388123
4,4,1,0.99296254,372.25988199181364,7.552112439497549,667.425277277315,0.15145169173988576,0.771900877804906,0.01117403618991375,0.39290013909339905,-0.9195132851600647
5,5,1,0.99066776,335.47743530618646,3.1207205099025757,667.5131425539502,0.512110243256229,0.5461816656333032,-0.2197454422712326,0.281999796628952,-0.9339101314544678
6,6,1,0.9904463,321.29971348970724,1.0600958566200234,689.9900550373704,0.7358802998915945,0.3522100136337237,-0.3475741147994995,0.17868545651435852,-0.920469343662262
7,7,1,0.9888601,295.78334937715584,-0.30071123150716517,694.3820737926129,0.882599684335255,0.09916651466011112,-0.39974838495254517,0.06953137367963791,-0.913983941078186
8,8,1,0.9891109,279.9216537481232,-3.3544005681209677,727.5484190954083,0.9714719683315046,-0.002750420273172409,-0.413203626871109,0.02931883931159973,-0.9101665616035461
9,9,1,0.98629665,264.8547730861639,-3.4642573883977064,723.4734042069755,0.8035212304238467,-0.03896979041362481,-0.2964343726634979,0.02075663022696972,-0.9548276662826538
10,10,1,0.98309237,244.94720000582046,-4.570785024217185,738.3962928923326,0.7146408641770852,-0.06462280246442881,-0.20697957277297974,0.01426383014768362,-0.9782412648200989
11,11,1,0.98979294,217.22765738206894,-2.8595888735098094,752.3075606591248,0.6941247139920165,-0.026031027242771218,-0.15482091903686523,0.027478210628032684,-0.9875603318214417
12,12,1,0.9928687,204.90425309263787,-0.11738168631687766,760.5175324998431,0.608777264459955,0.023024330315911796,-0.07895267009735107,0.045140963047742844,-0.9958558082580566
13,13,1,0.99468815,197.13091167004436,4.471787743806245,771.0174568361032,0.4884710298287269,0.09500301704054888,0.01580292358994484,0.06980269402265549,-0.9974356293678284
14,14,1,0.9954852,191.28997420946317,5.741016366470066,776.7726247903834,0.43331800264139597,0.19607407531664528,0.06092704460024834,0.10864432901144028,-0.9922118186950684
15,15,1,0.99475914,187.40493132895665,5.865627542409686,774.4996662656364,0.3494068769604601,0.3012415151325401,0.1240476593375206,0.15185542404651642,-0.9805876016616821
16,16,1,0.98702514,190.35253878081934,8.007243797041477,795.5510733648553,0.21474892490360814,0.42870711411257995,0.20584076642990112,0.1947796642780304,-0.9590049386024475
17,17,1,0.9916598,196.0606021689889,9.194714417794883,806.9620139901982,0.1440641871299987,0.618057522476648,0.23858165740966797,0.26051169633865356,-0.9355278611183167
18,18,1,0.9901177,205.41616520496316,8.66008318619566,815.7042496092896,0.08738424941251725,0.4887348353303807,0.26255273818969727,0.21143166720867157,-0.9414684176445007
19,19,1,0.9904959,216.07705482551805,8.813259572160591,818.2094316963335,0.0641927241882527,0.41114568467191187,0.26472651958465576,0.1828409880399704,-0.9468310475349426
20,20,1,0.9831661,221.65798808202825,7.616322703116027,814.4843420197957,0.034227672637964314,0.382135589870899,0.27808478474617004,0.17457161843776703,-0.9445599913597107
21,21,1,0.98230904,224.95250130012073,7.234425818848632,811.6890657840344,-0.09394698594849935,0.3303413470968707,0.35151994228363037,0.15573497116565704,-0.9231361746788025
22,22,1,0.99024665,234.11365365195488,6.739076755609498,812.6891193291377,-0.34167053629864846,0.308787466807022,0.47214218974113464,0.14528842270374298,-0.8694671392440796
23,23,1,0.9873855,238.34299021681338,8.738456051979519,786.713497424057,-0.5276315661091693,0.38370327481465033,0.5640416741371155,0.1673119217157364,-0.808618426322937
24,24,1,0.96439016,253.78180611486152,10.587255273835519,791.2769392319709,-0.7356837843502381,0.5421715750558129,0.6276706457138062,0.20777449011802673,-0.7502395510673523
25,25,1,0.9855682,272.0945858297947,9.662655397547786,791.4283586238747,-0.8648492661281811,0.6064001462485255,0.6574966907501221,0.22335302829742432,-0.7195913791656494
26,26,1,0.9890627,302.6503552204811,11.067895260667653,822.4366489525604,-1.053041651128184,0.6445709015739828,0.6810887455940247,0.22155246138572693,-0.6978772878646851
27,27,1,0.9884608,311.3954198303666,9.870905542352146,827.5260504821545,-1.0284614183099567,0.7152463883238017,0.6656345725059509,0.24418553709983826,-0.7051978707313538
28,28,1,0.98956937,300.8625320973466,13.602073164784878,781.6175736159626,-0.8916358400750993,0.7154713138735851,0.6519671082496643,0.2564128339290619,-0.7135764360427856
29,29,1,0.9938771,309.5330602608683,16.20880161160006,817.8201136824191,-0.9523981724571389,0.801631288454694,0.6471836566925049,0.2691919505596161,-0.713224470615387
30,30,1,0.99095696,314.7713322196949,17.128804216270524,827.7907279328782,-0.9866422689060178,0.8581441191312155,0.6487339735031128,0.2806699573993683,-0.7073674201965332
31,31,1,0.9928405,319.44790047548616,17.51902150422616,831.988668353131,-0.9684414398617105,0.8045787519685632,0.6401494145393372,0.2666911482810974,-0.7204752564430237
32,32,1,0.99274856,318.1762645974268,17.442687647225295,829.6336320954551,-0.8693426550610996,0.8627264793263106,0.6078882813453674,0.2907088100910187,-0.7388911843299866
33,33,1,0.995615,311.8038522752194,18.149377311759206,806.603619895849,-0.7498301707608073,0.8957891452283436,0.578647792339325,0.3132737874984741,-0.7530115246772766
34,34,1,0.9936924,314.6435775059522,19.979034021062457,808.1728074639636,-0.7240336478913117,0.8316455101427257,0.5683752298355103,0.2942189574241638,-0.7683650851249695
35,35,1,0.9967891,335.358889850513,18.66138231756313,840.487666036844,-0.763474487938585,0.7969779007539677,0.5544993281364441,0.2781641185283661,-0.7843183279037476
36,36,1,0.99527407,332.18316293338853,18.729297633684613,822.0791829756109,-0.6426351186937279,0.6330531525700092,0.5194847583770752,0.23780423402786255,-0.8207221031188965
37,37,1,0.99158394,326.4810928892189,19.98297781790774,801.4455224937946,-0.5157214505240078,0.5304097319558114,0.4778415262699127,0.21186958253383636,-0.8525132536888123
38,38,1,0.9914824,313.87722124966683,22.40489181159661,766.1102411410957,-0.39848929416730117,0.4745383970033045,0.4482739269733429,0.19981969892978668,-0.8712764382362366
39,39,1,0.99152786,325.4889714607354,21.704033610916934,792.8484307771583,-0.3733410360917891,0.3665258786566912,0.41143038868904114,0.15796205401420593,-0.8976486325263977
40,40,1,0.99693346,317.18591329009774,21.448215139144242,774.665617230609,-0.26393886979001746,0.25097989509169505,0.3666289746761322,0.11924607306718826,-0.92269366979599
41,41,1,0.9961345,308.08682447892284,21.798138348459556,759.4463966496638,-0.15699462773248268,0.20813965314198327,0.3179812729358673,0.10417086631059647,-0.9423567652702332
42,42,1,0.9968081,300.56666663180727,19.78431732567604,768.0860982519001,-0.06875487426188981,0.13267189585150235,0.2670527696609497,0.07558820396661758,-0.9607128500938416
43,43,1,0.9974874,299.61615495375196,17.677222895943533,802.9657865099965,0.008220886803377736,0.0459511537708635,0.2078198343515396,0.04157587140798569,-0.9772831797599792
44,44,1,0.993646,277.4575471746625,15.316969390880983,789.4775942434532,0.10229913026040748,-0.08402468148435877,0.17676381766796112,-0.0057192337699234486,-0.9842366576194763
45,45,1,0.9873159,253.07711134062575,15.799301097360493,742.5505815709976,0.18267589412948823,-0.18537831667722857,0.16346579790115356,-0.048619676381349564,-0.9853502511978149
46,46,1,0.9903769,230.35715829161623,15.093263207083398,708.1871215844999,0.23917105357370938,-0.24853612829240546,0.16099238395690918,-0.07692884653806686,-0.9839529395103455
47,47,1,0.9809762,223.52137464045904,18.119291572624235,706.1030938745561,0.21661661892246672,-0.2571341937554338,0.187042698264122,-0.08396196365356445,-0.9787570834159851
48,48,1,0.9910512,247.37932536889207,18.82307835290087,776.7737946184974,0.1018326082194854,-0.28574159601382443,0.21597905457019806,-0.0847955048084259,-0.9727090001106262
49,49,1,0.9855223,243.35642986618436,21.64650776515236,758.2667457900974,0.05919831920860879,-0.2619802616856616,0.2538929283618927,-0.08009812235832214,-0.9639101624488831
50,50,1,0.99541384,256.78860593925225,24.45378848643743,787.7180642456818,-0.04833490753203319,-0.2517819816235882,0.29551103711128235,-0.07391992211341858,-0.9524752497673035
51,51,1,0.9947642,260.4390995270833,25.038586818616505,785.122235935613,-0.09665241276710766,-0.22528118889755475,0.32160988450050354,-0.06398827582597733,-0.9447076916694641
52,52,1,0.9935907,263.93914261592204,24.182063629109734,771.9700593999947,-0.12312109355972303,-0.18179334226676425,0.33928748965263367,-0.04750829190015793,-0.9394822716712952
53,53,1,0.99707866,268.2732006523251,26.908007266075444,754.1002818270937,-0.13787712450638628,-0.12302636548043064,0.35161176323890686,-0.0298849418759346,-0.9356687664985657
54,54,1,0.99798477,268.87464220233085,27.829564599013107,740.6267017061797,-0.12296307572851654,-0.07064628710434082,0.3484327793121338,-0.012064039707183838,-0.9372561573982239
55,55,1,0.997474,296.43102702483355,27.579541446193133,804.5274895197778,-0.19805656035183575,-0.06202144229122259,0.33676689863204956,-0.006227572448551655,-0.9415674805641174
56,56,1,0.9970855,294.4151472451303,27.521899374208896,795.4776971870369,-0.11618291823135328,-0.06097708509556596,0.2938764989376068,-0.00767737440764904,-0.9558126330375671
57,57,1,0.9965199,278.5189710005488,27.120264691391906,751.8239851048016,0.15456028887703202,-0.09846343391422123,0.14768505096435547,-0.02886243537068367,-0.9886131882667542
58,58,1,0.99814427,288.1194694919116,25.927883783438983,796.164593804646,0.3627987327452808,-0.1034163014486552,-0.013211010955274105,-0.032265257090330124,-0.999392032623291
59,59,1,0.9957326,263.83101772079004,23.482369329828426,769.28686816769,0.6099214767038044,-0.10968082165619591,-0.15195047855377197,-0.03752748668193817,-0.9876753687858582
60,60,1,0.9924374,254.90314994460758,25.579245581288856,769.9812770939062,0.7918965106103403,-0.12191263038623402,-0.2577800750732422,-0.047551464289426804,-0.9650327563285828
61,61,1,0.9914812,246.0461976318021,29.176143212012708,753.8176149877854,1.0024679308429691,-0.0867353274099923,-0.3788774609565735,-0.04262674227356911,-0.9244646430015564
62,62,1,0.9892364,245.64142017274312,34.93149414448714,763.3128078356852,1.0340527219027125,-0.10733982474433891,-0.3903793394565582,-0.05662907287478447,-0.918910801410675
63,63,1,0.9904018,256.9430643776875,36.75913931241997,807.292726968762,1.0600344007270737,-0.12978470284564692,-0.3953136205673218,-0.0633062869310379,-0.9163621068000793
64,64,1,0.9971193,255.5167380633785,35.713808651807696,816.5277810145259,1.0722474716740666,-0.13924974573728444,-0.3958333730697632,-0.06467470526695251,-0.9160420894622803
65,65,1,0.9953696,243.47139673424704,34.45594960238478,789.9013673810651,1.0902591805944104,-0.14365617693125354,-0.4041975736618042,-0.0669175386428833,-0.9122205972671509
66,66,1,0.9933181,240.75418133316143,35.54074802572257,781.9914894245321,1.1376214971371328,-0.1623187122140368,-0.427556574344635,-0.07502651959657669,-0.9008697867393494
67,67,1,0.99488777,251.94616033982285,35.31044419507956,816.4696794546726,1.2054918321942245,-0.19297858074345872,-0.45262497663497925,-0.08126427978277206,-0.8879902958869934
68,68,1,0.9953909,244.39715449868837,31.944529620953233,789.963516334863,1.2542813822885115,-0.22766618539471845,-0.47792577743530273,-0.09063563495874405,-0.8737117052078247
69,69,1,0.99416876,262.43684047290236,30.458312223656957,843.7221518306411,1.330500014603939,-0.2990444125466372,-0.49640122056007385,-0.10397594422101974,-0.8618438243865967
70,70,1,0.99649185,262.60808541013733,29.784388332676865,844.1795064350464,1.4163073235453516,-0.3397492589549938,-0.5266609191894531,-0.11349740624427795,-0.8424646258354187
71,71,1,0.9966684,277.62634074274155,29.380517116731028,881.7908701447544,1.459121877646562,-0.38430339592999335,-0.533799946308136,-0.11999959498643875,-0.8370530605316162
72,72,1,0.9967974,263.7073395503134,29.687123223225242,835.5395086670111,1.4222427490480352,-0.37951679882591766,-0.5311903953552246,-0.12505990266799927,-0.8379718065261841
73,73,1,0.9961505,259.82590232602166,29.351721368463682,822.2946541253232,1.4261503838408105,-0.3764771365466611,-0.5358827114105225,-0.1254327893257141,-0.8349229693412781
74,74,1,0.9963755,263.81254061754913,28.41012212099748,834.095262976516,1.3993704585206053,-0.3568704110138295,-0.5248454809188843,-0.11810338497161865,-0.842964231967926
75,75,1,0.99666363,263.0336598851224,27.695250909354716,831.1901772730362,1.276248567988064,-0.28746585306154676,-0.4812365770339966,-0.09954118728637695,-0.870920717716217
76,76,1,0.9965688,262.72912031809847,27.89220079326766,824.9059468833101,1.074394466987538,-0.12291635516802335,-0.40117165446281433,-0.05004999786615372,-0.9146345257759094
77,77,1,0.99674267,266.0757831153166,28.23326682707382,830.694726072817,0.7314953045844365,0.26237942009082177,-0.22789831459522247,0.0889098271727562,-0.9696171879768372
78,78,1,0.99628675,261.11115966211656,27.693747683410496,804.2543650339254,0.42845034218157224,0.6505441030830011,-0.03505346551537514,0.25115978717803955,-0.9673107266426086
79,79,1,0.996427,267.28395720702724,28.763263374784884,788.4989496012787,0.12142517327016415,0.9406289487539751,0.1644597053527832,0.36745786666870117,-0.9153839349746704
80,80,1,0.9951023,294.75368599344364,26.022697604076637,828.0999914421533,-0.25305443782273496,1.2315598365809686,0.34113621711730957,0.437143474817276,-0.8321848511695862
81,81,1,0.9975453,291.2222327346208,24.51515437769667,796.4103052942716,-0.4606576189735097,1.4245414345350842,0.4519840478897095,0.4888164699077606,-0.7461694478988647
82,82,1,0.99714065,304.4589467740207,27.00494391971095,801.6492580169046,-0.5141176237606034,1.3691104457557373,0.4671397805213928,0.4665415585041046,-0.7510788440704346
83,83,1,0.9958918,323.69678679665975,29.889327559105556,818.1503162214404,-0.5616060677702589,1.2777138333855673,0.4713769555091858,0.43129613995552063,-0.7692772150039673
84,84,1,0.9950637,333.3608910439521,31.91962747240279,823.5840378750087,-0.586046073108624,1.2487761879457113,0.4739435315132141,0.4189203381538391,-0.7745213508605957
85,85,1,0.9926843,333.4416340772793,32.506508598866816,810.6758696680422,-0.5512328194131559,1.2522730827287187,0.4629371762275696,0.4274195432662964,-0.7765318751335144
86,86,1,0.9919208,335.6057470371772,33.61706674867111,806.5622739496466,-0.5422027360014837,1.2967415025961408,0.456400990486145,0.44239896535873413,-0.7719982266426086
87,87,1,0.9902352,332.3213026923649,32.94180691590483,794.1475113129869,-0.535438250689428,1.317557590555258,0.45979923009872437,0.45385289192199707,-0.7632838487625122
88,88,1,0.98877907,342.9112158461835,33.10988894010866,811.3795936255516,-0.5836139054868292,1.363168021641238,0.4638932943344116,0.4576890766620636,-0.7585009932518005
89,89,1,0.9907967,351.6721845621517,34.02980010118144,826.8200393498663,-0.6256781516990062,1.3923238704836671,0.4682888984680176,0.4569798409938812,-0.7562241554260254
90,90,1,0.9906719,353.3630716591321,34.38291209040087,826.697390547839,-0.6215916086823327,1.3824601073723422,0.46565425395965576,0.45477622747421265,-0.7591737508773804
91,91,1,0.9927059,333.03263728473667,34.20686902917568,783.3555071136883,-0.5111161473640932,1.2768656399959932,0.45421120524406433,0.4475797414779663,-0.7703015804290771
92,92,1,0.98995894,322.6302850341753,33.89434318822335,761.114480491453,-0.44788752898334977,1.1810569508550783,0.4464271068572998,0.4312197268009186,-0.7840614914894104
93,93,1,0.99171233,322.6111179395685,32.76806324299977,762.883440968636,-0.4191217199397919,1.0826215839552453,0.4352688789367676,0.4025490880012512,-0.805292010307312
94,94,1,0.9902699,335.85567430023616,30.19725280090837,799.3468920852978,-0.45772176911021234,1.0338730803140683,0.4286413788795471,0.37491199374198914,-0.822014331817627
95,95,1,0.9955056,330.1302571527431,25.54098023297958,796.3657154504127,-0.4299270152365714,0.9410195598972456,0.42372170090675354,0.3514108657836914,-0.8348475098609924
96,96,1,0.99584335,328.4404507825911,25.135426936146985,797.5793443606759,-0.40240002242166273,0.869956551886264,0.41271287202835083,0.3291987180709839,-0.8492916226387024
97,97,1,0.9960828,325.9438878709481,23.751241317928017,796.5358869048546,-0.39543710298678647,0.8330435454961568,0.4128732681274414,0.3185478448867798,-0.8532660603523254
98,98,1,0.9958462,323.67620692412373,21.991622618415803,794.1175000990784,-0.3954424306827502,0.7948979116875119,0.41704753041267395,0.3078642189502716,-0.8551555871963501
99,99,1,0.99529725,327.7172956585425,21.96232475324601,804.6563483317585,-0.4170658761188788,0.7648512561349103,0.42079049348831177,0.29378220438957214,-0.858269989490509
100,100,1,0.995004,330.18476325427923,22.357421613110564,820.4220593234936,-0.43100851259286427,0.7545080160722331,0.4192396402359009,0.284850537776947,-0.8620315194129944
101,101,1,0.99263966,330.57239992487916,21.978863685503857,832.4117806799204,-0.43254669500424286,0.7322014371355552,0.41510340571403503,0.27440711855888367,-0.8674041032791138
102,102,1,0.9866828,313.6570805956642,20.345409465077502,791.6739231435819,-0.3544497986604064,0.6504939888910724,0.4095781445503235,0.2608431577682495,-0.8741890788078308
103,103,1,0.98954433,321.34620483264916,21.372591151947358,808.347167147857,-0.3802164635030968,0.631296630865889,0.4090125262737274,0.24832943081855774,-0.8780895471572876
104,104,1,0.98801523,326.30041543171825,21.331316500429114,822.0184107158316,-0.3877626089003366,0.595336916332499,0.40292540192604065,0.23277147114276886,-0.8851376175880432
105,105,1,0.98868924,330.37600506229757,21.275870562830146,833.9866602332421,-0.4300349889699986,0.6222449351858363,0.4154804050922394,0.2380150705575943,-0.8779093623161316
106,106,1,0.98880076,327.13333615842595,21.41327098734406,820.3400635339982,-0.41867825727992086,0.6021372847787028,0.41894277930259705,0.23439113795757294,-0.8772386908531189
107,107,1,0.9909099,323.4428170732338,21.710622530598318,812.8670475330324,-0.45854483137208435,0.6328650336058935,0.4456104338169098,0.24428799748420715,-0.8612518310546875
108,108,1,0.98742604,332.1602954852805,22.04723446208489,835.4906709637571,-0.5368534372442022,0.6788913312811107,0.4648894965648651,0.2512836158275604,-0.8489607572555542
109,109,1,0.9916121,337.0656110587232,19.834413863865834,851.7588351563451,-0.6232879589090519,0.7380983810070461,0.4914255440235138,0.26488885283470154,-0.8296594619750977
110,110,1,0.99117506,330.369066050565,19.434871901553393,837.2642148022629,-0.6460542583215111,0.7827479624229405,0.5121300220489502,0.28043654561042786,-0.8118363618850708
111,111,1,0.98766136,339.8830868057718,19.46011171826106,857.8957741524854,-0.7735974311646334,0.8315094742769537,0.5465214252471924,0.28374403715133667,-0.7879109382629395
112,112,1,0.9912451,326.52800992873927,18.853144214950508,823.2307914639003,-0.7747131691734453,0.7874535706066745,0.5734307765960693,0.2768295109272003,-0.771065890789032
113,113,1,0.9933628,325.68698850626794,16.912972166799978,824.7909917831904,-0.8298190395166264,0.8013491707423638,0.5929986238479614,0.278556227684021,-0.7554859519004822
114,114,1,0.9938564,332.50526249879994,15.22561363312431,842.4979771768685,-0.867894069867132,0.8034648937259238,0.5935835242271423,0.27549487352371216,-0.7561489343643188
115,115,1,0.99584633,327.3316447562633,15.484875757688519,836.3882146444303,-0.8521933554394723,0.8023984895344065,0.594292938709259,0.27644607424736023,-0.7552439570426941
116,116,1,0.994351,332.677589315896,15.217739525354597,849.6769765179642,-0.7996575040020039,0.8041056734229131,0.5653507709503174,0.2787121832370758,-0.7763362526893616
117,117,1,0.9951734,321.8445981676233,15.52198571740814,821.8717957191066,-0.6665621589061225,0.734449731638601,0.5352483987808228,0.27042925357818604,-0.8002356886863708
118,118,1,0.99584144,328.05761713672956,14.985417863561025,844.3397612074441,-0.5460820295515884,0.7470891847431074,0.4664331376552582,0.27733394503593445,-0.8399559855461121
119,119,1,0.9974138,298.51458517854167,9.822375019724404,789.0804048131246,-0.35460220473177606,0.7281256264178134,0.4225919544696808,0.2983262538909912,-0.8558139204978943
120,120,1,0.99647033,296.80044640528547,9.599614029042217,793.3561096672623,-0.28478880581401755,0.8404776885117112,0.38112619519233704,0.33938905596733093,-0.8599755167961121
121,121,1,0.9955628,275.1096922639678,16.235254286777657,738.1282672708124,-0.2622475554851263,0.95201690953567,0.4112544059753418,0.38939422369003296,-0.8241613507270813
122,122,1,0.9968901,291.3593626950421,17.61292425778895,778.2913813133468,-0.2581338759449938,1.0794458565785385,0.3700343072414398,0.41755396127700806,-0.8298935890197754
123,123,1,0.9978229,300.4085264992053,21.58486368625475,801.2599286566024,-0.3476437579155393,1.1397205410662827,0.398997038602829,0.4181514382362366,-0.8160580396652222
124,124,1,0.9962675,300.43810428553974,28.17910318214795,788.1186921349155,-0.3842090621467508,1.1249700329238363,0.4252803325653076,0.4092485010623932,-0.8072498440742493
125,125,1,0.9967649,295.97900926593394,32.13672704655443,771.0327241804918,-0.4063007003205991,1.0534800806389908,0.4522343575954437,0.3859747052192688,-0.8040570020675659
126,126,1,0.99548596,291.14037250884775,33.512225378215675,756.7389930600365,-0.3949392683025217,1.0035699756813756,0.4599209129810333,0.37330272793769836,-0.8056784868240356
127,127,1,0.99664706,300.29040861763843,34.58506316383263,783.8124121874201,-0.45794295021381853,0.9929212751121289,0.47145506739616394,0.35567012429237366,-0.8069875836372375
128,128,1,0.9971712,295.3981284638799,35.55678001255855,770.5431059346332,-0.4386850414916318,0.9082239017302122,0.4759528636932373,0.33152976632118225,-0.8145900368690491
129,129,1,0.9950547,297.45954900372607,35.6133158714226,770.8741000972614,-0.4625139232688927,0.8758940349224521,0.48683297634124756,0.3190416395664215,-0.8131457567214966
130,130,1,0.9934476,304.645388002356,36.68715484334057,789.0392361058058,-0.5023161737025356,0.8498411815089602,0.49202868342399597,0.30215880274772644,-0.8164605498313904
131,131,1,0.9935435,302.16795153398124,37.763391325364786,786.1020066803453,-0.5242438239262606,0.7874914148759481,0.507922351360321,0.27915170788764954,-0.814916729927063
132,132,1,0.9967347,300.4441246783849,37.53490710878829,780.5304545270445,-0.5117761314207449,0.7114987086699825,0.5082147121429443,0.2556720972061157,-0.8224047422409058
133,133,1,0.9977665,296.1957496585738,37.09124034380772,770.1577240434199,-0.39680638098432497,0.561019875402233,0.46325621008872986,0.2108963280916214,-0.8607649803161621
134,134,1,0.99804306,305.8515257347028,34.90185434326947,799.0987720997573,-0.1864508873779015,0.5051745894921156,0.3222927749156952,0.19341416656970978,-0.9266705513000488
135,135,1,0.9976076,312.27192916797026,35.31094359793903,824.7205697426825,0.13219866169227087,0.4718418652819763,0.10304731875658035,0.1755187064409256,-0.9790681600570679
136,136,1,0.9960632,281.60657709772454,33.54015704539513,773.272982655089,0.4797845346994584,0.3168290990834909,-0.09522917121648788,0.11886732280254364,-0.9883329272270203
137,137,1,0.98250824,265.01234610239663,29.98282136210967,776.2595087960981,0.743000782499551,0.14259408745528268,-0.24627262353897095,0.046623073518276215,-0.9680785536766052
138,138,1,0.9829632,251.69865939686497,30.282091157032472,747.3378503061125,0.9603449256574577,0.041664783765963914,-0.36967137455940247,0.003363720141351223,-0.929156482219696
139,139,1,0.9818242,249.46709831996523,30.039357947588616,745.0437815875953,1.1161358919232063,-0.003279814469101865,-0.45011842250823975,-0.015658969059586525,-0.892831563949585
140,140,1,0.9816797,251.54342840891604,30.03472297269866,753.1681253400535,1.1633728721099248,-0.008583655841341825,-0.4710027277469635,-0.018060579895973206,-0.8819469213485718
141,141,1,0.98730147,252.2892592033746,29.608463983254143,756.6572818595133,1.178275028228199,-0.05158907937574903,-0.4750482738018036,-0.032354045659303665,-0.8793647289276123
142,142,1,0.9881011,247.73430812007473,29.929492104126837,744.814851361169,1.1582527228499417,-0.08354131475660084,-0.4655555486679077,-0.04406914860010147,-0.8839207887649536
143,143,1,0.99180263,250.99745924165094,30.05838500630253,757.2965798193508,1.1557674378268725,-0.09553894375933027,-0.460747092962265,-0.04763151332736015,-0.8862524032592773
144,144,1,0.9905433,249.63723390395543,29.819113215685785,753.5687733059821,1.1225607821296326,-0.081810820628856,-0.44572126865386963,-0.042641401290893555,-0.8941556215286255
145,145,1,0.9903951,250.1627222032013,30.578143336559112,752.4219538234514,1.1039506318631958,-0.05648292506972367,-0.4386526048183441,-0.034626707434654236,-0.8979893922805786
146,146,1,0.9890485,260.7800668791993,31.039594762230834,785.5650239669209,1.10634522531808,-0.005830448220523993,-0.4368550777435303,-0.016778267920017242,-0.8993753790855408
147,147,1,0.98892015,255.94807559777746,31.65418621266934,772.2285620064716,1.104925080730433,0.0498344479817363,-0.44006410241127014,0.0014134765369817615,-0.8979652523994446
148,148,1,0.99187523,256.927410212249,30.459858601707072,772.2954057752695,1.0904488039630165,0.10683749279993426,-0.43599262833595276,0.02297358587384224,-0.8996569514274597
149,149,1,0.99446785,263.10673971230733,31.90975077768204,784.6654631630867,1.1184450051992483,0.0975551599528447,-0.44947925209999084,0.017020151019096375,-0.8931286334991455
150,150,1,0.99490213,262.6260538542666,32.06689296051949,784.5430953305481,1.1303170837745267,0.08943754810383236,-0.4544718563556671,0.013797440566122532,-0.8906542062759399
151,151,1,0.9950729,254.43787110478925,31.883514481047712,756.1646329628501,1.1516807103873026,0.06316859727599101,-0.4697125554084778,0.004825238138437271,-0.8828062415122986
152,152,1,0.9931323,251.18384131330313,33.27190786468424,742.5949739909233,1.1531253638361116,0.026162584124143427,-0.4725166857242584,-0.009823431260883808,-0.8812669515609741
153,153,1,0.99412054,267.9539433963994,36.27958582734052,792.540586933072,1.1913970531679312,-0.03181199527240043,-0.47851258516311646,-0.03208914399147034,-0.877494215965271
154,154,1,0.9945655,266.91312965885345,36.5552329587006,785.7847391534307,1.1911251758046202,-0.050158163800020444,-0.4798205494880676,-0.038603246212005615,-0.8765170574188232
155,155,1,0.99412596,261.42631814512737,34.44655199218762,764.3507419009957,1.1915399764874683,-0.07444340334193024,-0.48437225818634033,-0.04521997272968292,-0.8736925721168518
156,156,1,0.99581224,268.5604717667483,34.756424273961066,782.7690005441154,1.2046951734871199,-0.07886620805978077,-0.48737695813179016,-0.04607946053147316,-0.8719750046730042
157,157,1,0.99724424,263.93277013511903,33.89632752410015,765.2513568186419,1.21401267647865,-0.08459017231926676,-0.4957205057144165,-0.04794924333691597,-0.8671573996543884
158,158,1,0.99648666,265.4870477279356,33.34247657398979,763.5312868162813,1.175841156861788,-0.14232941902800217,-0.47779008746147156,-0.06630851328372955,-0.8759679198265076
159,159,1,0.9965192,257.00700308158554,33.58356215130331,740.4025218675891,1.1005240470123057,-0.20682319826921186,-0.44139495491981506,-0.0907742977142334,-0.8927096128463745
160,160,1,0.99720496,261.7531244155844,34.42311375957029,748.3666243372414,1.0084906778784164,-0.10522342539248018,-0.39995598793029785,-0.05563175305724144,-0.9148444533348083
161,161,1,0.9985177,262.0839988747593,33.08531424101317,736.0121623324167,0.9012991394167843,0.0431949458052607,-0.351806640625,0.001704631606116891,-0.9360712170600891
162,162,1,0.99826354,272.407934548743,34.78552485326767,753.5459245372477,0.7021812883502069,0.3603191163047821,-0.24178101122379303,0.1289859116077423,-0.9617196321487427
163,163,1,0.99786097,290.4237787055088,35.495388832796955,792.5313306235561,0.5195286735786766,0.83171677274741,-0.13919363915920258,0.30875107645988464,-0.9409027695655823
164,164,1,0.9977202,279.23225659293234,36.2296487743062,760.9505883222606,0.38435031713471324,1.0632920896401536,-0.03588194400072098,0.4142168164253235,-0.9094706773757935
165,165,1,0.99761534,289.8429851180591,37.25609831411658,789.6949781557875,0.32239703325506425,1.0130331686525915,-0.004874740727245808,0.3829188644886017,-0.9237691164016724
166,166,1,0.9974247,284.89954697657834,37.12814382757293,771.369034672256,0.31591226529181743,0.9055933988827051,0.008033820427954197,0.3521188199520111,-0.9359208345413208
167,167,1,0.99730515,294.60584815081353,37.12590813429168,797.5090575686189,0.2674710388472346,0.7930982602713303,0.03056621178984642,0.30022767186164856,-0.9533776640892029
168,168,1,0.99753064,293.35481802159734,37.21597859008106,795.2391946648617,0.253872503528542,0.5966429791330757,0.04502803087234497,0.22604519128799438,-0.9730755090713501
169,169,1,0.9976936,295.30921881454265,37.623785172339865,798.2889850717871,0.23719247309968938,0.4328423702036422,0.056382857263088226,0.16134417057037354,-0.9852862358093262
170,170,1,0.99790835,296.63308291033536,36.95319476912542,802.0110048495839,0.2070175285779133,0.3121193874881371,0.07685552537441254,0.11517024785280228,-0.9903681874275208
171,171,1,0.9979242,295.00953621279814,37.51083777562145,795.8390124870865,0.2074596982633057,0.22771572529108405,0.08027994632720947,0.08244749903678894,-0.9933567047119141
172,172,1,0.9980981,297.62090568850505,38.0276450246324,801.7121524129626,0.24049297696494187,0.18344499952733603,0.05408034846186638,0.06343317776918411,-0.9965197443962097
173,173,1,0.99765116,288.45196535242127,37.519897068382996,776.0769051388593,0.3035088101547253,0.08053075414603698,0.0248209610581398,0.024122484028339386,-0.9994008541107178
174,174,1,0.9978515,296.84837433223197,37.51465874688761,797.4367059219699,0.3109138468016647,-0.10889002935126584,0.010829566046595573,-0.04793023318052292,-0.9987919926643372
175,175,1,0.9977584,301.154236994199,37.42508867675145,809.6053726578172,0.30796919370510806,-0.21465575016365743,0.008667339570820332,-0.08503457903862,-0.996340274810791
176,176,1,0.997493,300.0085774270846,37.444423936711075,805.9913909995894,0.3074230520618023,-0.25569559015994653,0.011046968400478363,-0.09997687488794327,-0.9949284195899963
177,177,1,0.99732614,302.8880948598406,37.71767540275829,813.9276755078198,0.29971881773056186,-0.209331587195464,0.01181245967745781,-0.08289909362792969,-0.9964879155158997
178,178,1,0.99743444,302.05109565790184,37.06261677458014,811.6859373456399,0.30844569281306633,-0.09452838799248633,0.005545859225094318,-0.04124134033918381,-0.999133825302124
179,179,1,0.99742246,301.7610861416494,37.06794936933124,808.4874946686688,0.2940209879687104,0.011519976423600961,0.014143051579594612,-0.001950921956449747,-0.9998980760574341
180,180,1,0.9974751,300.6628750387201,37.65592441617063,806.0723529078756,0.25296012221148517,0.15138214679481238,0.04171672463417053,0.05105115845799446,-0.9978243708610535
181,181,1,0.9976954,302.1124697780915,37.75658254929447,807.8171995106559,0.21940333785305763,0.2928632205953409,0.06095992028713226,0.10568840056657791,-0.992529034614563
182,182,1,0.9977071,300.2024851505242,37.30549046501121,803.6552101407483,0.20106948344778336,0.4494694413266879,0.07437442988157272,0.16779835522174835,-0.983011782169342
183,183,1,0.99774796,298.7197408465145,37.6809861609715,800.3749247617975,0.16677780111882787,0.5725581690964437,0.0986161008477211,0.2161608189344406,-0.9713646769523621
184,184,1,0.9977963,298.08665855228963,37.220529135044565,794.8580328401003,0.13751542446317266,0.6486324568282211,0.11921664327383041,0.24788229167461395,-0.9614269733428955
185,185,1,0.9982364,297.15505932398264,36.45793807751205,794.1338225259914,0.10318080574432942,0.707299729572113,0.1431298553943634,0.271537721157074,-0.9517253637313843
186,186,1,0.9984541,299.6606863013186,37.11621485017807,798.5021801452173,0.07469827066761765,0.694538325535056,0.15878213942050934,0.2645348608493805,-0.9512147903442383
187,187,1,0.99681807,300.2851594241529,38.08992004231459,800.3560972956993,0.08157514433388888,0.6152301926873075,0.15437103807926178,0.23265796899795532,-0.9602290987968445
188,188,1,0.99834645,301.38944681993206,37.416258567508585,805.820021233927,0.09175861182389596,0.5223017407368563,0.14639629423618317,0.1965130865573883,-0.969510555267334
189,189,1,0.9983346,289.5661845105704,37.49406190017309,773.2547058132986,0.10588360954117451,0.3165664905316667,0.16086502373218536,0.12209712713956833,-0.9793950915336609
190,190,1,0.9983619,291.1597602046999,36.13570495553236,777.4285903319156,0.05088297218797839,0.253725128244217,0.19622448086738586,0.09901916980743408,-0.9755465984344482
191,191,1,0.998226,300.1759583975242,36.29387003471924,802.3177421139891,-0.017107490951507185,0.2425043253996862,0.22358715534210205,0.09240387380123138,-0.9702939391136169
192,192,1,0.9970553,287.69437083967676,35.34096100093177,764.8784202953276,-0.012856660455273401,0.27628445259786566,0.24718788266181946,0.11113813519477844,-0.9625728726387024
193,193,1,0.99602926,302.06384729507386,33.82307983137887,794.0207160611075,-0.14385955149446988,0.5972471481270435,0.3010309636592865,0.23071499168872833,-0.9252842664718628
194,194,1,0.99707234,298.9169776255878,32.165292328117715,786.9286846563523,-0.1990728468975591,1.0970682440220267,0.32639387249946594,0.41016465425491333,-0.8516055345535278
195,195,1,0.9968137,299.1359295498525,32.88808749445824,785.2604993519939,-0.28640410238104885,1.6751146443582914,0.34702321887016296,0.5749422311782837,-0.7409563660621643
196,196,1,0.9972813,301.90398772847186,35.860925336140305,793.0684874972608,-0.3727129124042119,2.3232213914573054,0.34443676471710205,0.7032259106636047,-0.6219618916511536
197,197,1,0.9923739,303.2622095467472,44.02016038076684,792.0858961717323,-0.4258410730408129,2.777275674079032,0.3381175696849823,0.7675552368164062,-0.5445507168769836
198,198,1,0.9960155,319.7040428584215,49.46096467829211,830.3075994649192,-0.4990007488893257,2.8143720442065923,0.3483397960662842,0.7514219284057617,-0.560378909111023
199,199,1,0.9946239,320.0363691694942,52.04254863866644,829.3672344226603,-0.47206979856096704,2.3148436563925596,0.371082603931427,0.670220673084259,-0.6427301168441772
200,200,1,0.99418384,325.44380379270757,53.96989904829976,840.6646668565144,-0.41890653399490074,1.9578070509775725,0.3615585267543793,0.5956317782402039,-0.7172853350639343
201,201,1,0.9920551,332.53232575017205,55.18200130489302,858.0009643620348,-0.4028089220120723,1.8207522891018497,0.3502815067768097,0.557267427444458,-0.7528319954872131
202,202,1,0.99190813,325.4590529004889,54.85729229296854,834.9050411506396,-0.3453889594533199,1.6805347826611035,0.3418116569519043,0.5357521176338196,-0.7720974087715149
203,203,1,0.995672,323.3024779172963,54.873656987207625,826.8955527397812,-0.33538692182490987,1.6188519122935126,0.3442923128604889,0.5232674479484558,-0.779521644115448
204,204,1,0.99345446,316.0928599895032,51.07908385204479,810.4046394305616,-0.29889990053823956,1.446564045666169,0.3450162708759308,0.48688530921936035,-0.8024378418922424
205,205,1,0.9926876,309.90095993486693,47.13271345562412,791.8038804999228,-0.26174523014526924,1.2476813857348903,0.3455049693584442,0.4397045969963074,-0.8290272951126099
206,206,1,0.99356973,304.8937193041402,44.587880935014226,781.9130137974176,-0.2507958679861374,1.0995771203702502,0.35399824380874634,0.3978545367717743,-0.8464024066925049
207,207,1,0.9927932,301.4162109796118,43.14496421347295,774.9491187839366,-0.25566271987521644,0.9568156929149331,0.36845603585243225,0.35221433639526367,-0.8603401184082031
208,208,1,0.9937662,297.9258013781768,41.74285559974366,765.6280094410967,-0.26598809504157217,0.8943215304468857,0.38401004672050476,0.3339526057243347,-0.8608205318450928
209,209,1,0.9959157,295.70286055693106,39.96822055201806,762.2406874546201,-0.2774811179656452,0.8714202878121673,0.39497071504592896,0.32793647050857544,-0.8581699728965759
210,210,1,0.9960983,302.4126639571813,39.10365084612442,779.466639516247,-0.3021863265734478,0.8562627875487709,0.3948380649089813,0.3171069920063019,-0.8622912168502808
211,211,1,0.9965887,308.95318794373276,38.49239237781429,795.4012581926348,-0.3155068300888357,0.8433554305160249,0.3890397548675537,0.30818861722946167,-0.8681405186653137
212,212,1,0.9962191,301.12162993241776,37.21178179777684,773.3598176964548,-0.2815368239008665,0.7504935558088303,0.3897992968559265,0.28434306383132935,-0.8759027123451233
213,213,1,0.996442,301.56910770013326,37.45732420118956,772.9201758406616,-0.26969347980072156,0.7035714146868728,0.3838536739349365,0.2676807940006256,-0.883743941783905
214,214,1,0.99684995,302.2066533849764,36.79984389941524,774.290763542549,-0.2613403525381396,0.6783609100816238,0.37819230556488037,0.25921887159347534,-0.8886935114860535
215,215,1,0.9962997,305.979969380074,35.193102469640564,781.5499361127378,-0.2611818302643718,0.6141775500787326,0.3719777464866638,0.23589418828487396,-0.8977675437927246
216,216,1,0.99641776,306.03004264965085,35.514113191019725,783.0970162844736,-0.26352633731530745,0.5513859482944088,0.3736875653266907,0.21184924244880676,-0.903037965297699
217,217,1,0.99680257,305.9837389302384,34.85734215581375,780.921772474397,-0.26145517462696993,0.5038723475585125,0.37403401732444763,0.195563405752182,-0.9065613746643066
218,218,1,0.99714214,306.06564269577,34.57460994005924,781.9583889528127,-0.26497840364070674,0.4601834158093587,0.37600383162498474,0.17934520542621613,-0.9090964794158936
219,219,1,0.99766123,307.26581351160775,34.18808965628836,784.9977405451481,-0.27846083403942096,0.43900905934793094,0.3813416659832001,0.17117787897586823,-0.9084474444389343
220,220,1,0.9974009,307.30816450187336,34.158757726285934,784.8612245218806,-0.28805822404594317,0.41678178121102183,0.3870229721069336,0.1628408432006836,-0.9075770378112793
221,221,1,0.9970962,300.3057796194376,33.81918496666697,766.0778153777409,-0.2684907803356299,0.39673913573775044,0.3917989730834961,0.15902210772037506,-0.9062039256095886
222,222,1,0.9961081,319.59992927184527,33.770982418538324,812.557485889521,-0.3510430790661834,0.4225497705324865,0.3971650004386902,0.1602790653705597,-0.9036429524421692
223,223,1,0.99510694,313.4669260234639,33.726424207294684,796.9036906742576,-0.3378400403637284,0.4124029196316358,0.40312761068344116,0.1591900885105133,-0.901191771030426
224,224,1,0.99529415,310.4808494063146,33.49107732172367,788.9641731154311,-0.32990930509495486,0.4092276775458102,0.4053837060928345,0.15962865948677063,-0.9001015424728394
225,225,1,0.99520457,311.3465243212257,33.33584132036767,792.6276952210337,-0.3515559283420448,0.43041553419843837,0.4145577549934387,0.16649386286735535,-0.8946628570556641
226,226,1,0.99742824,303.4464730702978,33.06650206623234,771.1650357395083,-0.3296102903302772,0.44850804984283116,0.4203440248966217,0.17732366919517517,-0.889869213104248
227,227,1,0.9974821,312.78134388684043,32.904762120763394,795.9575821977228,-0.38234822950117053,0.4893594099137706,0.4275907278060913,0.1869136542081833,-0.8844373822212219
228,228,1,0.9985135,313.4209746668047,32.56014666475573,800.7785284659461,-0.40188345872228587,0.5378106346307319,0.4344446361064911,0.20296604931354523,-0.8775321841239929
229,229,1,0.9983601,301.64772444623645,32.871469159787104,773.6777440903558,-0.35183511092618525,0.5877828961477839,0.43133416771888733,0.22717824578285217,-0.8731213808059692
230,230,1,0.99753916,313.72682242646147,32.247581281404706,795.591376478893,-0.37046392199149525,0.6558424163310603,0.41785675287246704,0.24740418791770935,-0.8741778135299683
231,231,1,0.99683326,305.8251287490289,32.09239364107872,775.6923968006295,-0.2982467415127986,0.6830999135204732,0.3942488729953766,0.2649972438812256,-0.8799684047698975
232,232,1,0.99780744,303.88188398483453,33.25460662145414,773.0893963969112,-0.2375852824430081,0.6795552910076679,0.3623851239681244,0.26539406180381775,-0.8934445381164551
233,233,1,0.998192,308.43116135623774,34.87664919996042,792.948913202834,-0.2177719554538529,0.7094046255180623,0.3370967209339142,0.2696385979652405,-0.9020314812660217
234,234,1,0.9978613,305.69564513408403,34.33077326619483,784.0338959530991,-0.17822889331298525,0.6962227699980041,0.3198438286781311,0.2692423164844513,-0.9084098935127258
235,235,1,0.99747545,311.5583848221453,34.763699987377976,799.4675541602904,-0.1856709783701614,0.7324876950517375,0.31129494309425354,0.2775416672229767,-0.9088817834854126
236,236,1,0.99670947,305.9529658521207,36.00775858088128,789.8734754302981,-0.17747525700222624,0.7597498604016006,0.31567081809043884,0.2887705862522125,-0.903860330581665
237,237,1,0.99551624,308.62597949345553,36.238604415835056,797.8462636946566,-0.19729500284491247,0.805943635497513,0.32064729928970337,0.3020891547203064,-0.8977346420288086
238,238,1,0.99531317,303.651336130073,37.37210763012177,787.0925514104274,-0.19121793275630755,0.8269859764873906,0.3261313736438751,0.311703085899353,-0.8924570679664612
239,239,1,0.9940753,289.5704597617964,39.868068264229926,759.5382694977039,-0.16083934693572846,0.8059268459113575,0.3350973129272461,0.31040439009666443,-0.8895835876464844
240,240,1,0.9947743,295.3716276599907,40.18074075080593,774.2131636728371,-0.19209005841646976,0.7954275270307201,0.3422006070613861,0.3003484308719635,-0.8903311491012573
241,241,1,0.99342644,299.7646966554897,39.074053406775455,784.6886247964871,-0.2149320068449352,0.7523579166981659,0.34781596064567566,0.2820238471031189,-0.8941401839256287
242,242,1,0.99429697,306.88985812006126,39.00481704262901,801.7460447628958,-0.2423985585202647,0.7012498149764615,0.3505500853061676,0.2582263946533203,-0.900240957736969
243,243,1,0.9934428,292.8119161298447,38.371869725688136,768.3028577547126,-0.19319061493650283,0.6183447415462928,0.351968914270401,0.23799465596675873,-0.9052493572235107
244,244,1,0.99248576,289.86264489354727,38.252889663018045,760.6770329210543,-0.18282642192716267,0.5329127952926221,0.35359203815460205,0.2075483351945877,-0.9120835065841675
245,245,1,0.9930419,307.28142055680024,38.537240259076476,805.4608234011213,-0.24355179690407464,0.4537119380678122,0.35281920433044434,0.16795223951339722,-0.9204947352409363
246,246,1,0.994919,295.18402461383346,38.690879095572164,775.9857392180485,-0.19624995965955053,0.28493516522631496,0.3510950803756714,0.10928189754486084,-0.9299407005310059
247,247,1,0.9926843,297.3668445652783,39.92792887599415,782.8554327480915,-0.20352449076509097,0.19611445435732,0.35003945231437683,0.0735904648900032,-0.9338397979736328
248,248,1,0.99083227,298.4025601389159,40.204751707503554,785.2322552559481,-0.2298834676486159,0.08424686858014915,0.3625982999801636,0.0319087840616703,-0.9313991069793701
249,249,1,0.9897821,300.376459615322,40.63551099934747,790.8951509228574,-0.2549093101896523,0.033676106712935014,0.37187138199806213,0.013260092586278915,-0.9281895756721497
250,250,1,0.99399865,287.8069163300481,42.720241797054506,762.4878905266002,-0.19943793405112273,0.05090247190552382,0.3656994700431824,0.016383975744247437,-0.9305887818336487
251,251,1,0.99590343,293.5328456118426,43.59245527742968,774.1276756951805,-0.18533099944661832,0.0909045326308749,0.3464105725288391,0.029786255210638046,-0.9376099705696106
252,252,1,0.99344385,289.523470556276,43.1958022888518,764.5243520596919,-0.16415453190707446,0.14130644447258875,0.342507541179657,0.049478065222501755,-0.9382113218307495
253,253,1,0.99285924,282.8449290686596,44.257232457898745,751.0584018854341,-0.12795612863118722,0.2828240833018872,0.3338388204574585,0.103977732360363,-0.9368779063224792
254,254,1,0.9915884,295.1417978371999,44.069992222299014,781.6240673408556,-0.1603632349061721,0.3482593516380158,0.3271786570549011,0.1258613020181656,-0.9365431666374207
255,255,1,0.9910444,281.9294047579309,43.9892741928605,748.7036426980493,-0.10212947091705335,0.36569323538404525,0.31908154487609863,0.13764262199401855,-0.9376788139343262
256,256,1,0.991338,275.238952764893,43.89383628019593,731.8647671994217,-0.08313295135196054,0.3407059685828741,0.32186129689216614,0.13026690483093262,-0.9377824068069458
257,257,1,0.9888981,278.36979948642056,44.390258204675966,741.7800060735584,-0.10244143859074684,0.33006199006197046,0.3266163766384125,0.12377437949180603,-0.9370174407958984
258,258,1,0.9894511,281.58502528458104,44.07244329971746,750.1629932019531,-0.11841628132515186,0.3406222050402523,0.3295016288757324,0.1272052675485611,-0.9355466365814209
259,259,1,0.9910376,276.7815156707126,43.83880887116913,735.4287869624656,-0.1035426779144778,0.35510393987985706,0.3317890465259552,0.13557001948356628,-0.9335613250732422
260,260,1,0.9916453,278.92552902956015,43.91919636820876,741.4169225178076,-0.12206839406643046,0.37736019623630085,0.33851149678230286,0.14336569607257843,-0.9299765229225159
261,261,1,0.9908099,274.54813077469447,43.944926967831385,727.1809151422235,-0.10642247504239805,0.40696772288556404,0.33961063623428345,0.1578952968120575,-0.9272181987762451
262,262,1,0.99115086,290.75108387596924,44.125925493628365,770.5129032206793,-0.16682783090869477,0.4711901158581202,0.339876651763916,0.17453651130199432,-0.9241325259208679
263,263,1,0.99395245,280.2797814332852,44.052128017123664,742.9342331765956,-0.12928477634859034,0.5017022358786447,0.33973363041877747,0.19257019460201263,-0.9205964207649231
264,264,1,0.9940797,280.56401225165155,43.65264450086253,739.5094076544434,-0.13345794757965665,0.5421990565190644,0.34292131662368774,0.21000635623931885,-0.9155884981155396
265,265,1,0.99200106,280.6025362260343,43.415635136299294,740.2138867577341,-0.14448787087500378,0.5626031356395516,0.3492661118507385,0.2179444432258606,-0.9113250970840454
266,266,1,0.9924334,276.2363173526107,43.01332413533663,727.6623797715234,-0.12761640319370315,0.5718608668104169,0.348937064409256,0.22564631700515747,-0.9095749855041504
267,267,1,0.9933495,277.7613522238617,43.23554261104866,731.9891406543716,-0.1369767404341442,0.5902491334881267,0.3509294390678406,0.23137037456035614,-0.9073678255081177
268,268,1,0.9952187,274.2340528437653,42.94940257488878,721.2808871916632,-0.11975565490151265,0.6218378691516739,0.3480774462223053,0.2477828711271286,-0.9041270613670349
269,269,1,0.99323285,272.6685238335466,42.7612881679529,716.2606334617535,-0.13159245053129576,0.5830789118604081,0.3606756627559662,0.23326630890369415,-0.9030503034591675
270,270,1,0.9927763,281.4173392811841,41.81084021888092,741.4539556578502,-0.18548348405056717,0.5560271184567349,0.3733569085597992,0.21597802639007568,-0.9021962881088257
271,271,1,0.9914449,291.59430502549145,41.60727628048755,769.8586910260801,-0.22947273791060788,0.5603187487982756,0.37573790550231934,0.21048203110694885,-0.9025067090988159
272,272,1,0.9901967,290.94950276215303,41.055432861734765,768.7034953292341,-0.2312755885679893,0.6207907693065634,0.37696996331214905,0.23406483232975006,-0.8961625695228577
273,273,1,0.98839825,288.9926187885991,40.68685474322257,768.5691831193059,-0.2069961348747959,0.6918922718976982,0.3632878065109253,0.26181259751319885,-0.8941342830657959
274,274,1,0.99152315,288.45016761669723,40.2329484425481,774.3028097750415,-0.16303684326567375,0.7826772224897183,0.3326955735683441,0.2958982586860657,-0.8954092860221863
275,275,1,0.9967295,280.1130531439838,43.24937234111557,763.4365272478516,-0.09814567957689257,0.866051775682171,0.3039920926094055,0.3288053870201111,-0.8941341042518616
276,276,1,0.9953797,277.1574412352462,45.94271663512185,760.172288458128,-0.05054034855316133,1.0081425950153586,0.2737698554992676,0.380906879901886,-0.8831534385681152
277,277,1,0.99826294,275.6982295643298,49.36938733992974,760.1545429206702,-0.0007122329252373761,1.1143837132872951,0.23948068916797638,0.41716691851615906,-0.8767101764678955
278,278,1,0.99712986,285.7763180689592,52.77487794109243,789.5333187860037,-0.0012223827474218323,1.1756955203720254,0.21796780824661255,0.42191001772880554,-0.880046546459198
279,279,1,0.9955581,292.949476275217,53.696889334689935,810.0982269474547,0.003069143229843806,1.1699220710107285,0.20190982520580292,0.41029441356658936,-0.8893204927444458
280,280,1,0.99571794,298.07991828345524,54.05591271765579,825.8849831318697,0.003168996061737377,1.1426673876630646,0.19302406907081604,0.39415615797042847,-0.8985447287559509
281,281,1,0.9955199,302.45193048856146,55.652683677834126,834.7489835830576,-0.005553260084315362,1.1596217649082867,0.19112922251224518,0.39448702335357666,-0.8988044857978821
282,282,1,0.99593383,307.716273119801,55.1192064968364,851.4530764832119,-0.048317327357465134,1.2784474128519705,0.2044101357460022,0.425540953874588,-0.8815505504608154
283,283,1,0.99543756,289.93503073942094,55.70152352589688,802.945648700358,-0.027845619368484113,1.3794857073846452,0.2199687659740448,0.47858309745788574,-0.8500423431396484
284,284,1,0.9938454,288.79214002508303,55.393316589344444,802.6887548158617,-0.08499452290874465,1.43140595539087,0.2545577585697174,0.49206921458244324,-0.8325072526931763
285,285,1,0.9932688,281.04614182995283,55.38450850790921,782.3632096349193,-0.12428537582272112,1.3218714797080267,0.2977485656738281,0.46414610743522644,-0.8342146873474121
286,286,1,0.98990846,280.4386585147939,54.24238594924611,786.4193562164602,-0.17275074557292455,1.1325179437759414,0.3338252007961273,0.3977798819541931,-0.8545945882797241
287,287,1,0.9901447,266.3673439016018,55.382421693722485,759.0494362791902,-0.1529875894613109,0.8084384370852384,0.3593147099018097,0.2901539206504822,-0.8869631886482239
288,288,1,0.99232554,267.20937481474994,56.693908480668206,777.3817296010134,-0.18124550963047478,0.5447517048213236,0.3725173771381378,0.18316784501075745,-0.9097693562507629
289,289,1,0.99457306,262.3500126310988,57.284013152833296,773.6648790408452,-0.18184398145978015,0.37612445835602215,0.38085198402404785,0.11898164451122284,-0.9169487953186035
290,290,1,0.9948207,257.22173361527456,58.15970029401666,772.4830947406691,-0.18165324899102778,0.34148689891151907,0.38689133524894714,0.10466369241476059,-0.9161663055419922
291,291,1,0.99633163,257.11831075276604,59.69033000210442,776.1858062724077,-0.18861870596428756,0.3901695151557437,0.3894592225551605,0.1205512285232544,-0.913120448589325
292,292,1,0.99346244,259.10160903864966,60.317398332453024,790.6415228594236,-0.19496848515337187,0.44528571560209473,0.38445937633514404,0.138241708278656,-0.9127323031425476
293,293,1,0.98430043,256.0964229483041,60.62114223503355,791.7673757677794,-0.1783268785463469,0.49156583942930143,0.37744149565696716,0.15481685101985931,-0.9130003452301025
294,294,1,0.98224556,255.2388739370684,60.192721831713094,792.4153131761506,-0.14753496180389214,0.5314586575139116,0.3598649501800537,0.170444056391716,-0.9173036813735962
295,295,1,0.98983663,251.5965773062418,59.56206236148669,778.693713149928,-0.11809123884244173,0.5339266397487697,0.3520321249961853,0.17513111233711243,-0.9194576740264893
296,296,1,0.9897512,260.3456325343581,59.21166463437765,804.2786258091123,-0.11350227919303532,0.5508010789604572,0.3290136754512787,0.17733345925807953,-0.9275251626968384
297,297,1,0.9905233,257.29373803936204,58.146759411805824,788.9937843140679,-0.06309269378010629,0.5258697369013676,0.3076421618461609,0.17288465797901154,-0.9356639981269836
298,298,1,0.9891866,260.4359236990585,57.592303134560474,796.933913570898,-0.04868037807979429,0.5122351363343518,0.2921837568283081,0.16711898148059845,-0.941647469997406
299,299,1,0.9955455,258.015274704512,57.820583122737844,786.7033645728128,-0.031080749554545834,0.48958138041895327,0.28776541352272034,0.16021260619163513,-0.9442049860954285
300,300,1,0.99331313,262.85461002562846,57.68875177871598,790.0239883382665,-0.04753852176292258,0.4890544547561216,0.2912755012512207,0.15970951318740845,-0.9432134032249451
301,301,1,0.9934563,256.6204506925117,56.32557449033931,764.0305780789049,-0.02907442387457967,0.5016297279117412,0.2961653470993042,0.17141379415988922,-0.9396293759346008
302,302,1,0.9947802,266.775657165306,58.569050705622494,787.3285371880653,-0.07227976225247672,0.5820128357082079,0.3022955656051636,0.19467027485370636,-0.9331242442131042
303,303,1,0.9951763,272.7255649930635,58.9622713433867,799.7281155642751,-0.13220502986069452,0.6820333675346553,0.32632237672805786,0.22794298827648163,-0.9173634052276611
304,304,1,0.9952369,270.72931692095744,58.59857049768268,789.0633766007555,-0.1498483236588337,0.8159678042813772,0.3405876159667969,0.2799544930458069,-0.8975664377212524
305,305,1,0.9949936,275.1208815201326,57.17938756137706,798.7436551304991,-0.2029496599709,1.002762166929205,0.35780444741249084,0.34273388981819153,-0.8686250448226929
306,306,1,0.9952388,283.4266033776558,59.44780050635067,819.1717783129889,-0.27430595038094685,1.2243380351711273,0.37358376383781433,0.4028407335281372,-0.8355564475059509
307,307,1,0.9968079,285.4570181491209,62.5185040557933,824.683914932744,-0.3256407255435849,1.3792140001299273,0.3906692862510681,0.4419630467891693,-0.8074938058853149
308,308,1,0.9941193,281.3893301600188,62.81910274697359,807.1820515436907,-0.3565091260382296,1.4856003897148895,0.41160479187965393,0.4767698049545288,-0.7767059206962585
309,309,1,0.99495727,280.65609546930017,63.302023824373975,805.447669686355,-0.36593324739630784,1.5473832551090578,0.4144183397293091,0.49367469549179077,-0.764553964138031
310,310,1,0.9948906,286.3952330910429,63.627478925600535,816.9502135846382,-0.3870387061772591,1.5283046485190166,0.4165351390838623,0.48233646154403687,-0.7706166505813599
311,311,1,0.9965947,278.639409640467,60.340769947126624,792.5246622999811,-0.34990752645125434,1.4192838580368932,0.41934359073638916,0.4657597243785858,-0.7792424559593201
312,312,1,0.99230266,278.67031694196294,55.69087129020928,792.7474322997144,-0.32578369908639276,1.2351357581217102,0.41484570503234863,0.415651798248291,-0.8094051480293274
313,313,1,0.9916632,277.42703909791413,52.5719036489574,789.1473846212797,-0.28865960331841717,1.0385068477424002,0.40525761246681213,0.35850176215171814,-0.8409773111343384
314,314,1,0.99313545,277.08010641021275,49.78502341319271,791.5455251660437,-0.2776310960599344,0.8823870697622507,0.40327680110931396,0.30777326226234436,-0.861767590045929
315,315,1,0.9903295,271.5905357184661,49.098309666678716,777.8441752967769,-0.2448255137210475,0.8075114685800459,0.39861080050468445,0.28737643361091614,-0.870932936668396
316,316,1,0.9886679,261.22282257324485,48.30716900597459,748.2082491839454,-0.21426109744826471,0.7207950734186882,0.4076269567012787,0.2656184732913971,-0.873663067817688
317,317,1,0.9891067,265.07640155327584,47.465694583511485,761.2039747990983,-0.23618518836068386,0.6849535188845437,0.4107809364795685,0.24896657466888428,-0.8770830035209656
318,318,1,0.99322504,253.9546952683719,46.67829177621618,732.0544179612385,-0.18980967419002398,0.629855639288347,0.41067618131637573,0.23771147429943085,-0.8802490830421448
319,319,1,0.9926736,255.81582335027716,46.90930079728083,737.2505993424106,-0.1956758110328338,0.6052485133209244,0.4100865423679352,0.22647206485271454,-0.8834814429283142
320,320,1,0.9938275,256.9808844540534,46.28976895034998,741.8528074589934,-0.1950428549670744,0.6101506956410419,0.4060685336589813,0.22808414697647095,-0.8849214315414429
321,321,1,0.9924136,258.44344300760446,46.226370152176166,748.0358162965616,-0.19916872426778312,0.6370383667795136,0.4034680128097534,0.2368040233850479,-0.8838198184967041
322,322,1,0.992708,254.15229019925872,46.40656840587442,736.9476213314528,-0.19555591987440224,0.6202394651074247,0.4116531312465668,0.23277133703231812,-0.8811125159263611
323,323,1,0.9960444,257.20699884451307,45.87186536198073,743.3289000887615,-0.22429250033602113,0.5889104206071111,0.42246729135513306,0.21898935735225677,-0.8795254826545715
324,324,1,0.99430853,261.78924381552264,45.367180795140094,752.8566987550427,-0.2583013403747709,0.5396166383605077,0.4329303503036499,0.19797326624393463,-0.8794190883636475
325,325,1,0.9929646,267.9804924296761,45.46232284002354,769.1697996262982,-0.30446028839443756,0.47729456965829503,0.44459354877471924,0.17058001458644867,-0.8793401122093201
326,326,1,0.9903054,264.01430545282363,44.580000668612875,759.6184088063106,-0.2958757744028704,0.37671533742400454,0.4490950107574463,0.13588938117027283,-0.8830898404121399
327,327,1,0.98999,264.4954867300656,44.55775851892427,761.7805011236265,-0.3181756308323719,0.3037427361330991,0.4594041109085083,0.1083318218588829,-0.8815963864326477
328,328,1,0.98910236,257.43635013423085,44.12742993226573,740.9571133030269,-0.2902407840349177,0.2535710234441499,0.46191760897636414,0.09226524829864502,-0.8821106553077698
329,329,1,0.9891663,254.372451783405,44.34340214504533,734.4091389412755,-0.27653762967354434,0.21896131868973778,0.46076008677482605,0.07939062267541885,-0.8839667439460754
330,330,1,0.9921822,263.22022003758246,44.87010118401597,760.0113146892164,-0.3218882456608441,0.2240916510962237,0.46308189630508423,0.07873695343732834,-0.8828112483024597
331,331,1,0.99473673,266.37948820741667,44.86333789139385,770.4167986351459,-0.3391533927481843,0.21139862321717337,0.4636605978012085,0.07338972389698029,-0.8829682469367981
332,332,1,0.9951539,261.50574831088625,45.46502451623778,757.0160614340388,-0.3167575221527463,0.17409444934602514,0.463122695684433,0.059800464659929276,-0.8842744827270508
333,333,1,0.9952807,261.49623261763196,45.130939026441446,757.8705544382419,-0.3211842100566058,0.15351968002515196,0.4647600054740906,0.05264750123023987,-0.8838701248168945
334,334,1,0.99354315,265.27929503340823,46.42477470949594,768.3964983918457,-0.3333115147819101,0.21864973213962918,0.46283668279647827,0.07422856986522675,-0.8833302855491638
335,335,1,0.989316,266.6729478141605,46.11575788924248,770.1404071962615,-0.30502713554728833,0.34897056479720245,0.4462771415710449,0.12229479104280472,-0.8864991068840027
336,336,1,0.99036425,267.606502294288,47.4985025917029,772.2943770879195,-0.2679896123357015,0.5280565253249968,0.42331069707870483,0.18716764450073242,-0.8864402770996094
337,337,1,0.9892665,263.10329011300706,49.79880625130676,757.4478914354683,-0.22679454220077158,0.7485523096651128,0.4081096053123474,0.27103641629219055,-0.8717716932296753
338,338,1,0.9907178,276.85291852661544,53.922384160914156,797.8248347835338,-0.26634745904996293,1.0400275910895465,0.39024943113327026,0.35577619075775146,-0.8491929769515991
339,339,1,0.99243623,270.8700843189807,54.78455498961946,778.7277318437933,-0.23197879610915634,1.291169384792054,0.3744070529937744,0.4465833008289337,-0.8126393556594849
340,340,1,0.9962813,271.6192831908132,57.028516603535174,776.2811965852884,-0.23051835732452036,1.5189917116683407,0.362225741147995,0.5155037045478821,-0.7765620350837708
341,341,1,0.9976094,286.6412311691349,60.084505378275175,817.0027443177187,-0.3092443544739228,1.7291535071183797,0.3648615777492523,0.5477012395858765,-0.7529272437095642
342,342,1,0.9972934,294.82600650171634,61.40179755207243,841.9682090571845,-0.3603628220634385,1.8638611565251881,0.36795979738235474,0.5663276314735413,-0.7374812960624695
343,343,1,0.99701947,284.04799556369613,60.62029415553092,811.171412174425,-0.33708558807349803,1.8468641123971254,0.3764296770095825,0.5765846371650696,-0.7251558303833008
344,344,1,0.99724185,277.9484617852476,61.54866713481872,795.6018356614244,-0.33518555877930933,1.692688343986086,0.3959185481071472,0.5420454740524292,-0.7412389516830444
345,345,1,0.99689734,276.3729801361561,60.347455998727014,790.5699816014563,-0.3329667693533188,1.4677009297956514,0.41091489791870117,0.48206496238708496,-0.7737972736358643
346,346,1,0.99020827,274.98177586393996,57.63460184681457,784.274458670542,-0.3140822173376685,1.1515669746902404,0.4198824167251587,0.39030975103378296,-0.8193638324737549
347,347,1,0.99067104,276.30203749694164,54.27926847203253,792.2806252144957,-0.3105581504862136,0.85934570045298,0.4229523837566376,0.29256337881088257,-0.8576233983039856
348,348,1,0.991235,272.5811526391248,53.14869706399353,782.8449444250497,-0.3051922380742287,0.6180484413641306,0.4330408275127411,0.21036477386951447,-0.8764829635620117
349,349,1,0.99389416,272.2456201788846,52.341178487704205,783.1976799048065,-0.32985554337868844,0.42969590705546307,0.4479028880596161,0.1423410177230835,-0.8826789259910583
350,350,1,0.9936347,275.06599839880033,52.10394035752103,793.7701205772977,-0.35173872920839416,0.33829462177043046,0.45145291090011597,0.10830976814031601,-0.885697066783905
351,351,1,0.99231017,274.5237575249653,52.55536331835551,794.5176475315203,-0.34410763783338866,0.277275651494572,0.44744494557380676,0.08602534234523773,-0.8901643753051758
352,352,1,0.9927031,268.68602881378365,51.37160852760557,777.2622595438899,-0.3095487755780672,0.3215494772578483,0.44349405169487,0.10503044724464417,-0.8901020288467407
353,353,1,0.9941147,264.29260815469354,49.321695846110494,767.2127860783347,-0.241628426908249,0.44058919905572724,0.415325790643692,0.15363816916942596,-0.896604597568512
354,354,1,0.9925013,264.10409663214205,48.20873384678353,770.0582798210013,-0.1913666557040425,0.5871698849128907,0.38374650478363037,0.2107119858264923,-0.8990767598152161
355,355,1,0.9927683,262.9381742315309,48.3837767428318,766.2356333199214,-0.13725048923815875,0.7954093007417574,0.35007432103157043,0.2914738357067108,-0.8902196288108826
356,356,1,0.99359,271.0920739143075,51.7531424619325,787.5017586513155,-0.13626597299408275,1.0571528104518575,0.3245167136192322,0.3748714029788971,-0.8684240579605103
357,357,1,0.99416625,273.9224890110067,55.36485816305578,794.411646692504,-0.13198349877998242,1.2842123340450928,0.30822592973709106,0.4446461796760559,-0.8410032987594604
358,358,1,0.99664897,278.51315287141955,57.89269999803033,807.3001281780463,-0.1692315371532673,1.4969354021737633,0.3118091821670532,0.4999305307865143,-0.8079879283905029
359,359,1,0.9974993,277.2873489703396,60.9715106183844,806.2120393385885,-0.1765684621983749,1.5610798511759207,0.3150804936885834,0.5156165957450867,-0.7967833876609802
360,360,1,0.9971847,276.5050854629382,60.522728597520434,804.2773771895459,-0.20644150829873237,1.5788642333610334,0.3322398364543915,0.5194498896598816,-0.7872664332389832
361,361,1,0.9958234,268.58286674987073,61.61115739321739,784.6964902294812,-0.20015537514092674,1.5557456293265333,0.34466561675071716,0.520235002040863,-0.7813841104507446
362,362,1,0.99611664,270.87092096867633,63.03548483012444,795.7318845260603,-0.21320046147101715,1.6143587753413586,0.3431309461593628,0.5297040939331055,-0.775676965713501
363,363,1,0.9967393,271.0820295471654,63.07172211675125,800.3373984893018,-0.2305406401307162,1.6568624370449971,0.34862130880355835,0.53774493932724,-0.7676545977592468
364,364,1,0.9973189,269.54479208184756,64.33422208493094,802.9397105615893,-0.22527770372836314,1.6902849790161012,0.34495067596435547,0.5447445511817932,-0.7643706202507019
365,365,1,0.9947154,268.04901117562594,65.51857528982312,809.9541676072789,-0.20934827087513072,1.683456917102245,0.33635440468788147,0.5396692156791687,-0.7717660665512085
366,366,1,0.98655206,263.0193091785333,65.05690288230238,805.1815171737068,-0.17648000816007756,1.6426174724299467,0.32702067494392395,0.5329023599624634,-0.7804310321807861
367,367,1,0.9806162,250.47286342005205,64.39219588549084,780.8820269826671,-0.11525411319577197,1.5873713703507095,0.31576576828956604,0.5324476957321167,-0.7853608131408691
368,368,1,0.9827601,246.23085901421715,64.9984442225953,776.116983394389,-0.10423029730520143,1.6094191321060687,0.3143726587295532,0.5407663583755493,-0.7802189588546753
369,369,1,0.9866775,248.74979100397135,66.14718460595519,790.7621977767989,-0.1273156785437032,1.6711659829997032,0.3174790143966675,0.548332929611206,-0.7736524343490601
370,370,1,0.9875009,247.26742350212257,64.59471077174967,795.7149836139282,-0.13607400061601158,1.7046473960345976,0.3203926980495453,0.5552533864974976,-0.7674908638000488
371,371,1,0.99008864,245.39880151464388,64.84778590883502,795.1299663582248,-0.1388386538470432,1.6925745377084735,0.32478073239326477,0.5514143109321594,-0.768413782119751
372,372,1,0.99355996,248.3687240535562,66.6435732480257,809.3966613923809,-0.150064998913858,1.7200349529661878,0.322646826505661,0.5500211119651794,-0.7703089118003845
373,373,1,0.99222165,245.3722292331515,65.25819094604277,799.9903203231838,-0.1202479672764312,1.6767995573504582,0.31393271684646606,0.5459182858467102,-0.7768008708953857
374,374,1,0.9896909,245.56274813757872,64.87705467273194,805.1022981886402,-0.08917288693458965,1.7115090142041947,0.29287824034690857,0.5557053089141846,-0.7780835032463074
375,375,1,0.9870012,246.81303218658613,65.90619796357865,805.749331760503,-0.05559444796131481,1.760220177604728,0.2699021100997925,0.5704150199890137,-0.7757445573806763
376,376,1,0.98957586,248.10116610253718,65.92116121623759,811.0050877131393,-0.055155758743928626,1.7049571099443181,0.2696473002433777,0.5530372262001038,-0.7883148193359375
377,377,1,0.9934048,243.92734527546665,64.17418135860493,800.1010169302344,-0.05526857480161522,1.40629335993268,0.29066863656044006,0.47192293405532837,-0.8323464393615723
378,378,1,0.99156415,248.13850512595434,61.49339872520208,805.0996798489823,-0.07155564056401899,1.0612503910624147,0.3066924214363098,0.3586004674434662,-0.8816720247268677
379,379,1,0.9901704,236.8107188367844,57.117424703077404,768.0158360509262,-0.02496137811801621,0.6764027323485619,0.313519686460495,0.23603254556655884,-0.919779360294342
380,380,1,0.9845233,234.7987961294941,53.346641811520804,764.0229528103891,-0.04225405901907126,0.36783724181218164,0.3313792645931244,0.12137258052825928,-0.9356582760810852
381,381,1,0.9915766,229.190022762204,50.6955132303915,744.0264315306935,-0.07997753217110803,0.09574901475224144,0.36838412284851074,0.02088388055562973,-0.9294390678405762
382,382,1,0.99000645,228.91378907543665,48.82711626653443,738.337003385669,-0.13059446793257543,-0.09949722509115204,0.3977433145046234,-0.04940701648592949,-0.9161654710769653
383,383,1,0.98874223,239.26518982941,47.059972390380274,763.0113751176428,-0.203181848080078,-0.19793824822705816,0.4136927127838135,-0.07843125611543655,-0.9070318937301636
384,384,1,0.9890798,233.14970151866171,44.39638540377186,732.4128524546439,-0.17608423125261485,-0.24580704798991468,0.4179059863090515,-0.09595349431037903,-0.9034088253974915
385,385,1,0.98689646,239.39874485358072,43.985309037868575,743.1519325205217,-0.21242359550313733,-0.30030381844387233,0.4246225953102112,-0.11199977248907089,-0.89841628074646
386,386,1,0.9921679,248.009950518697,42.51790596535698,763.9392996581414,-0.2748417065180398,-0.3634435919864738,0.4373096823692322,-0.12633612751960754,-0.8903927803039551
387,387,1,0.99208844,242.12667069820282,42.427583217237,741.2693686302104,-0.2595667074715202,-0.4106626631363959,0.4437403678894043,-0.14561031758785248,-0.8842467069625854
388,388,1,0.99178207,247.07151195398433,40.376206859642956,748.0565345171908,-0.2683514866234169,-0.4268324770007548,0.4398488402366638,-0.14739559590816498,-0.8858936429023743
389,389,1,0.9968522,250.18326381706285,37.85833406811387,747.4215025825423,-0.2533368431466894,-0.3936156342581797,0.43076273798942566,-0.13452370464801788,-0.8923826217651367
390,390,1,0.9976285,243.535799062439,37.03329248593221,719.1539301589833,-0.1720768789839092,-0.32777737894775727,0.40856626629829407,-0.11851799488067627,-0.9050012230873108
391,391,1,0.9969651,249.45076278442022,36.743679461196415,735.3423903798248,-0.17115114890794933,-0.2684413501863125,0.3962090015411377,-0.0952005386352539,-0.9132115244865417
392,392,1,0.9964528,259.70242212822376,36.33228428699608,762.9077456044934,-0.1736819038836897,-0.2097621868397408,0.3761371374130249,-0.07137203961610794,-0.9238110780715942
393,393,1,0.9956915,258.2605203505895,36.013411526600585,756.3385981373103,-0.11264028886658044,-0.13828760966652323,0.3462797701358795,-0.047629471868276596,-0.9369214177131653
394,394,1,0.99615556,259.93957064627415,36.65536045971726,759.9759377060747,-0.059953623520924176,-0.09736733772204399,0.3113346993923187,-0.034702252596616745,-0.9496665000915527
395,395,1,0.9973061,263.56431162885025,36.38836775478246,771.1936910912835,-0.04424826248569988,-0.048247493311188314,0.2937735617160797,-0.016094619408249855,-0.9557395577430725
396,396,1,0.9976928,252.60844954560523,37.37740657868588,740.4817958533076,-0.018709986715749888,-0.07058158530305644,0.3016553223133087,-0.027289927005767822,-0.9530264139175415
397,397,1,0.99849236,260.29355689252014,37.31802791453838,757.2373399429435,-0.07681644843548673,-0.06806053674964269,0.3229016363620758,-0.024198755621910095,-0.9461231231689453
398,398,1,0.9973035,274.76515581491043,36.54284574941841,789.8432105205361,-0.15389700283085933,-0.12245926854144157,0.3392931818962097,-0.039901476353406906,-0.9398340582847595
399,399,1,0.99704474,272.9725166507563,37.015567845267725,776.6659992486929,-0.181158754476065,-0.14535836953197037,0.36187413334846497,-0.048442285507917404,-0.9309674501419067
400,400,1,0.9964882,281.4462420533336,37.45187994258823,791.3473358093712,-0.23518752766310513,-0.1574456363332362,0.37707778811454773,-0.05088062956929207,-0.924782931804657
401,401,1,0.99640346,281.3247331959408,38.629588862533275,768.1232920880466,-0.25258264963614535,-0.16218953409398645,0.3967810869216919,-0.054770153015851974,-0.9162778258323669
402,402,1,0.99256027,281.32594899188103,39.089033066301816,756.0413890732788,-0.2473967322781325,-0.17448086136148297,0.3989986479282379,-0.06068883463740349,-0.9149409532546997
403,403,1,0.99220806,298.6827223798041,43.00514512518628,793.0456565661676,-0.29650383687970944,-0.1324960906712022,0.3928292691707611,-0.047245174646377563,-0.9183970093727112
404,404,1,0.98761487,304.29871289490444,44.89166223493987,797.2518234665962,-0.2818197307397938,-0.06923008225894754,0.37851330637931824,-0.027842313051223755,-0.9251769781112671
405,405,1,0.98411936,303.0169718970572,45.065689811666005,789.7930131607178,-0.2511601900913058,0.012856649901400754,0.36712390184402466,0.0002568767231423408,-0.9301719665527344
406,406,1,0.98778963,309.78838370745206,46.91310248647511,802.8568204467903,-0.2586727720465862,0.09070187635156653,0.35977962613105774,0.02597554214298725,-0.9326756596565247
407,407,1,0.9875092,305.5677768557994,46.56968445550931,791.3117002618474,-0.24993282398513555,0.17815299632872833,0.36483997106552124,0.05855490639805794,-0.9292271137237549
408,408,1,0.9868744,305.47209324162804,46.61137894128856,791.8000813125951,-0.2723358583681383,0.24147350193870062,0.3779488503932953,0.08185628801584244,-0.9222007393836975
409,409,1,0.98660314,305.7214724190167,47.36507895954,794.3220328190986,-0.281298522517699,0.30164889470822537,0.3818899989128113,0.10276950895786285,-0.9184762239456177
410,410,1,0.9875919,309.6148176658093,47.15183154477964,806.9043768631976,-0.32244954783575575,0.34722836524578765,0.39532986283302307,0.11802812665700912,-0.9109246134757996
411,411,1,0.98467827,298.9505008643842,47.37972328401992,779.4090854095324,-0.2928032720135919,0.34441780391382304,0.4022143483161926,0.11999974399805069,-0.9076473712921143
412,412,1,0.9900031,295.01889177571803,47.07069132093746,772.5111799826168,-0.26763457364184906,0.34531444090241065,0.39519941806793213,0.12164638936519623,-0.9105051159858704
413,413,1,0.9876551,300.8829887671873,47.73247801017087,791.2305831510176,-0.2679124908963396,0.362605711658941,0.38076141476631165,0.12496677041053772,-0.916189968585968
414,414,1,0.98984027,299.00718827981115,47.07696883287042,787.8141713266632,-0.22487523063752607,0.35400107203752257,0.35926955938339233,0.12325082719326019,-0.9250592589378357
415,415,1,0.99080616,304.6940362059817,48.05505445589021,801.8459463249479,-0.14896991314995137,0.3771756533301422,0.3016510307788849,0.12921223044395447,-0.9446220397949219
416,416,1,0.9923362,282.3330736524534,47.51298135744411,747.2707171978844,0.1636441707705917,0.32778613469576345,0.13458511233329773,0.11632388830184937,-0.9840505719184875
417,417,1,0.99359,280.9827263910748,47.20421922403292,753.4541417005954,0.4124656883566654,0.21552223862207928,-0.046058688312768936,0.0638338103890419,-0.9968971014022827
418,418,1,0.99668473,247.791578361153,40.70222537744214,689.9243371285733,0.6649703475080773,0.15813499092498556,-0.1963590830564499,0.046346958726644516,-0.9794360995292664
419,419,1,0.9903605,252.684205747188,37.2791472600615,726.7640107974539,0.8568524804160293,0.13513449855290025,-0.3210299015045166,0.03327689692378044,-0.9464842081069946
420,420,1,0.9935108,257.2748721778548,38.84423669610646,746.1077201026445,1.0266242500037877,0.03406363911985912,-0.41251012682914734,-0.011496386490762234,-0.910880446434021
421,421,1,0.9907968,256.71462339841935,37.82481821858007,745.6798789909923,1.062359476700241,-0.06064254824492268,-0.42663782835006714,-0.04462692141532898,-0.903320848941803
422,422,1,0.9883746,259.54355695223893,38.75741561944474,753.8528385463782,1.0636104105357385,-0.08373305014478404,-0.42512327432632446,-0.05335298180580139,-0.9035616517066956
423,423,1,0.98939896,246.61241362150804,37.758636957300276,719.6111796126548,1.0354318161329559,-0.10020603707527406,-0.4122474193572998,-0.06043991446495056,-0.9090650081634521
424,424,1,0.9894454,247.3030564259533,37.80968985526343,721.2322534853432,1.0276179727844739,-0.051586249367655546,-0.4103793203830719,-0.042461417615413666,-0.9109258055686951
425,425,1,0.9924779,256.2991489391499,37.84255554482439,745.1791286068491,0.9685674075416071,-0.04787826773898935,-0.3763255774974823,-0.03923196345567703,-0.9256564974784851
426,426,1,0.9948512,252.92785276535187,39.10771514562964,729.9813362016139,0.8996835605886938,-0.0182933621430181,-0.3402431309223175,-0.029642000794410706,-0.9398701786994934
427,427,1,0.9932213,252.4794070790975,43.723528343803196,721.5529499940293,0.835220809726034,0.20159095765821816,-0.3115459978580475,0.05209047347307205,-0.9488022923469543
428,428,1,0.9941234,251.27108597178753,42.55961365808913,704.5419387890635,0.7343949220426023,0.4142639412463919,-0.2540844976902008,0.1489686667919159,-0.9556407928466797
429,429,1,0.9943222,259.6327332301037,42.369031006012115,715.1390324583984,0.47692567937821345,0.7351127233451613,-0.07645532488822937,0.29649239778518677,-0.9519699811935425
430,430,1,0.99530715,270.1292498195409,39.477591954151904,728.0105653956202,0.2752832330699249,1.1421408520504384,0.05538855865597725,0.4597359895706177,-0.8863267302513123
431,431,1,0.9937105,277.2224379850561,40.5586794826874,729.6164589019514,0.13754564724803106,1.0361716243002437,0.14975227415561676,0.418491393327713,-0.8957897424697876
432,432,1,0.99402595,279.14542699430956,40.22847267540741,729.3389113398301,0.17331214066718761,0.9026300967393359,0.12436627596616745,0.3682977855205536,-0.9213521480560303
433,433,1,0.99103385,284.8818965288868,41.12547334373027,743.3291838164645,0.10243831511651698,0.947800256236341,0.16458645462989807,0.37761950492858887,-0.9112160801887512
434,434,1,0.99110293,287.29520581608625,42.564048882592935,748.1729364417591,0.09464321964040033,0.95243967886253,0.16589871048927307,0.37544628977775574,-0.9118759632110596
435,435,1,0.9921928,286.27752829275636,41.7080754463226,744.8985249831512,0.15666140897545855,0.9194664973504784,0.1239023432135582,0.3659927546977997,-0.9223326444625854
436,436,1,0.991659,289.305276882215,42.781865478970225,752.279236844141,0.21671717003204505,0.8102690162451179,0.0771014541387558,0.3186463713645935,-0.944732666015625
437,437,1,0.99211323,289.6093908156673,43.53616750363318,751.7989758755783,0.29407142147476345,0.6867504932145856,0.02158329263329506,0.26693570613861084,-0.9634726643562317
438,438,1,0.99429953,292.9582580835533,44.619560164762866,763.1770954052271,0.3570290386479482,0.590171166590829,-0.028017910197377205,0.22072549164295197,-0.9749334454536438
439,439,1,0.994974,292.4474998981075,45.06779477456045,762.8443692400682,0.37669769641916934,0.543023623474058,-0.04096565023064613,0.20043781399726868,-0.9788495898246765
440,440,1,0.99327624,295.5611668609671,45.267829231660215,769.0390648769479,0.4304957988580667,0.5107641561435922,-0.08318787068128586,0.18351595103740692,-0.9794905185699463
441,441,1,0.99213976,291.8581258139944,45.60150989631679,761.3690612888172,0.44911467723811466,0.5173780966696366,-0.09257872402667999,0.18701522052288055,-0.9779849052429199
442,442,1,0.99191576,296.75571069083514,46.03452877457704,777.0267256734736,0.4537166064126011,0.5907152764206797,-0.1016865149140358,0.21138028800487518,-0.9720999002456665
443,443,1,0.992361,299.6564696006839,44.972008800683966,790.0151129437522,0.48166793696683513,0.6180319384108306,-0.12350070476531982,0.21847522258758545,-0.9679959416389465
444,444,1,0.99356985,291.8693041307528,45.95645165498748,770.9703288861805,0.5168010271472794,0.6080716888241194,-0.14079515635967255,0.21733228862285614,-0.9658899903297424
445,445,1,0.9933363,294.0831783544326,46.14064256578126,778.0094212863047,0.5328723428360929,0.5707413688810711,-0.15295925736427307,0.1995900720357895,-0.967867374420166
446,446,1,0.994467,289.09920858225865,45.923414994855015,767.5745032701934,0.5510658588845896,0.4937520536219437,-0.15982119739055634,0.1712481677532196,-0.9721786379814148
447,447,1,0.9945261,287.1515150610007,45.811186454371615,763.9747386452614,0.5355231091863764,0.47855284425841393,-0.14680702984333038,0.16688546538352966,-0.9749855995178223
448,448,1,0.9946464,291.808863813234,46.30063179198658,776.1496064726547,0.5119219127477275,0.4286601387573527,-0.13328838348388672,0.14463748037815094,-0.980466365814209
449,449,1,0.9944026,293.3022035967958,46.00437277912454,780.9352618616244,0.49308308745995216,0.35934463934337624,-0.11999592930078506,0.11740738898515701,-0.9858075380325317
450,450,1,0.9947273,291.4821769550443,45.82562180186216,774.6393844120711,0.4813818718047042,0.3282457088202749,-0.10974729806184769,0.10666902363300323,-0.9882192611694336
451,451,1,0.99452376,294.2489825528577,45.9821510211597,781.7779622733311,0.4639349065718474,0.29513735266963226,-0.09955155849456787,0.09291072189807892,-0.9906851649284363
452,452,1,0.9941942,294.1130813102498,45.65980185346148,780.0943460043603,0.4402469801248822,0.318081781398127,-0.08344592899084091,0.10338595509529114,-0.991134762763977
453,453,1,0.9939219,297.03053745501285,46.35947613167102,791.1277077219538,0.4036525427028809,0.46235409806832223,-0.06317826360464096,0.15873940289020538,-0.9852970838546753
454,454,1,0.9932231,294.63427692496384,46.18218414358222,780.831540304708,0.37420644423872257,0.7062711430141936,-0.043716106563806534,0.2586965560913086,-0.9649689197540283
455,455,1,0.9933282,289.4285631313399,45.870595164723504,769.3362400455459,0.3349832328095094,1.1772775089535583,-0.015866994857788086,0.4413754940032959,-0.8971822261810303
456,456,1,0.9952761,278.34195302006816,44.580448813563514,743.5247440209697,0.3055830565051017,1.9555248842157047,0.006960857193917036,0.6853873133659363,-0.7281454205513
457,457,1,0.9960901,274.56460119366346,41.818666128253206,741.3635504048115,0.4980812983605396,1.9151623003845961,-0.11263886839151382,0.6705506443977356,-0.7332628965377808
458,458,1,0.99602604,260.31855426924284,39.05692611864529,721.2192060149423,0.7582926695922143,1.3338445262871625,-0.2764202356338501,0.4975523054599762,-0.8222125768661499
459,459,1,0.99575186,258.66238672713513,38.45607995977053,719.5396694592351,0.930521042628797,0.8521190784757534,-0.3888159990310669,0.3086515963077545,-0.8680762052536011
460,460,1,0.99276286,256.0613057493614,39.84622646241839,723.7927363182263,1.0035145388287658,0.3129987669179858,-0.41961899399757385,0.09345602244138718,-0.9028764367103577
461,461,1,0.99048525,259.11447438533196,44.54058727756645,736.5542562844286,0.9959000369995036,-0.0017019750887963998,-0.4004688858985901,-0.031398773193359375,-0.9157722592353821
462,462,1,0.9944377,259.6391770455956,46.54808489441413,737.6260883645283,0.8964839787991135,-0.12542769981536578,-0.33766818046569824,-0.07853816449642181,-0.9379829168319702
463,463,1,0.9947802,265.8872562966475,49.228491887732524,753.4991574765378,0.7188045867190346,-0.08581121085774304,-0.2307378649711609,-0.06457120180130005,-0.970871090888977
464,464,1,0.99449074,272.25074509123095,53.534780217218916,762.9190444435404,0.55394110515092,0.08737461501940819,-0.1312875598669052,-0.0003306721628177911,-0.9913442730903625
465,465,1,0.9963133,270.1314211299744,55.4931683320134,756.0959008068444,0.3993379688381132,0.24959650220248122,-0.021930348128080368,0.06650928407907486,-0.9975447654724121
466,466,1,0.9965402,287.3555746484418,62.12423710455557,790.2760592631016,0.23972311176418926,0.49709140788962275,0.06519638001918793,0.15635238587856293,-0.9855472445487976
467,467,1,0.99763346,305.4893445592486,69.82735797213347,821.4375106831793,0.05580630621398392,0.8286323709061821,0.15896643698215485,0.2680853009223938,-0.9501894116401672
468,468,1,0.99860567,309.4960147741659,75.77038922963622,829.4218198405097,-0.06240452895857403,1.0967189826056871,0.22342438995838165,0.35320988297462463,-0.9084736704826355
469,469,1,0.99818003,320.88977881739396,76.78643885356436,853.5914021200596,-0.18545167292735876,1.2514014202374812,0.2741422951221466,0.3910399377346039,-0.878597617149353
470,470,1,0.9979923,322.7495789115289,76.94662222992618,856.2445526909768,-0.21906825657527448,1.2517734144254173,0.2907922863960266,0.38867881894111633,-0.8742817640304565
471,471,1,0.998533,305.74262130962865,75.07196750165174,815.216082876344,-0.21246625380767584,1.0693633309865573,0.3243444263935089,0.3440186381340027,-0.8811650276184082
472,472,1,0.99793965,313.58772454889777,72.96051994033984,829.8434599237821,-0.23879710370419574,0.9371591769992987,0.3292594254016876,0.2953839600086212,-0.8968481421470642
473,473,1,0.9971596,313.89416039687734,66.14646962976798,825.865822168858,-0.24348036727270414,0.7797224583876582,0.3357134759426117,0.2488429695367813,-0.9085007905960083
474,474,1,0.99687684,325.29693982627197,63.10361609946435,852.7295251199567,-0.27279128365058924,0.6975256247034791,0.33145827054977417,0.2169073224067688,-0.9181974530220032
475,475,1,0.99520653,308.3894563039351,56.26829366014058,809.4816577249074,-0.1971724824762003,0.5620459984990728,0.3229735195636749,0.18629267811775208,-0.927891731262207
476,476,1,0.99311346,295.8598539101741,52.00399510869776,776.304209267536,-0.15026186410534317,0.4811118582707419,0.3218303620815277,0.16778604686260223,-0.9318117499351501
477,477,1,0.9944173,301.0763778708742,51.47173845860477,789.4246900968468,-0.16319751904265306,0.4556614604118865,0.3189014196395874,0.15638020634651184,-0.9347979426383972
478,478,1,0.99239844,304.2898235791488,52.828821927354966,799.4332633056674,-0.16216429519450615,0.46384245983765265,0.3108309507369995,0.15611916780471802,-0.9375558495521545
479,479,1,0.9954928,291.2306928982446,47.79269082029926,764.778310210058,-0.1300999933936154,0.4349385159263532,0.31921833753585815,0.1574491262435913,-0.9345102310180664
480,480,1,0.9976205,294.5901947524883,44.479241127028786,770.0759583714879,-0.12056244418777903,0.46805302117739367,0.3065657913684845,0.17387282848358154,-0.9358341693878174
481,481,1,0.9960479,295.57024589086046,44.78209011601529,771.2799798429678,-0.09280903865280403,0.48310960039806466,0.2869371175765991,0.17945805191993713,-0.9409898519515991
482,482,1,0.9952122,292.27714002735706,46.4364560460027,764.0514124276084,-0.040405422031733626,0.5635442812215384,0.2579534649848938,0.21108420193195343,-0.9428167939186096
483,483,1,0.99381,290.95066799507396,49.348932559389425,759.1434206446088,0.004012079617000278,0.5975587127622534,0.23062436282634735,0.2225986272096634,-0.9472392797470093
484,484,1,0.9961385,302.70926757285287,52.66907048374663,791.7034088552956,0.006296685813774847,0.6521750684460945,0.2043217271566391,0.23117408156394958,-0.9512156844139099
485,485,1,0.9943433,301.09617993893727,55.25876153261683,793.4011454717802,0.024824517321036983,0.6820791203034666,0.1931135356426239,0.23895277082920074,-0.9516347646713257
486,486,1,0.9965669,307.07755048830995,59.114255956233116,809.333089946821,0.03356251281874975,0.7050712670015713,0.17585638165473938,0.23859187960624695,-0.9550646543502808
487,487,1,0.99603707,316.4503971388987,60.60652264034237,836.4483972611937,0.013180881188004957,0.7318278487093915,0.1715707629919052,0.2392944097518921,-0.9556682109832764
488,488,1,0.99593794,313.2754673596939,59.895625499198836,827.1229019655656,0.022181780153618973,0.7146267295786664,0.1717681884765625,0.23634277284145355,-0.956367015838623
489,489,1,0.9959974,317.54948617316046,59.85281987276224,838.9366158960657,0.016108145501983678,0.705237356105516,0.16821041703224182,0.2298242300748825,-0.9585855007171631
490,490,1,0.9956241,316.18830503689907,59.632106506569556,835.1699565003219,0.031173677516008382,0.6738596889613897,0.1612989753484726,0.21951588988304138,-0.9621827006340027
491,491,1,0.99646384,309.9503604232763,59.4730242384479,818.5056096073198,0.05636716337580251,0.6328252599578617,0.1562589854001999,0.20844200253486633,-0.9654714465141296
492,492,1,0.99601847,308.12535715868097,58.79204519108981,813.4606169180237,0.07287499738116675,0.6005747663365455,0.14888642728328705,0.19818900525569916,-0.9687899351119995
493,493,1,0.9949751,308.9675396356924,58.795439108112475,816.3699271903438,0.07792167761942438,0.5873602478356355,0.14407330751419067,0.19244499504566193,-0.9706738591194153
494,494,1,0.9949858,297.4391637155647,56.71205143716495,784.8225464044976,0.11284091123808808,0.5534957090805915,0.14114901423454285,0.18899105489253998,-0.9717815518379211
495,495,1,0.9951564,305.4702865070089,57.06684876442122,804.3599884481629,0.09767149063370627,0.5800587061325821,0.13732029497623444,0.19448548555374146,-0.9712458848953247
496,496,1,0.99583155,309.8828668222327,55.71657306256814,814.3597515169912,0.07764559199863631,0.574277839225608,0.14353139698505402,0.191820427775383,-0.9708778262138367
497,497,1,0.9956435,311.8796787530719,56.23041951268895,820.0218440907635,0.03673483686231039,0.5673638008017466,0.16735462844371796,0.18752223253250122,-0.9678986668586731
498,498,1,0.9960127,312.40155000337387,55.64672289535577,821.5203193100556,-0.01563719356374935,0.5591723716069423,0.20079533755779266,0.1849520206451416,-0.9620155692100525
499,499,1,0.9959971,299.02380017466703,54.50647242394037,787.1010858053486,-0.03618835282488787,0.5162654388894666,0.2405889481306076,0.1770121306180954,-0.9543498754501343
500,500,1,0.99467516,307.4788974085168,54.603243573281496,808.3472481119428,-0.12064066727829095,0.5117579813871128,0.2779802083969116,0.17066515982151031,-0.9453043937683105
501,501,1,0.9944484,304.536274542582,53.53782570736464,800.8350655302962,-0.16061256103952337,0.5084868118569801,0.3087441027164459,0.1717430204153061,-0.9355113506317139
502,502,1,0.9943883,305.1090794630267,53.19398496451091,802.5398875465304,-0.20526481017082687,0.5280348020605391,0.3342556357383728,0.17855699360370636,-0.9254137873649597
503,503,1,0.9940585,311.85331844645447,54.61468736344591,819.0228991245696,-0.24110081160584432,0.5758308006557415,0.3411383032798767,0.19077453017234802,-0.9204508662223816
504,504,1,0.99589866,314.23266123467175,54.5903328487147,824.759944252857,-0.23708561000046058,0.6212138655862325,0.3334845304489136,0.20613300800323486,-0.919944167137146
505,505,1,0.9963561,312.7280709474451,54.89440974379405,822.4377053291115,-0.21036471302677925,0.6668996029953985,0.3197162449359894,0.22319579124450684,-0.9208502769470215
506,506,1,0.9972938,313.8520046373522,55.20927277831792,826.1789553444779,-0.17948492716217448,0.722997897455242,0.29787302017211914,0.24278956651687622,-0.9232144355773926
507,507,1,0.9961565,300.4539155023534,54.91280265716921,791.7134460076435,-0.0905098733363954,0.7452405727902492,0.2692559063434601,0.2622627913951874,-0.9266712069511414
508,508,1,0.9946272,300.09818259282366,55.57911192726463,789.4513546378066,-0.03605696913913726,0.7825667128991451,0.2342163622379303,0.27731868624687195,-0.9317923784255981
509,509,1,0.99594384,300.7654479675252,55.86323259970498,794.0083727953946,0.01391749871997512,0.8017299902322985,0.1985178291797638,0.28344807028770447,-0.9382152557373047
510,510,1,0.9971656,309.9761883502078,55.064473918561326,820.0483667949856,0.030994572543928785,0.8042027360403722,0.16968366503715515,0.277180552482605,-0.9457157850265503
511,511,1,0.99737835,310.45233414842363,55.622318175821725,821.750486494995,0.07006351977919813,0.7669872088650415,0.1435750126838684,0.26235252618789673,-0.9542312622070312
512,512,1,0.9972113,312.34167788963947,54.87487576920958,825.6828748875979,0.08773832260106579,0.7305885739228383,0.12935224175453186,0.2485698163509369,-0.9599380493164062
513,513,1,0.99653095,299.36398626081973,54.32106649986349,793.9741360599859,0.13001542435386584,0.6781829269376534,0.12306090444326401,0.2383175939321518,-0.9633590579032898
514,514,1,0.9964809,303.44051328895324,54.21201437537016,804.2806747193373,0.12526034229512575,0.6606689184435686,0.11972610652446747,0.2288212925195694,-0.9660778641700745
515,515,1,0.99646676,305.618347967528,53.9279315611354,809.0024529135953,0.12056500895893088,0.6478361323758334,0.11960951238870621,0.22302842140197754,-0.9674460887908936
516,516,1,0.9969242,301.55876184006723,54.60187638651067,798.4203740915524,0.1311714547699333,0.6324932395821484,0.11944164335727692,0.2190350592136383,-0.9683787226676941
517,517,1,0.9968958,310.02970302271666,54.35464905920972,820.832393803326,0.11650228458371888,0.620107873908771,0.11541440337896347,0.20894785225391388,-0.9710923433303833
518,518,1,0.997018,305.61850833844824,54.07259116494867,809.7463160306197,0.1276457284367718,0.5995626314367184,0.11539052426815033,0.20412476360797882,-0.972120463848114
519,519,1,0.99706227,303.1469921828334,53.22870925731257,804.0005531003812,0.1453174355671065,0.5798461722233981,0.10752971470355988,0.19881485402584076,-0.9741201400756836
520,520,1,0.9966214,314.2992135856894,54.69280236905115,831.6954305843129,0.1398103994832127,0.5956674598513532,0.09330537170171738,0.19646233320236206,-0.9760618209838867
521,521,1,0.9966785,304.95553812507904,53.51507568492621,808.0695608983009,0.15950678157922113,0.6151688038855859,0.09436003863811493,0.2108745276927948,-0.9729481935501099
522,522,1,0.9956326,298.83989388456104,52.56031968555508,791.3108021509892,0.15189191177167477,0.6587430683548247,0.10912980884313583,0.2336021214723587,-0.9661887884140015
523,523,1,0.9957854,293.27663957239145,50.74374968915441,775.0872123656646,0.14195226326670513,0.7010147973665839,0.12521521747112274,0.25748664140701294,-0.9581345319747925
524,524,1,0.9969597,295.072781026073,48.58144651833138,778.3745714630662,0.09239681511813817,0.7002861600190274,0.15708591043949127,0.25900211930274963,-0.9530172944068909
525,525,1,0.9961415,300.27613671192915,48.78270509873928,793.5494398360374,0.0329137151818271,0.6731870349062014,0.18841497600078583,0.2435280680656433,-0.9514167904853821
526,526,1,0.99689215,304.12016923997,49.74995962302828,805.3111122342648,-0.054084400184727474,0.6270692984867641,0.23885580897331238,0.2210223376750946,-0.9455670118331909
527,527,1,0.99542564,294.5334128220311,50.13292744581429,774.3178477649552,-0.08221720050391186,0.5590531951965609,0.2796793580055237,0.20156612992286682,-0.9386962056159973
528,528,1,0.99412435,308.69430190439795,50.78354888198168,812.69357175983,-0.16211535678359604,0.5131543158719509,0.30041080713272095,0.17468351125717163,-0.9376774430274963
529,529,1,0.9951852,312.82400855686905,50.63832152020101,819.3607276114471,-0.2018779214520434,0.47501642632947333,0.31758853793144226,0.1594325304031372,-0.934729278087616
530,530,1,0.99716324,306.1433873561869,49.008010499742035,795.5593396964015,-0.2163752215600732,0.42398478894534913,0.34300538897514343,0.1462659388780594,-0.9278758764266968
531,531,1,0.9972379,307.18499815063007,48.526522902746365,799.0651077226834,-0.24141445488363503,0.42010228549362105,0.35518887639045715,0.14464926719665527,-0.9235353469848633
532,532,1,0.9970837,306.01623225666737,48.233373851555406,792.5095445000635,-0.26510002875072,0.43284264632688796,0.37286457419395447,0.15047991275787354,-0.915602445602417
533,533,1,0.9962632,315.2946319347786,49.94160191151527,815.7269524859784,-0.30687781943404185,0.4994158756502037,0.37661534547805786,0.16855381429195404,-0.9109063744544983
534,534,1,0.9960102,321.2992670828689,49.65436129749086,831.8641856709825,-0.3252767659748308,0.5360043416343954,0.3736213743686676,0.1789410412311554,-0.9101577401161194
535,535,1,0.99576014,317.9169956721112,49.15862817502195,823.0867356332865,-0.3060840595521935,0.5871899249950076,0.36946576833724976,0.19951684772968292,-0.9075726270675659
536,536,1,0.995905,309.4070464419313,48.910963942793295,800.6192046265536,-0.2601443737565167,0.6238642781548676,0.3610018193721771,0.2185824066400528,-0.9065867066383362
537,537,1,0.9959486,317.0890226119772,48.564979098646006,819.4710707792142,-0.27669107449749386,0.7041110437713253,0.3533676266670227,0.2432684600353241,-0.9033005237579346
538,538,1,0.9958324,313.2922974535334,48.83442027811873,809.0410769317285,-0.26316467952078465,0.7362024498946546,0.35317495465278625,0.2572934031486511,-0.8994817733764648
539,539,1,0.99531484,299.84191697105877,47.62827369800228,776.027844931565,-0.22075030493491196,0.7417655245973096,0.3560011386871338,0.27055203914642334,-0.8944634199142456
540,540,1,0.99561524,307.3206012713029,47.82607332863387,795.5718785922289,-0.2569044505255408,0.8008358002719552,0.35979172587394714,0.285148561000824,-0.8883919715881348
541,541,1,0.9955467,305.7643646555294,47.31214636053958,792.7081513935659,-0.27337514443983396,0.8186758150751772,0.371624618768692,0.29208314418792725,-0.8812392950057983
542,542,1,0.9936783,306.21368678407265,47.006748533565286,798.3772865283414,-0.30036879518155507,0.8073601206632058,0.3843767046928406,0.2854417860507965,-0.8779393434524536
543,543,1,0.9949018,307.0354843782727,47.8035467244942,805.0086491352707,-0.3303063000704578,0.8067255131105903,0.3974563181400299,0.28101634979248047,-0.8735320568084717
544,544,1,0.99573165,306.7422116240005,46.81128708236614,800.8274238055716,-0.34548964962569617,0.7932885058152273,0.4079999029636383,0.27791327238082886,-0.8696552515029907
545,545,1,0.99497366,298.5160467734449,46.728778937292795,792.7752756951755,-0.3413854682795477,0.7850437984599907,0.41780760884284973,0.2765354514122009,-0.8654276132583618
546,546,1,0.99712414,294.82698565333897,47.88443593075283,789.7711872988931,-0.3419898546308065,0.7793069280282695,0.4234902262687683,0.2735327184200287,-0.8636178970336914
547,547,1,0.99791604,292.1301741134262,47.96366800417356,787.6727149631503,-0.3373105457283388,0.7782538596285701,0.42466333508491516,0.27353256940841675,-0.8630416989326477
548,548,1,0.99800175,283.0291152747881,46.85145149180255,764.1898235939407,-0.2652723520779113,0.76804865030461,0.4048285484313965,0.2805655896663666,-0.8702855110168457
549,549,1,0.9973615,282.37889183332373,44.79364775324323,757.4631145880844,-0.18595618730710117,0.804093175857524,0.36043140292167664,0.30241337418556213,-0.8824031352996826
550,550,1,0.9951479,292.94793784167285,45.2789889941263,781.5448514049759,-0.10982496892072983,0.9402451435903078,0.28790897130966187,0.3476126194000244,-0.8923417925834656
551,551,1,0.996121,287.03706481537876,47.91104550464632,757.4659668859122,0.014088806268291313,1.0408751124223796,0.21816915273666382,0.3956507742404938,-0.8921113610267639
552,552,1,0.99461854,267.6705794354292,54.381562148418276,708.8652850918538,0.1530755947584468,1.0993461815326415,0.15491731464862823,0.4369058907032013,-0.8860665559768677
553,553,1,0.9973966,267.7040730114857,59.6619857009912,712.5386352011078,0.22141993109574157,1.1865753038450129,0.10059237480163574,0.4623723328113556,-0.8809614777565002
554,554,1,0.99913883,269.67687402450673,63.8253994919597,712.6185842194996,0.29765307512469985,1.2415485450222945,0.03870896250009537,0.47755271196365356,-0.8777499794960022
555,555,1,0.99868447,270.1031582479036,69.08073347853541,704.709572811038,0.36299991878536403,1.2903934249734332,-0.012620150111615658,0.4926847815513611,-0.8701163530349731
556,556,1,0.9976412,273.3881300276381,69.69123772422331,703.195794722354,0.4461220173717307,1.3425918544219986,-0.08139166235923767,0.5075032711029053,-0.8577971458435059
557,557,1,0.9970886,278.21595100695976,77.84352256625753,688.6218417068218,0.5361199721931051,1.4445099775898007,-0.15844841301441193,0.5360912084579468,-0.8291563987731934
558,558,1,0.9870025,291.95735051328666,83.92130408476714,703.0823249943884,0.7522716560176842,1.6875644630786226,-0.315987229347229,0.5689629316329956,-0.7592320442199707
559,559,1,0.99453664,301.9880603782301,90.32274906797734,709.774328508288,1.1037428551198953,1.953065254758164,-0.5002996325492859,0.5676100850105286,-0.6538494229316711
560,560,1,0.9966876,308.66568214806813,92.08648451342977,710.9701582381085,1.5199619242779654,2.2022746569590526,-0.6420418620109558,0.5399389863014221,-0.5442869067192078
561,561,1,0.99056154,315.22656346286476,96.26424311689858,710.7702640070951,1.9596853782892445,2.4898611753150295,-0.7335515022277832,0.5111477375030518,-0.4479176998138428
562,562,1,0.9930608,313.401980485495,96.07179084687272,702.6177839760134,2.326948540399902,2.586729841861772,-0.7903916239738464,0.4702468812465668,-0.3926181495189667
563,563,1,0.9927106,320.4463866845237,99.23282743590772,711.6411039516066,2.547644577283498,2.600665573241828,-0.8186403512954712,0.43606579303741455,-0.37373071908950806
564,564,1,0.99389017,327.676780108025,98.53840801765772,724.7749318242987,2.6336616104071715,2.630096157845627,-0.8255243301391602,0.42658159136772156,-0.3695101737976074
565,565,1,0.9953021,326.1583121925026,100.40264838744787,724.4064142211658,2.487194289518551,2.642276067753379,-0.8080695867538452,0.44773080945014954,-0.38283228874206543
566,566,1,0.9939177,330.5793263183991,104.54202291736878,733.3555459147934,2.554577126753312,2.814270233218845,-0.8070051074028015,0.46120163798332214,-0.3688304126262665
567,567,1,0.99386144,310.36838802583776,103.63562379250139,691.8572452905773,2.4677649645408324,2.6541943408837394,-0.8087648153305054,0.45837676525115967,-0.3684972822666168
568,568,1,0.99473685,316.7330367795252,105.54444049449596,707.359452462148,2.3608138491025876,2.627580589582797,-0.7950206995010376,0.46523401141166687,-0.38922929763793945
569,569,1,0.99467444,327.5717975114963,104.67230963998708,727.6618701551987,2.3942130182175596,2.734710697111004,-0.7915123701095581,0.4729118049144745,-0.38712093234062195
570,570,1,0.9906811,326.08928153702726,104.86931099837261,728.0458239646354,2.5678128058442917,2.904909253191736,-0.8035652041435242,0.4746144711971283,-0.35919907689094543
571,571,1,0.986051,323.2946123165641,102.24137955506778,724.1615605371375,2.58193435362761,2.868050218864208,-0.8068119287490845,0.4695148169994354,-0.3586229085922241
572,572,1,0.9855237,322.84235576332674,101.9261320342094,721.2752090024751,2.359028399560645,2.836220078101924,-0.7798652648925781,0.4977414906024933,-0.37955716252326965
573,573,1,0.9889165,320.3048252523908,102.92436827852767,718.0108732203788,2.0105834649954852,2.8335966872361116,-0.7219736576080322,0.5547934770584106,-0.4134710431098938
574,574,1,0.9874537,324.06325570464713,104.0547480893179,723.6059926855534,2.0926070202407456,3.3353425220646713,-0.7022895812988281,0.6122597455978394,-0.36321815848350525
575,575,1,0.98972857,304.92210964630556,97.90813271844826,672.5439537136418,2.1223132060614476,3.6216094835969566,-0.686023473739624,0.6593506336212158,-0.30761754512786865
576,576,1,0.99005276,310.24881936327034,98.90802828906389,669.9777092115796,2.3878945942642207,4.159889499333722,-0.6960951685905457,0.6724904179573059,-0.25141245126724243
577,577,1,0.9934981,322.6827220770164,100.66845222678569,686.0216789998768,2.162532862194236,4.154209581587579,-0.6590234637260437,0.7019566297531128,-0.27008339762687683
578,578,1,0.9937505,337.95375484980826,102.81079597424691,711.5748302910209,2.2637072314619497,4.360699787332766,-0.6659092903137207,0.697795569896698,-0.2639056146144867
579,579,1,0.9917191,339.0263307396734,102.30751054015883,711.7792767509831,1.9008725017511872,3.9962350400118436,-0.6205235719680786,0.7205582857131958,-0.3094290792942047
580,580,1,0.9851703,316.3368053784563,97.81169137747942,659.0149475284659,1.0774539732172232,3.09754664754547,-0.43419021368026733,0.7911532521247864,-0.43076151609420776
581,581,1,0.9755381,320.9116676572559,98.12088654593651,665.6613639232814,0.7216894292739849,2.898815454068166,-0.2845781743526459,0.8227472305297852,-0.49203893542289734
582,582,1,0.98112375,319.776909272516,93.87005465019843,654.7375235836874,0.5076782755976768,2.7637947873295885,-0.17167975008487701,0.8390594720840454,-0.5162414908409119
583,583,1,0.9926341,309.0483744922224,86.1826392303381,625.5832565948932,0.31507076052972693,2.4318837400374482,-0.04475829005241394,0.8265653848648071,-0.5610582828521729
584,584,1,0.9936766,307.445587827013,74.78278386738144,615.8474851925482,0.17238904862269935,1.915901619669662,0.0678454115986824,0.7423248291015625,-0.666596531867981
585,585,1,0.9964568,301.78611062911193,66.80954311672473,600.0846617389549,0.06940718939232784,1.449936742082707,0.1794290840625763,0.6241240501403809,-0.7604435682296753
586,586,1,0.9975654,298.85345141317725,63.46299631833285,594.0921029588679,0.06369486996777167,1.1776807034116756,0.20474135875701904,0.5313206315040588,-0.8220580220222473
587,587,1,0.9976937,309.34375099729573,60.689699377038714,613.2886438134523,0.0591357126290727,1.0747706970612616,0.1911727637052536,0.4804806709289551,-0.8559154868125916
588,588,1,0.99794275,305.1711243952979,59.682618889762004,605.9705323867873,0.000685537751195488,1.0329065898630663,0.25088855624198914,0.4649103879928589,-0.8490661382675171
589,589,1,0.9979923,307.7483330387691,59.836460058472674,610.1979728455048,-0.07846148049057168,1.0314818018404561,0.30913466215133667,0.45575380325317383,-0.8347001075744629
590,590,1,0.99791616,302.5544939754659,59.140585532571926,600.4235869845659,-0.05432310999700173,1.0284050399080507,0.3018838167190552,0.46241843700408936,-0.8336878418922424
591,591,1,0.9975432,302.88116587861833,59.414154670447154,603.8528694702403,-0.060535634187325923,1.022404897141724,0.3053140342235565,0.4568833112716675,-0.835488498210907
592,592,1,0.99799013,301.1809093480544,58.85311303614878,600.7708169288595,-0.07104973720505223,0.9964595394571452,0.31883367896080017,0.4471472501754761,-0.8357059359550476
593,593,1,0.9974583,316.56967579495387,60.292604990815995,635.0095231789992,-0.11158323760591028,1.0458780416024853,0.3108499050140381,0.44535699486732483,-0.8396603465080261
594,594,1,0.99766314,303.49285113501315,59.20733790367847,611.3265702030262,-0.05961035560792386,0.9873365575377516,0.30244728922843933,0.4378281831741333,-0.8466594219207764
595,595,1,0.99732494,300.08800212010635,58.41325774543071,607.5918726354429,-0.01059948434735797,0.9342720202576004,0.27220314741134644,0.42097800970077515,-0.8652647137641907
596,596,1,0.9982039,316.90005146498885,60.57833607677741,648.7192740441077,0.06451787087056159,0.8365037377666014,0.17432934045791626,0.3563694655895233,-0.9179379940032959
597,597,1,0.9991254,281.26252113659433,52.38030843997316,595.4902823297585,0.31140530809222206,0.5648624094085293,0.028656277805566788,0.26056361198425293,-0.9650312662124634
598,598,1,0.9990626,264.6099134635451,48.06185393172436,578.0794822229125,0.5128451591223332,0.3494556256542019,-0.13064177334308624,0.1509379893541336,-0.9798726439476013
599,599,1,0.9962739,272.070538847824,41.67766882176368,617.8581926912369,0.688868410277305,0.16707159766942284,-0.2760027050971985,0.05295655503869057,-0.9596968293190002
600,600,1,0.9934262,284.2664668004008,45.78408857862129,643.9661898879388,0.8367671303551888,-0.03039973588859123,-0.3774247467517853,-0.04651091620326042,-0.9248715043067932
601,601,1,0.9969518,269.9349888958446,46.86574126895429,620.9310685237392,0.9721399257449398,-0.14676237226113564,-0.4499855637550354,-0.09923186153173447,-0.8875055313110352
602,602,1,0.99726164,262.01447439665714,45.47392805635031,604.8177052043147,0.9718581806808408,-0.11715613058852005,-0.45214879512786865,-0.08737482875585556,-0.8876526355743408
603,603,1,0.99783474,270.1011985219148,44.6310687091404,619.3801806635037,0.9375305834243178,-0.005463932161485019,-0.43920469284057617,-0.03702639043331146,-0.8976237177848816
604,604,1,0.9983839,269.92656626624176,47.827655904688214,619.8740177112155,0.9453714621446967,0.20223589023103833,-0.4541584253311157,0.04834993556141853,-0.8896080255508423
605,605,1,0.99916077,286.4330578029826,64.54137314144275,643.6044082379575,0.9000271716279542,0.7309472845781014,-0.44514167308807373,0.25171908736228943,-0.8593522906303406
606,606,1,0.99837446,323.5120452171104,81.47011696134159,701.5716547727828,0.6889838583380716,1.4965686580840731,-0.31983083486557007,0.5153833627700806,-0.7950398325920105
607,607,1,0.99698704,323.43181585988737,89.64667454857094,684.9833240708722,0.3711234648322689,2.21910045680705,-0.09754939377307892,0.7468072175979614,-0.6578473448753357
608,608,1,0.9893562,323.4382475906389,94.87280239420174,668.5143180259441,0.06855743110950613,2.716388267218058,0.08819565922021866,0.8414753079414368,-0.5330486297607422
609,609,1,0.9866729,324.28635508060944,93.39278992787764,658.7832784024539,-0.11539051218893952,2.791263095207242,0.1916656494140625,0.8460480570793152,-0.4974605441093445
610,610,1,0.990355,315.9524633119178,90.21974193602317,638.6426218351348,-0.12826138515927035,2.6401974951081804,0.21921418607234955,0.834236204624176,-0.505959689617157
611,611,1,0.9962638,313.80796355993454,85.11184272137989,629.8945135348516,-0.0983817335654509,2.449126055994015,0.2166876494884491,0.8151417374610901,-0.5372061729431152
612,612,1,0.9934109,320.0722075503381,89.87490412219013,643.2874309868977,-0.003037110022561493,2.3240744846498482,0.15554170310497284,0.7936411499977112,-0.5881670713424683
613,613,1,0.9890304,314.152309812567,90.57839782980699,625.4239505549828,0.1578353687733068,2.1017818664838734,0.06366962939500809,0.767616868019104,-0.6377386450767517
614,614,1,0.9917675,323.49862907823587,93.98204204880842,644.5305732359155,0.38062310580007586,2.0690469187559426,-0.10950735211372375,0.7376896739006042,-0.6661997437477112
615,615,1,0.98999435,317.74932025826274,89.62035392098392,631.9209865613556,0.7204320509936148,2.0410311355640207,-0.3328322470188141,0.6971813440322876,-0.6349495649337769
616,616,1,0.9922959,316.9430227671606,88.69910143701328,633.5411512230872,1.0431953452886542,2.1454519320838377,-0.49833786487579346,0.6541739702224731,-0.5689603686332703
617,617,1,0.991631,318.9327220805554,93.65821940475887,645.6382528012681,1.374943188082844,2.3040833529097413,-0.6164653897285461,0.6056886315345764,-0.50310218334198
618,618,1,0.99066997,310.07460691519196,92.67504703995034,628.4650741795743,1.681967159961892,2.3484861445785867,-0.7019097208976746,0.5576456785202026,-0.44311854243278503
619,619,1,0.9921401,324.55647421755106,94.85884160295056,657.6668774283536,1.9406375350488858,2.359520687609272,-0.7558605074882507,0.49778133630752563,-0.4253101944923401
620,620,1,0.9947359,325.130507267379,93.67951144549814,660.2639057616819,2.2704813949767253,2.3175492749101165,-0.8107525110244751,0.43548324704170227,-0.3911965787410736
621,621,1,0.99539006,317.02445221836354,91.924214710758,645.9457028985776,2.2894699011439927,2.1029580575929243,-0.8264405727386475,0.397375226020813,-0.3988596200942993
622,622,1,0.9946355,316.1681674333727,90.78904496298425,643.1435530208153,1.8276066490194824,1.9083786597105985,-0.7639890909194946,0.4322729706764221,-0.4790206551551819
623,623,1,0.9954721,320.07368801023415,90.89107998247714,651.6750431631112,1.3894116155295577,1.7528879726831588,-0.6605453491210938,0.4737447500228882,-0.5824480652809143
624,624,1,0.994042,322.3859998026367,90.50737521686021,659.6511037919181,0.7732726368614934,1.5187927360186504,-0.3888603150844574,0.5234875679016113,-0.7581216096878052
625,625,1,0.9959806,304.1441213308496,80.21730927903138,621.2093172421299,0.41398536841513384,1.2577111714992986,-0.113129623234272,0.5189014077186584,-0.8473151922225952
626,626,1,0.99708885,304.0273506317715,71.49937342206019,613.4871941900489,0.2277700115758419,1.1054206797258654,0.05254733934998512,0.48182958364486694,-0.8746879696846008
627,627,1,0.9960515,298.37100442230457,66.03209447730308,598.996543840882,0.07381501364112601,0.9848892525180583,0.20536059141159058,0.443063884973526,-0.8726519346237183
628,628,1,0.99746513,294.904057744013,64.93884526302207,592.7567221503202,-0.022444025573918426,0.8847581089640331,0.299940288066864,0.39641129970550537,-0.867694616317749
629,629,1,0.99873286,290.7102893070912,60.88184493476876,581.1696081303279,-0.04599542196371283,0.7779641553258794,0.33567532896995544,0.3559446334838867,-0.872138500213623
630,630,1,0.99800473,294.7887377032852,60.3744757047624,592.3233186002157,-0.07902900027290917,0.6937059451503421,0.35382843017578125,0.3089657723903656,-0.882805585861206
631,631,1,0.9981476,291.3694751061384,58.554512328015164,589.6402558037308,-0.06100118079605185,0.6160721636660731,0.3483077883720398,0.2754703462123871,-0.8959898352622986
632,632,1,0.99752754,292.5000866251911,55.47195582578385,598.5821337278893,-0.05463062407287948,0.5410685402419613,0.3383365571498871,0.24014931917190552,-0.9098663330078125
633,633,1,0.99880683,284.6214860382361,51.44295098967675,588.7715834768954,-0.027199860265637837,0.45596490008499835,0.33452022075653076,0.20739035308361053,-0.919285237789154
634,634,1,0.99881184,287.4481734676088,52.19753172572757,598.6289217280187,-0.038295903935412774,0.4185956568847535,0.3347376585006714,0.18425770103931427,-0.9241211414337158
635,635,1,0.99929833,283.60124973399246,51.648283504961114,596.6506135907734,-0.046400502974923596,0.39061589326191404,0.34840232133865356,0.17111434042453766,-0.9215940833091736
636,636,1,0.99914515,281.1780846631637,49.93491941480149,594.1543138816082,-0.06939398266072382,0.37793403757294264,0.3714887201786041,0.1675007939338684,-0.9132029414176941
637,637,1,0.9992606,282.7375969310129,49.240088097152686,599.9601654439516,-0.09995310754739771,0.4119524263295227,0.3888552784919739,0.18325026333332062,-0.9028903245925903
638,638,1,0.9990927,275.5815477747678,48.17274181202984,589.5558918750911,-0.08754095288950497,0.4062047355317076,0.3956834375858307,0.1845535784959793,-0.8996525406837463
639,639,1,0.9989299,276.3285221678461,45.618235437321964,594.9895454536417,-0.09890081907705525,0.4011924765630045,0.3997137248516083,0.18443123996257782,-0.8978942632675171
640,640,1,0.9990839,290.00313749295617,45.7383449923405,629.3757237652368,-0.16150151911781652,0.4259471669156286,0.40620192885398865,0.18640880286693573,-0.8945679068565369
641,641,1,0.99924916,290.90942627331543,45.7129595110384,641.8186235196371,-0.16341796858650026,0.4168255243896006,0.3994860053062439,0.17915183305740356,-0.8990637063980103
642,642,1,0.9993656,287.1221510118376,45.23008324762487,640.7086132075449,-0.15093734769271977,0.39057998928649035,0.39656850695610046,0.16813650727272034,-0.9024763703346252
643,643,1,0.9995969,288.67242960245954,43.98644688503788,653.4141276839122,-0.16408687035409839,0.3601716920822277,0.3968137800693512,0.153315931558609,-0.9050044417381287
644,644,1,0.99934024,293.04490999564723,42.648629162636134,670.7399572052815,-0.18529897304761228,0.3214402540724777,0.3963990807533264,0.1348564326763153,-0.908119797706604
645,645,1,0.99723995,287.85718367554256,41.583629641991216,669.7133203195057,-0.1836158050352515,0.27448418993969265,0.4022234380245209,0.11582015454769135,-0.908186137676239
646,646,1,0.9972874,296.1652262721407,41.37990759995037,691.5591929861806,-0.21554085720246685,0.2619003324174813,0.4013577401638031,0.1078564003109932,-0.9095487594604492
647,647,1,0.9960877,302.15122755307124,39.025438567209456,717.7743191960644,-0.23091301603243986,0.2516068043544788,0.3906818926334381,0.1036120057106018,-0.9146760702133179
648,648,1,0.9968502,296.5351869198863,37.84873323367302,712.8620638818899,-0.21012911837282966,0.18595762133192437,0.38634949922561646,0.07886631041765213,-0.9189745187759399
649,649,1,0.99848264,302.5988939770498,38.513817287659066,740.4064915095795,-0.21646106256872732,0.16309318361105696,0.37016329169273376,0.06659656018018723,-0.9265764951705933
650,650,1,0.99803036,291.52646973743236,38.14330711508873,729.5847445173713,-0.1670410977831359,0.11485216905498338,0.35677415132522583,0.04800260439515114,-0.9329565763473511
651,651,1,0.9973884,284.2344657490795,39.339770200509236,725.7684062658631,-0.14348600249979707,0.0795776739359135,0.3518635034561157,0.0320359542965889,-0.9355030059814453
652,652,1,0.9961026,283.2708618387035,39.808653619389155,730.7180436023697,-0.1277056016086169,0.0370701648200862,0.3403036296367645,0.014064667746424675,-0.9402104616165161
653,653,1,0.99489474,275.7054559842602,40.34063789845385,732.6153100789599,-0.1051374299325453,-0.00011385130611399748,0.33362457156181335,-0.0018342339899390936,-0.9427042603492737
654,654,1,0.99541557,283.6230551752737,40.09684035909625,765.7062850878457,-0.1352452183522469,-0.03151538059798759,0.3292175829410553,-0.012554001994431019,-0.9441706538200378
655,655,1,0.99257237,277.70099415722734,37.87315334538934,757.5967712198063,-0.11609087295508765,-0.03889736666442416,0.3273780643939972,-0.0130320955067873,-0.9448035955429077
656,656,1,0.9949706,284.7098876043125,34.74386148144448,783.1670447309766,-0.1540912537271879,-0.029176722446116705,0.3325241208076477,-0.004301795270293951,-0.9430849552154541
657,657,1,0.99603194,278.91802483372845,31.88422910735228,763.6942627882494,-0.13735467937193682,-0.06306290773123215,0.33626168966293335,-0.013782387599349022,-0.9416677355766296
658,658,1,0.9965767,281.0436011918561,30.833221735615933,768.3765109103933,-0.15140806886728167,-0.08511688894262076,0.3401322066783905,-0.02018817514181137,-0.9401609301567078
659,659,1,0.9938928,282.2532274130378,29.42054028762708,756.3701508620488,-0.1580097015490398,-0.07708642696701896,0.34782925248146057,-0.015501202084124088,-0.9374297261238098
660,660,1,0.9958818,285.4548584777537,29.700336289878567,750.7072937360339,-0.1746198568109821,-0.11431812558756393,0.3560091555118561,-0.02952427975833416,-0.9340159893035889
661,661,1,0.9939494,291.4140880427244,31.008130047747077,753.861966894609,-0.1716757528170682,-0.11433859940517792,0.34616619348526,-0.03126148879528046,-0.9376521706581116
662,662,1,0.99397874,295.5876430256242,32.99735461285635,753.763733514927,-0.16972441591922036,-0.11311213492353725,0.34027719497680664,-0.033479124307632446,-0.9397290349006653
663,663,1,0.9940889,297.2026908387693,34.88981002876654,749.6163246733171,-0.1542632231192175,-0.1316193258173276,0.3302486836910248,-0.04353978484869003,-0.9428892135620117
664,664,1,0.9915889,299.79795992003966,36.3140917265739,752.3484441054751,-0.1443834768512344,-0.10668050966641872,0.3204021453857422,-0.036214906722307205,-0.9465891122817993
665,665,1,0.9965571,301.60508426922587,37.94662803220634,748.640217297263,-0.12776437629967985,-0.11768387868164877,0.3090568482875824,-0.0432107150554657,-0.9500614404678345
666,666,1,0.996863,286.16597208624376,37.608107387346564,706.4688721067982,-0.05854978753851921,-0.13340284415319034,0.298785924911499,-0.05343049019575119,-0.952823281288147
667,667,1,0.99590755,295.0538252993509,39.96991096741366,726.495556668843,-0.07706222073887908,-0.13648071497297926,0.2922225594520569,-0.05601229518651962,-0.9547086358070374
668,668,1,0.99617434,302.62234313093984,41.16178801358833,742.7181406354321,-0.10307276544581186,-0.12058291127602234,0.294147253036499,-0.04967505857348442,-0.954468309879303
669,669,1,0.9952395,301.28388132781447,42.32773070930123,740.7930582581049,-0.06686849029514233,-0.07444228454369965,0.27335038781166077,-0.034592390060424805,-0.9612923264503479
670,670,1,0.9947661,299.1641971228385,42.63323560132193,736.6585667844483,-0.025904511335755966,0.070587651616482,0.2509225904941559,0.021574465557932854,-0.9677667021751404
671,671,1,0.99335974,301.6386478880809,45.1324706081982,750.4023496569483,0.0017331280136510762,0.31867020671966306,0.22388894855976105,0.11766700446605682,-0.9674854874610901
672,672,1,0.9932573,292.55247155608265,40.736978322897095,739.7427498791544,0.06963694250927654,0.5981629261722156,0.186818465590477,0.24070800840854645,-0.9524486660957336
673,673,1,0.986778,275.332471137695,32.49395146815153,728.5864297255463,0.1507036066356969,0.9624840407892339,0.14437060058116913,0.40069320797920227,-0.904766321182251
674,674,1,0.9924074,254.13270945854376,29.44356494554319,690.2792646535821,0.35242962765773594,1.2724002688126554,0.0187922865152359,0.5378472208976746,-0.8428328037261963
675,675,1,0.99430966,259.2069162298263,31.658059594622227,705.1865091062792,1.0152166635856203,1.7055332128446443,-0.4154531955718994,0.5820379257202148,-0.6990211606025696
676,676,1,0.9945088,254.49335430118097,31.40127780718395,693.1410896806209,1.1239092513198659,1.453000008195387,-0.4831550419330597,0.5002765655517578,-0.718529462814331
677,677,1,0.99103844,255.6602683600058,30.93230406335192,691.8853242103686,1.1846714879513096,1.1660498901107914,-0.5257089138031006,0.4022511839866638,-0.749549388885498
678,678,1,0.9858746,268.8648397326262,31.377142202412525,721.3071121300962,1.1888810124098532,1.0125255271410758,-0.5291481614112854,0.33787739276885986,-0.778357982635498
679,679,1,0.9881011,269.4500820333635,33.46000784136362,716.8731542228273,1.1250697712635962,0.9022564193055925,-0.5043654441833496,0.30810803174972534,-0.8066505193710327
680,680,1,0.9908505,272.637746716349,35.04319640702141,717.0332467251316,1.0148366801226245,0.916989356367285,-0.4513772428035736,0.3247511386871338,-0.8311409950256348
681,681,1,0.9904054,288.40280146829855,39.66734726899206,746.2792767551891,0.7219969547715425,0.9828583816567362,-0.2837422490119934,0.3627532422542572,-0.8876375555992126
682,682,1,0.9943883,277.58077075072475,42.518265539397966,706.6114803627651,0.3845747935395263,0.8118921420080346,-0.03273111581802368,0.3357679545879364,-0.9413758516311646
683,683,1,0.9884022,316.9172471676398,52.31051428603954,765.2901638938397,0.04974796173067323,0.8033681727984211,0.15900000929832458,0.3004720211029053,-0.9404443502426147
684,684,1,0.9909112,358.7732658678195,56.8339518860987,845.4405312749199,-0.3163676924902105,0.7776713624357545,0.32129594683647156,0.2556498348712921,-0.9118179678916931
685,685,1,0.9932423,363.55280962158184,59.07502336591287,849.5452824264075,-0.4235323417291152,0.6942606742938603,0.3759535253047943,0.22079415619373322,-0.8999493718147278
686,686,1,0.9945562,364.6306584028005,59.75722060469938,847.2136134726034,-0.4465859809692765,0.6253512273462195,0.3890910744667053,0.19642800092697144,-0.9000134468078613
687,687,1,0.996888,364.1628601172374,60.31305710096288,839.5751857833669,-0.4525092739608843,0.6324145808715066,0.395822137594223,0.19963330030441284,-0.8963656425476074
688,688,1,0.9966877,366.6411060116009,60.07956865630521,843.9307922922953,-0.45721406468206727,0.6771451562252526,0.39345628023147583,0.2144366204738617,-0.8939849734306335
689,689,1,0.9963833,356.41679224621885,60.99395077675549,821.8181579300482,-0.40780046734653397,0.7501754827804127,0.38514798879623413,0.24460355937480927,-0.8898483514785767
690,690,1,0.99693584,358.08685313998944,62.890748438715015,822.138147063774,-0.4018132292030097,0.8965577639330362,0.3770032525062561,0.29368355870246887,-0.8784182071685791
691,691,1,0.9967796,364.30786233906935,66.44368177441088,836.0153914696975,-0.4264299954931901,1.120418981090524,0.3725734353065491,0.35973671078681946,-0.8554405570030212
692,692,1,0.9963109,366.88654598840844,70.3652051557459,837.6927352015418,-0.44675308313980455,1.3600879265325625,0.3717096149921417,0.4296931028366089,-0.8229190111160278
693,693,1,0.99415344,370.7976747128591,74.13853469234611,845.3181721593987,-0.4793656680388905,1.588295030250818,0.3724384903907776,0.4878317415714264,-0.7894997000694275
694,694,1,0.9959661,372.2628618991128,76.29279400542617,845.5586362866201,-0.4898064354003447,1.7095127709996873,0.3705101013183594,0.5184659957885742,-0.7706589698791504
695,695,1,0.9960616,364.17038003209433,77.9318371979253,828.7014918343339,-0.45659115927496563,1.7264554909174796,0.3660544753074646,0.5305444002151489,-0.7645435333251953
696,696,1,0.9957624,373.47098087593605,79.39696606554811,850.0574477562665,-0.4944675822665579,1.7451886543908297,0.36907586455345154,0.5233029127120972,-0.7680736780166626
697,697,1,0.9961921,373.46545513620816,80.2054713419921,851.6822616623289,-0.47762563058919866,1.730169335702614,0.3610086739063263,0.5194531679153442,-0.7744941115379333
698,698,1,0.9975261,361.05501137992854,78.82360046957707,825.5930137268232,-0.4294405468633945,1.7643424570864754,0.3540484607219696,0.5432096123695374,-0.7612969875335693
699,699,1,0.9977762,360.93718853669674,79.42299163408889,827.6300893006342,-0.4388346779844766,1.9861563406792668,0.34578678011894226,0.5967429280281067,-0.724105954170227
700,700,1,0.99740016,366.96649782776126,80.2757317312868,840.4620001872963,-0.488860612729448,2.3730665803319098,0.3379581868648529,0.6703492999076843,-0.660618007183075
701,701,1,0.9974185,372.0337169588547,81.56932791146517,854.8628891027735,-0.5727888935800342,2.7752105862707395,0.34315401315689087,0.7265253663063049,-0.5953202247619629
702,702,1,0.9975236,375.41512328246944,82.02518054963427,862.5735203952837,-0.620397846112577,3.0148074342911904,0.3436504304409027,0.7544560432434082,-0.5591963529586792
703,703,1,0.9975662,378.9237167426338,81.90848104454044,870.0910384486766,-0.644272567359567,3.068348034879106,0.3459222912788391,0.757278561592102,-0.5539557337760925
704,704,1,0.99694604,375.75990194881547,82.42821766332571,864.0323000857005,-0.6049221997136346,2.7704417865659026,0.3527405261993408,0.7190770506858826,-0.598750650882721
705,705,1,0.996933,382.0368322611309,84.59622245948978,878.2234249801973,-0.5822829172328229,2.493283637893595,0.3529037535190582,0.6682037711143494,-0.6549524664878845
706,706,1,0.9971841,378.8731604060192,83.6982784025853,870.9174816903661,-0.5273160208033265,2.2708619171309614,0.3454400599002838,0.6329136490821838,-0.6928863525390625
707,707,1,0.9967002,374.0154747503613,83.58163721221949,861.3121063080793,-0.47509591866595646,2.111474101699658,0.33634620904922485,0.6067302227020264,-0.7202427983283997
708,708,1,0.9961605,379.84171150046797,84.92013256887104,875.5296671767264,-0.47864891626553063,2.076717478828108,0.3313003480434418,0.5923463702201843,-0.7344153523445129
709,709,1,0.99611807,371.81089450129775,83.76482297383808,858.1213960388932,-0.45291305810518934,2.0034580446550048,0.33429986238479614,0.5846216678619385,-0.7392300963401794
710,710,1,0.9957534,375.7033382837065,83.52018026309264,864.9752564083159,-0.4599654604475253,2.000520146615944,0.33246558904647827,0.5811198949813843,-0.7428097724914551
711,711,1,0.995201,377.11086505608654,83.66772309606873,867.1267188311095,-0.4667426701736503,2.008633395580779,0.3335556089878082,0.5816476941108704,-0.7419074773788452
712,712,1,0.99533147,377.28271453680895,83.76387072980417,869.4142023330778,-0.4667888777456716,2.024459049688004,0.33198338747024536,0.5843019485473633,-0.7405257225036621
713,713,1,0.9953009,376.9131222227583,83.75023230818147,868.3849177505472,-0.46098907961487534,2.0403543471697017,0.3288407623767853,0.5889413356781006,-0.7382491827011108
714,714,1,0.995333,377.5735970272212,83.61643105692933,869.983397991843,-0.46145464562075367,2.04277048472608,0.32788583636283875,0.5889585018157959,-0.7386600971221924
715,715,1,0.9956736,375.62757810718443,83.6372808717951,867.447806530693,-0.4539126296302103,2.0213628863550688,0.32775822281837463,0.5853531956672668,-0.7415768504142761
716,716,1,0.996644,379.9240460153824,84.41143917532649,877.6824972337207,-0.46618254505736006,2.013216412954251,0.32779932022094727,0.5780233144760132,-0.7472862005233765
717,717,1,0.9963832,386.2793519878841,84.898710035727,891.9970027941836,-0.48845452752084306,2.0298924210852722,0.3284466862678528,0.5745424628257751,-0.7496824860572815
718,718,1,0.9964169,387.33569037776437,84.92147963094511,894.3417559751477,-0.49628505772746434,2.041928587488037,0.33008769154548645,0.575843334197998,-0.7479616403579712
719,719,1,0.9960418,377.2534029353115,83.20193781824975,871.5397105322751,-0.4768987248831114,2.0272408593873648,0.3362068235874176,0.5834770798683167,-0.7392695546150208
720,720,1,0.99566215,365.96122144825034,82.15732155690358,847.3379277134336,-0.4650867099985321,2.104942113245538,0.3425424098968506,0.6118160486221313,-0.7129838466644287
721,721,1,0.99576664,373.7066585181069,83.17648358948868,865.428089676154,-0.5400606128061953,2.2970971556428608,0.35559746623039246,0.6386215090751648,-0.6824317574501038
722,722,1,0.9960664,359.53467359891823,81.12009116636925,831.2091149675601,-0.5188607385150812,2.0971845173350068,0.3791940212249756,0.6110038757324219,-0.6949001550674438
723,723,1,0.9971933,357.92509789099216,77.28510624838016,824.3271137932683,-0.527598623541718,1.8804791432451418,0.3996823728084564,0.5641124248504639,-0.7225172519683838
724,724,1,0.9973356,358.5768918131312,74.82426199167314,821.3540968094675,-0.5033186974984338,1.593845985778848,0.4042748808860779,0.4943114221096039,-0.7695571184158325
725,725,1,0.9979074,349.378427720964,70.5958729061548,802.4357843965654,-0.4189366205378451,1.1982393361010144,0.3944208025932312,0.39143839478492737,-0.8313893675804138
726,726,1,0.99810153,358.7096124121811,71.39668571010964,823.570074149471,-0.4270837492509255,0.9815924552863362,0.3885263502597809,0.3118288516998291,-0.8670697808265686
727,727,1,0.9981869,354.7813353492533,70.79088874284872,813.6438457487358,-0.3900479978193896,0.8479308125735766,0.37953194975852966,0.27058839797973633,-0.884724497795105
728,728,1,0.998401,351.5176264125965,70.36115370103228,806.8794893742894,-0.36132611714996266,0.8310617337259457,0.36984145641326904,0.2678546607494354,-0.8896466493606567
729,729,1,0.99842036,353.8385673340913,70.53027457612576,813.2007829096132,-0.36313994364982827,0.8201905399398065,0.36609530448913574,0.2621544599533081,-0.8928881287574768
730,730,1,0.9985073,348.01534132285997,69.98468323756826,800.226920972847,-0.3334117194346457,0.7946531018789134,0.36096054315567017,0.25778281688690186,-0.8962452411651611
731,731,1,0.99845195,344.8578574863813,69.55447153397047,792.8177177924116,-0.3110018657964413,0.771706413733202,0.3546867072582245,0.2524828612804413,-0.9002497792243958
732,732,1,0.99830127,353.08973279305957,70.09006376538811,811.3629441337735,-0.3291419634614903,0.7798276403177752,0.34880486130714417,0.24984179437160492,-0.903279721736908
733,733,1,0.99851745,358.8291677827856,70.82019642742084,825.4811369045602,-0.33988904877882586,0.7793451595896644,0.34343984723091125,0.24519680440425873,-0.9066022634506226
734,734,1,0.9981851,358.3732329520756,71.90324245959611,825.9889173054024,-0.31352232547670583,0.778801218565877,0.3285413384437561,0.24432598054409027,-0.9123406410217285
735,735,1,0.997663,368.0433836764521,73.35630263328558,847.6859907182866,-0.2389310947052579,0.8011465654570088,0.2657470703125,0.24713274836540222,-0.9318282604217529
736,736,1,0.9974795,365.6489551094641,72.96943679994872,844.6686574423815,0.0068942996286019504,0.6521325990485075,0.11536111682653427,0.19496434926986694,-0.974002480506897
737,737,1,0.99070954,308.11080242806963,57.4787014521957,737.6703463386388,0.370321493291792,0.371860825774747,-0.05708059296011925,0.11779795587062836,-0.9913957118988037
738,738,1,0.98792946,303.08752969164993,54.11434924818908,748.6907171269527,0.6109356754854425,0.3157963850677428,-0.2206525355577469,0.08887188136577606,-0.9712951183319092
739,739,1,0.9898449,315.79478117698073,58.64482138646455,785.568812731753,0.7666127020723245,0.2681190229415384,-0.32117578387260437,0.05506594479084015,-0.9454172849655151
740,740,1,0.99138826,312.99219116022465,58.92982914914932,779.6096236262712,0.8771305801074302,0.33270489629896016,-0.3854614794254303,0.07477940618991852,-0.9196887612342834
741,741,1,0.9939143,300.75653280796234,54.16139233741925,748.1463424783918,0.7593145654146666,0.5294474910188808,-0.3203052580356598,0.16667240858078003,-0.932536780834198
742,742,1,0.9902068,299.6695278073349,53.4667485969637,745.6722109251228,0.5916068421464772,0.7468118237164565,-0.2115286886692047,0.26587221026420593,-0.9405145049095154
743,743,1,0.9939447,337.6028122080658,66.83719411803314,823.3390913037142,0.3253566021432379,1.2219071501606082,-0.06995614618062973,0.40673813223838806,-0.9108623266220093
744,744,1,0.9925241,352.01635385131226,73.7992183288355,837.9290676169626,0.04534164476889454,1.6780254258337297,0.08699388802051544,0.5406901240348816,-0.836711585521698
745,745,1,0.99308217,367.5975247268598,75.56665617706868,861.8480822659793,-0.1878394221740506,1.8097427287090746,0.20229017734527588,0.557937741279602,-0.8048503994941711
746,746,1,0.9958546,377.28226352609363,75.61840249803812,875.3029513688938,-0.27159817966485567,1.7348630883617029,0.23959112167358398,0.5286504030227661,-0.8143248558044434
747,747,1,0.996557,370.3157350032159,75.16130615590315,858.3841156186731,-0.2873513502215395,1.6327835430151412,0.26376277208328247,0.5072489380836487,-0.8204436302185059
748,748,1,0.9970752,372.7958557071322,76.039374466611,865.6453060858693,-0.31765964074819614,1.6122647635144034,0.2772417366504669,0.4959540367126465,-0.8229013681411743
749,749,1,0.9969983,383.9025837238498,78.07999369223045,890.8595195581329,-0.3574617716611467,1.6328632401502992,0.2805856168270111,0.4879313111305237,-0.8265559673309326
750,750,1,0.99702305,384.0497807842371,77.7909635409613,889.9523382146627,-0.3429111008636526,1.6033419038890797,0.273893803358078,0.4812193214893341,-0.8327125310897827
751,751,1,0.99671113,361.1130260995198,76.20606200759612,837.1799065840188,-0.2452280126703998,1.5016111810748958,0.2603118121623993,0.47938236594200134,-0.8381112217903137
752,752,1,0.99671304,366.71201768966927,77.68910237157569,850.6851190241752,-0.22732377977044552,1.540314017925592,0.2390226423740387,0.4848004877567291,-0.8413302898406982
753,753,1,0.99607617,365.4937853476697,77.63083910990251,847.4768528238337,-0.1858075643487772,1.5566532412468312,0.21595026552677155,0.4929219186306,-0.8428484201431274
754,754,1,0.9963862,372.2153956686727,78.02363185382988,862.8363689275856,-0.16917254249099348,1.5731915252832365,0.19486960768699646,0.4913637042045593,-0.8488743305206299
755,755,1,0.9950995,364.3411965088328,77.47517389209956,845.5474406704672,-0.11426144821980624,1.527427091001426,0.17532306909561157,0.48777782917022705,-0.8551810383796692
756,756,1,0.9957123,365.27847187749654,78.7738443342635,848.7618432371584,-0.11555117820285915,1.587441851084111,0.17267315089702606,0.5028196573257446,-0.8469690084457397
757,757,1,0.9963689,374.2959199584918,79.54522777243275,869.7093628178212,-0.16904411176118767,1.7834317454631765,0.184223473072052,0.5454773306846619,-0.8176284432411194
758,758,1,0.99636495,370.4096741244032,80.46039663986296,861.6752678680224,-0.19672977458128635,2.00979994864416,0.19716770946979523,0.6044754385948181,-0.771838366985321
759,759,1,0.9956943,375.80698526760443,81.67525099568432,873.9608275578095,-0.27743871427684413,2.423062881595858,0.2155735343694687,0.6828382611274719,-0.6980401277542114
760,760,1,0.9959501,388.0715835925155,84.73953240514288,905.8478826935315,-0.38655832300776355,2.9434993487793806,0.22894611954689026,0.7491958141326904,-0.6215217709541321
761,761,1,0.9951173,370.8655151206586,82.53186720855736,863.5863845270302,-0.3619691530576598,3.2150586915045,0.22404110431671143,0.8025001287460327,-0.5529910922050476
762,762,1,0.99548584,377.5188939106968,83.49262906964479,880.5972210614531,-0.3913508206284108,3.5871766389883852,0.21189677715301514,0.8351719975471497,-0.5075308084487915
763,763,1,0.99511176,378.89251997192224,83.94605435419584,883.2375944525821,-0.3799646286451293,3.515063663544144,0.2091774195432663,0.8278790712356567,-0.5204431414604187
764,764,1,0.9949484,382.85650639550545,84.60197395229885,893.107347986362,-0.35586368978849614,3.2410439227533825,0.20715440809726715,0.795525312423706,-0.5694090127944946
765,765,1,0.99437696,376.93411232218983,83.64581629399147,876.5664989343186,-0.3105183666294733,2.7854475014846702,0.2141886055469513,0.7418728470802307,-0.6354117393493652
766,766,1,0.99409616,374.5057743224958,83.32506701801586,870.4007449135912,-0.26409817448757367,2.429574826927185,0.21044348180294037,0.6855452060699463,-0.6969514489173889
767,767,1,0.99356824,364.41564290860896,82.31371423465221,850.8462464033964,-0.18168007828738467,2.128470168164576,0.1922426074743271,0.6363891363143921,-0.7470285296440125
768,768,1,0.99296266,372.1350333085688,83.36578028228625,866.6917889834099,-0.15025221878857578,2.0005480596808245,0.1689484715461731,0.5998213291168213,-0.78209388256073
769,769,1,0.99258,371.3252660370792,82.94927427235454,867.0130465548114,-0.08265798218508179,1.8927922983951202,0.13421855866909027,0.575133204460144,-0.8069741129875183
770,770,1,0.99186444,374.7818263501121,83.25465924339278,873.9009311507401,-0.03795119219427962,1.82963624435877,0.10499847680330276,0.555964469909668,-0.8245477080345154
771,771,1,0.99157095,373.1638784502363,83.34033162962882,870.032295888921,0.0012890331105529452,1.7773855479476588,0.08497121185064316,0.5441887974739075,-0.8346487283706665
772,772,1,0.9911754,373.8305914292799,83.1961905309091,870.5930643791821,0.03196230640949593,1.7527663911242535,0.06613563746213913,0.5373889207839966,-0.8407373428344727
773,773,1,0.99054235,377.30989703731103,84.61464857839768,877.5195248464179,0.04015511601204147,1.756070292045567,0.05676325038075447,0.5336467623710632,-0.8438003659248352
774,774,1,0.99095106,378.5375405703416,85.19218246446768,881.3785698401867,0.028668064096673516,1.764264827493284,0.06192847713828087,0.5335178971290588,-0.8435185551643372
775,775,1,0.9893003,372.18062454816965,83.59407941357127,866.533509583318,0.01808566942445695,1.7255665780206246,0.07738207280635834,0.53160160779953,-0.8434522747993469
776,776,1,0.98884016,373.458635483931,84.3532987935483,868.2445158596444,-0.003880947706483252,1.7081026357707776,0.08961683511734009,0.5252067446708679,-0.8462427258491516
777,777,1,0.9913372,378.603707261999,84.9185450660578,880.2836952345575,-0.023862472660783347,1.716075429489064,0.09459591656923294,0.5209770798683167,-0.8483127951622009
778,778,1,0.99091387,372.56209036865135,84.1845121658642,864.4029232335348,-0.006010177524157222,1.6708772493007824,0.09318093955516815,0.5167656540870667,-0.8510408997535706
779,779,1,0.992833,371.26594785164804,84.9536639731139,860.7688018481222,0.012530219701163232,1.6666894324975052,0.0837269052863121,0.5167946219444275,-0.8520054221153259
780,780,1,0.9936627,375.18262715722443,85.63795269808134,868.2263106500282,0.01411926323607745,1.673153228975658,0.07748087495565414,0.5144053101539612,-0.8540397882461548
781,781,1,0.9949767,374.4722614885663,85.83239804915229,863.617331147898,0.04020370822739837,1.6515606201402926,0.06300240010023117,0.5103446841239929,-0.8576589822769165
782,782,1,0.99442744,377.7984799212484,85.90949624416221,869.5054824897597,0.046016006957657486,1.6550668714938066,0.05510397627949715,0.5083537101745605,-0.8593835234642029
783,783,1,0.9935294,376.23443204576864,85.23701041600204,864.9737854442118,0.06337240150871043,1.64800377903562,0.04653460532426834,0.5090392231941223,-0.8594845533370972
784,784,1,0.9933309,376.88569744588085,85.47720153762975,868.364703150101,0.0446348569175739,1.6782892242597574,0.05660799890756607,0.515920102596283,-0.8547642827033997
785,785,1,0.9933308,371.5525368755004,85.40555666264743,855.7401519310607,0.0011862412317228043,1.763348477214704,0.08853111416101456,0.5461112856864929,-0.8330214023590088
786,786,1,0.99372756,385.50131804300435,86.22756379432964,886.7516550933155,-0.10875636579391657,1.955747817698584,0.1298893690109253,0.5789409279823303,-0.8049572110176086
787,787,1,0.99406767,379.5034760911533,86.07482285238247,874.3622708926487,-0.1716738701914315,2.0563808911026977,0.1703811138868332,0.6073284149169922,-0.7759655117988586
788,788,1,0.9954235,388.5638218353629,86.15214697689578,895.7742742293827,-0.2949331196990233,2.225286041957008,0.21799281239509583,0.6300209164619446,-0.745354175567627
789,789,1,0.99443156,380.03728374944063,84.88440520452848,876.3915404705725,-0.320721714144457,2.378054888589805,0.23589441180229187,0.6689660549163818,-0.7048676013946533
790,790,1,0.9939751,376.445883141307,85.2906909989793,871.1956333755053,-0.3425882983593276,2.586384373809875,0.2410239428281784,0.7081228494644165,-0.6636788249015808
791,791,1,0.99020493,351.4893039061149,79.62277664916199,812.4783221030602,-0.2232013111065643,2.7226049145703723,0.2053268849849701,0.7652202248573303,-0.6101465821266174
792,792,1,0.9871257,341.4857590693885,75.32341302983177,807.2803250656394,-0.03965067679631972,2.780336977181841,0.11712461709976196,0.7862660884857178,-0.6066857576370239
793,793,1,0.98925424,312.28032148778397,65.71311774701896,754.0173712877958,0.4582618764768719,1.9879732707601603,-0.13304130733013153,0.663188636302948,-0.736532986164093
794,794,1,0.9880036,299.9838792692563,59.4459833679486,735.1085603323578,0.9096805716772001,1.3896585706858728,-0.40946653485298157,0.45903441309928894,-0.7884317636489868
795,795,1,0.9894488,308.02645373388924,58.092762398160374,754.7311212585195,1.0801393473635126,0.8214098986016499,-0.5037060976028442,0.24068623781204224,-0.8296688795089722
796,796,1,0.99048376,303.81504436438667,58.44408381414778,746.7262007341928,1.0838537372943975,0.2527497722077308,-0.4952179789543152,0.04108665511012077,-0.8677967190742493
797,797,1,0.98970544,298.05262865892234,58.2631960031786,727.2897902819049,1.066392503585191,-0.03850626373276017,-0.4782480299472809,-0.061513252556324005,-0.8760678768157959
798,798,1,0.9923469,294.70061387571144,57.66346219573876,721.1445950049492,1.0512779174701241,-0.10974894818778035,-0.4667763411998749,-0.08643659204244614,-0.8801411986351013
799,799,1,0.9918473,297.10598397855534,58.686682643194416,726.9025700973785,1.0324881483079158,-0.07336837116621703,-0.4588397145271301,-0.07438265532255173,-0.885400116443634
800,800,1,0.990593,304.96173968901235,60.053226943231664,745.4738913802576,0.9420434257054163,0.06118052366397553,-0.4175456762313843,-0.026224514469504356,-0.9082773923873901
801,801,1,0.98938507,301.7278577398655,60.84665841628195,733.9865329235162,0.7856701633774705,0.2437800314130816,-0.33638694882392883,0.04575587436556816,-0.9406116008758545
802,802,1,0.9897545,311.3585313728455,65.06387831787931,753.5035861911956,0.6225223882235223,0.4309660987506844,-0.24095863103866577,0.11910077184438705,-0.9631998538970947
803,803,1,0.9850749,339.7336186991693,75.77028252714871,805.7436356352042,0.41854656603647483,0.7884409502156474,-0.13332948088645935,0.24223670363426208,-0.9610123038291931
804,804,1,0.9911589,365.4470680120169,84.88671969337459,851.475771561225,0.2102966190222855,1.2997113993611829,-0.028662189841270447,0.4048056900501251,-0.913953423500061
805,805,1,0.9929005,372.9943354144654,87.63102206225237,866.4271762753024,0.02638947574751847,1.8983520742994726,0.06774711608886719,0.5747723579406738,-0.8155041933059692
806,806,1,0.9970343,385.4090377545665,92.7219158301264,887.9850870482902,-0.17978848741323897,2.526009764543945,0.15077027678489685,0.6956498622894287,-0.7023813724517822
807,807,1,0.99768734,385.2505796540997,94.73313946798278,887.9097913251253,-0.2618988092222867,3.0766570764574674,0.171004056930542,0.7788911461830139,-0.6033955812454224
808,808,1,0.9970079,378.3233440797316,94.68734365593043,872.1176138451427,-0.3292499656890373,3.5667150585781036,0.18815311789512634,0.8374165296554565,-0.5131588578224182
809,809,1,0.9967753,381.00707876272946,94.51701893224855,874.9648124351693,-0.4139508222085441,3.8060932006469677,0.2104429304599762,0.8536088466644287,-0.4765141010284424
810,810,1,0.99686676,373.12278701255906,92.11858835097712,857.428768489444,-0.4409216596289853,3.3312569881778047,0.25311097502708435,0.8097726702690125,-0.5293421149253845
811,811,1,0.9975332,373.2819669965895,87.31643354748944,854.5420766034822,-0.50070409265207,2.784262837786854,0.31085020303726196,0.73333340883255,-0.6046439409255981
812,812,1,0.9966402,366.7594840716122,80.94607561546788,841.851529271239,-0.4566724845436555,2.322044877861331,0.3256499171257019,0.6624459624290466,-0.6746240258216858
813,813,1,0.9950759,373.2280002999116,80.3600011682929,855.31004916512,-0.4258541317612542,2.084405217954316,0.31481900811195374,0.6098210215568542,-0.7273289561271667
814,814,1,0.9945141,366.6464559671387,78.68910210737158,839.129417174419,-0.31570940778033624,1.8241674320821835,0.2802124321460724,0.56303471326828,-0.7774785757064819
815,815,1,0.9945774,375.6580368541034,79.1502502390422,858.0733578371091,-0.267232474011434,1.7033445465241028,0.24445752799510956,0.5255675911903381,-0.8148736953735352
816,816,1,0.99464804,376.18466865137583,79.60032237257873,859.8247913446579,-0.20735453982329288,1.5859589312788016,0.21337193250656128,0.4941515028476715,-0.842785120010376
817,817,1,0.9948159,382.38481666871786,80.68486388481286,873.4435215541622,-0.18983882274186745,1.5308424271731804,0.19537922739982605,0.4719427824020386,-0.8597074747085571
818,818,1,0.9948645,361.486851222149,77.53086536215234,827.9458557884376,-0.1073807319573739,1.3975218325642553,0.18178218603134155,0.4562256634235382,-0.8710989952087402
819,819,1,0.9945696,380.32287258520074,81.38261400511784,869.1705466060389,-0.1528705293423182,1.4312326490993112,0.17949959635734558,0.4441635012626648,-0.8777806162834167
820,820,1,0.994062,393.1090512715845,83.21154654461711,898.2718012704008,-0.18875011812856585,1.447051554031411,0.18089844286441803,0.4345178008079529,-0.8823094964027405
821,821,1,0.99273515,356.6399078582242,79.56510303198687,818.9687696507925,-0.10734213155131585,1.3229407987077904,0.19191665947437286,0.433902770280838,-0.8802819848060608
822,822,1,0.9947871,363.06777071125777,80.68505118609006,831.6994352063174,-0.14053777921139024,1.3543414688770414,0.20167875289916992,0.43665069341659546,-0.876733660697937
823,823,1,0.99421173,370.274455287559,82.11810370075413,850.4991678861425,-0.179976361714187,1.4268030326224068,0.21135590970516205,0.4488708972930908,-0.8682417273521423
824,824,1,0.9945446,360.9232129156888,80.70140346706849,829.341573995123,-0.1818377200621375,1.435060656787895,0.22758959233760834,0.4616115987300873,-0.8573900461196899
825,825,1,0.9949292,369.3436148189049,81.85255676485792,848.050804231787,-0.2372700952857968,1.5073338637600484,0.24438074231147766,0.4723603427410126,-0.8468493223190308
826,826,1,0.9945133,352.88685197732565,80.0279093975661,809.1887218106816,-0.21035329048910326,1.4663553999118486,0.25804251432418823,0.47932225465774536,-0.8388469815254211
827,827,1,0.99324965,361.60021865018956,81.06693404590295,828.034230192157,-0.2613826915727921,1.5238107321571075,0.27150776982307434,0.48513901233673096,-0.8312181830406189
828,828,1,0.99336076,359.4189140605918,81.19868289390674,821.3098119209208,-0.28052817807883906,1.5540932453224798,0.285665363073349,0.4957540035247803,-0.8201361894607544
829,829,1,0.99372935,353.69130432387493,80.71712432446492,805.4123915675706,-0.2840909157884322,1.546475327785872,0.2988470494747162,0.5004363656044006,-0.8125601410865784
830,830,1,0.9942029,353.3628244342394,81.29089572347134,803.8909313492882,-0.3048379956398397,1.5607415837238263,0.31114768981933594,0.5033302903175354,-0.8061301708221436
831,831,1,0.99405766,353.21617979943994,81.07609348642643,804.0353869778806,-0.3159302459914093,1.5894680658664455,0.31619226932525635,0.5110373497009277,-0.7992892861366272
832,832,1,0.9937955,352.5300724463156,81.26526825205903,803.1245052316305,-0.3238912862654012,1.5962884962378707,0.32144811749458313,0.5125425457954407,-0.7962231040000916
833,833,1,0.99387556,351.9169448439295,81.18997422779249,801.2445289521355,-0.3299502192611996,1.602232523611013,0.3258093297481537,0.5146431922912598,-0.7930892705917358
834,834,1,0.99404776,358.9208308203736,82.09764171741612,816.114324752219,-0.35376946517844665,1.636378863906996,0.32569143176078796,0.5159477591514587,-0.7922897338867188
835,835,1,0.9939902,364.91667444107543,83.70197205143313,830.4753607020679,-0.3821468753446136,1.663459323409558,0.32973751425743103,0.5143164396286011,-0.7916765809059143
836,836,1,0.9943041,355.0919411381789,81.75902081032005,807.5011414834617,-0.351453077323562,1.6167761158166445,0.3319885730743408,0.5141856074333191,-0.790820300579071
837,837,1,0.9942292,350.80673853777654,81.5487727229044,798.4889298036552,-0.3390055061416063,1.5974850331495773,0.333297997713089,0.5133066177368164,-0.7908405661582947
838,838,1,0.9939447,347.3859141618861,80.42693771072429,791.7061893277036,-0.33230919386238306,1.578457743036777,0.3360700011253357,0.5118919610977173,-0.79058438539505
839,839,1,0.9943204,357.66630532351775,82.14607623414825,816.6089856935849,-0.359553490211674,1.6249480220982007,0.3306511342525482,0.5116894841194153,-0.7929966449737549
840,840,1,0.9952691,361.13497890884724,82.30909327500281,823.9353926734416,-0.3605057474204705,1.6236351354350005,0.32542887330055237,0.5083050727844238,-0.7973217964172363
841,841,1,0.99546105,382.53623582418203,85.93427861461548,870.7327331263651,-0.4196429178297212,1.6946644004839528,0.31924915313720703,0.5030857920646667,-0.803109347820282
842,842,1,0.99543947,373.0603348540035,85.33440806860244,851.5413364117389,-0.3612413058941894,1.6696110192723053,0.30384403467178345,0.5078978538513184,-0.8060511946678162
843,843,1,0.99552685,360.00657797576605,82.30408337035699,825.4949035339209,-0.29710938050914426,1.6186585064161467,0.29071253538131714,0.5106045007705688,-0.8091781735420227
844,844,1,0.99464524,378.5932698705656,84.8181708407907,868.1183197154613,-0.3405421010459873,1.714416182940355,0.2803034782409668,0.5152658820152283,-0.8098956942558289
845,845,1,0.99353456,371.8629078672315,83.82333380800411,856.9850229738939,-0.2870566821114957,1.7156743061255697,0.26016873121261597,0.5239271521568298,-0.8110564351081848
846,846,1,0.99320155,373.31144145295053,84.28416073242897,860.968519916317,-0.267494238232017,1.7448789306339905,0.24551144242286682,0.5309290885925293,-0.8110724091529846
847,847,1,0.9942048,375.1039971136508,84.43266602664907,864.9566289956327,-0.23898212122005077,1.7750481839513057,0.22535446286201477,0.5387523174285889,-0.8117642998695374
848,848,1,0.99511755,379.09503572235263,85.81870775040909,875.0021341567532,-0.1984729947030198,1.826947543717543,0.19421839714050293,0.5487948060035706,-0.8130826950073242
849,849,1,0.995742,376.62768260291585,85.65200831727562,867.0439815818763,-0.1952430498716047,1.9289198451547724,0.1926092952489853,0.5790043473243713,-0.7922472357749939
850,850,1,0.99588674,378.7488830041625,84.51318450968677,871.1561089953592,-0.21849119354487653,2.1109494787402343,0.19544154405593872,0.6205758452415466,-0.7594000101089478
851,851,1,0.9965892,384.1313931724748,86.02866556228531,881.3170567808525,-0.25083796743146913,2.404113408023812,0.19397981464862823,0.6758596301078796,-0.7110454440116882
852,852,1,0.9968894,395.18708333790295,88.89613008984975,903.884532833625,-0.33771540613158463,2.8541759160156297,0.20488150417804718,0.7390885353088379,-0.6416944861412048
853,853,1,0.9966318,383.46706087497085,89.08012434069367,872.4867604299384,-0.36394708062552916,3.1065568498243183,0.21951758861541748,0.7849944233894348,-0.5793063640594482
854,854,1,0.99692756,387.92201899394996,90.52753753956303,876.7482153607874,-0.4065409442558812,3.304494494997469,0.2249084860086441,0.8049671649932861,-0.5490392446517944
855,855,1,0.99484915,378.55673519710086,90.39576839702352,852.4143542218412,-0.3849106303594368,3.1089022990654196,0.2358318418264389,0.7907578945159912,-0.5648764371871948
856,856,1,0.99412584,376.00334126912634,90.1500033407292,842.6874578383362,-0.3483511274907647,2.794807431416026,0.23863813281059265,0.7530052661895752,-0.6132168769836426
857,857,1,0.993489,371.0253054564064,89.52241554329031,832.0073596661615,-0.2735933604399494,2.4327095814622517,0.225660040974617,0.7006297707557678,-0.6769014000892639
858,858,1,0.9952063,363.5775785066997,88.11275719968273,820.6395677412038,-0.22098419899770955,2.139649378060409,0.22065891325473785,0.6486340165138245,-0.7284116744995117
859,859,1,0.99443555,372.0088194560081,89.30348681039965,846.1457170043712,-0.21880911597524444,2.000835778019923,0.21224673092365265,0.6031803488731384,-0.7688464522361755
860,860,1,0.997738,372.437343188137,89.19984584164321,852.571488551355,-0.19771966734624846,1.857666414781949,0.20435333251953125,0.5648059248924255,-0.7995211482048035
861,861,1,0.9961361,383.97977800103416,90.37963918811526,881.7712900118755,-0.21903615816803332,1.857514680351793,0.19891513884067535,0.5496056079864502,-0.811397910118103
862,862,1,0.9955778,378.592508528014,90.12301412973284,874.6109966351186,-0.19555084075480497,1.8265348083453683,0.19368357956409454,0.5455548167228699,-0.8153874278068542
863,863,1,0.99527293,383.67327367196845,91.47647051165347,886.385005819708,-0.19292400148847014,1.8849494319809514,0.18279320001602173,0.5545769333839417,-0.8118072748184204
864,864,1,0.9946682,387.09464754306464,92.29038548258434,895.486451609108,-0.16757959767112476,1.9456518874938138,0.16143067181110382,0.5660921335220337,-0.8083810210227966
865,865,1,0.99564075,385.3175833191229,91.86999016783892,890.0930443453425,-0.1351675502058715,1.9676408915385522,0.14492551982402802,0.5753918290138245,-0.8049353361129761
866,866,1,0.99655557,380.2186674616801,91.4586861534094,878.0215439143677,-0.09817670248270716,1.9714336310944358,0.13051781058311462,0.5833160877227783,-0.8016903400421143
867,867,1,0.99658453,381.461404511028,91.09447985181829,880.8157552712123,-0.07779547849866851,1.989744757651788,0.11648281663656235,0.5871890783309937,-0.801024854183197
868,868,1,0.99629766,378.78864263488776,91.60146266115407,875.0690011879493,-0.06385644455293488,1.9847138880459958,0.11207513511180878,0.5886281728744507,-0.8005973100662231
869,869,1,0.99647117,380.78042389800186,91.89103518106454,878.6023729234844,-0.05355646815726292,1.9816280455702466,0.10363396257162094,0.5860942006111145,-0.8035880327224731
870,870,1,0.9971162,382.68700647215746,91.9757709821119,883.3948816442144,-0.07210215401238092,1.9863886944289384,0.1117425262928009,0.5845644474029541,-0.8036155700683594
871,871,1,0.99686325,383.9811165228288,92.56494139123068,886.1977945271327,-0.11910340885437626,2.0163173135146013,0.13623839616775513,0.5891749262809753,-0.79643714427948
872,872,1,0.9963163,377.2953868152162,91.6573326061477,871.7318996153789,-0.11143393656698533,1.9841729556689442,0.14177490770816803,0.5890238285064697,-0.795582115650177
873,873,1,0.99653614,377.7413432199905,91.17709688009887,871.6844011219031,-0.07707677742672847,2.005420860774831,0.12065467238426208,0.5954986810684204,-0.7942442297935486
874,874,1,0.99684274,376.27816013379385,91.89392864508494,868.7084308624131,-0.04585042086111165,2.0034324214027484,0.10442683100700378,0.5965132117271423,-0.7957808375358582
875,875,1,0.9960395,377.53189779936565,92.46622744228057,881.2178785312029,-0.02410790741568367,2.01870295605578,0.08890050649642944,0.5935769081115723,-0.7998520135879517
876,876,1,0.9953225,371.0073960667389,90.20073309321494,875.0932974977385,0.04760011896329284,2.014181837300085,0.05451882258057594,0.5972604155540466,-0.8001923561096191
877,877,1,0.99564266,359.5727362644404,88.25178460580571,853.229276447047,0.12347054690500237,1.982462482827259,0.02345815673470497,0.6017394661903381,-0.7983478903770447
878,878,1,0.99491286,367.56906509849676,88.8841584048552,874.9683118842855,0.1442720654645159,2.0343484997496795,0.001043378608301282,0.6019417643547058,-0.7985393404960632
879,879,1,0.9953941,369.04433713965,89.09855703477649,878.1222456743852,0.1786170736217744,2.039673713346934,-0.02080213651061058,0.6005175113677979,-0.7993410229682922
880,880,1,0.9946905,375.3070699475461,89.82391518808875,888.1032971887226,0.11015354618663814,2.0032042304101956,0.012839209288358688,0.5874155759811401,-0.8091837167739868
881,881,1,0.99630994,371.2997502082267,91.78809323848463,870.6815086230108,0.11235072451514966,1.9297768438966545,0.017386097460985184,0.5766916871070862,-0.8167768716812134
882,882,1,0.99622726,380.1522237952217,93.631615975258,882.8961433032263,0.12005371046652133,1.9341640785833871,0.0026343665085732937,0.5698555707931519,-0.8217406272888184
883,883,1,0.9963654,376.20684052330324,92.98525102986177,871.3790035761186,0.14758091902479992,1.8924014490737973,-0.00888155773282051,0.5649943351745605,-0.8250470161437988
884,884,1,0.99607843,375.71625909998596,92.44236175155423,872.3019918102381,0.18940469977063704,1.913668345431429,-0.0336824432015419,0.569197416305542,-0.8215106725692749
885,885,1,0.996099,377.95779351013834,92.9290740638287,883.3187203572701,0.23254734684017386,1.955388760948335,-0.06164158135652542,0.5719566345214844,-0.817964494228363
886,886,1,0.99509346,369.57634199627586,91.03694117320576,869.7588961487154,0.28407306402922033,1.9440024381849494,-0.0834726020693779,0.5755754113197327,-0.8134772777557373
887,887,1,0.99488986,361.33869995445235,88.31453123641988,865.4290286776987,0.3664890326570379,1.9491509659372026,-0.12307476997375488,0.5769841074943542,-0.8074292540550232
888,888,1,0.99554425,354.2943578478036,87.00267543325849,855.6315216313615,0.3882783499925944,1.94454903070384,-0.12908081710338593,0.5811054110527039,-0.8035263419151306
889,889,1,0.9958812,353.6500305203576,87.17827378681426,853.5534139776987,0.36173579432420705,1.9708549156366508,-0.11283719539642334,0.5904656648635864,-0.7991358041763306
890,890,1,0.99503505,339.28996560621806,83.57410854967235,820.5011796864792,0.28180641775824655,1.8217800241784747,-0.04925905168056488,0.5777108073234558,-0.8147538304328918
891,891,1,0.99617803,346.0339224169805,81.32447139366239,830.6015982489844,0.1388359361601134,1.6484580704112413,0.0362313836812973,0.5291655659675598,-0.8477447032928467
892,892,1,0.99604213,361.6989752929456,80.15895430088658,862.4047130263849,-0.012535849615191547,1.5009022616822596,0.1139908954501152,0.4707316756248474,-0.8748815655708313
893,893,1,0.9945762,344.4766986696611,68.93319912416368,812.205941590289,-0.08649923981149353,1.1487559383218613,0.198818638920784,0.3887079954147339,-0.899653971195221
894,894,1,0.99388605,339.17490327247697,65.51032003365721,798.7595426148437,-0.16067349242991727,0.8913435739626182,0.2632109224796295,0.3035378158092499,-0.915742814540863
895,895,1,0.9949869,346.7869707342931,64.74723084132565,813.9454141298216,-0.22800602216586294,0.7515669658577893,0.29437828063964844,0.24729065597057343,-0.9231407046318054
896,896,1,0.99618644,343.46820258136455,63.65679056779976,806.6117121218828,-0.25092009949476923,0.699094581464668,0.31557419896125793,0.23052473366260529,-0.9204733967781067
897,897,1,0.9956196,339.20190515266825,63.34492856316453,797.0387432979797,-0.24455216273658462,0.6702273158472931,0.3205602765083313,0.22248701751232147,-0.920728325843811
898,898,1,0.9960064,352.5097057537476,63.991880299816536,829.7379389640018,-0.28438999140663407,0.6725879711264643,0.3174971640110016,0.2146507352590561,-0.9236453175544739
899,899,1,0.9955909,334.2533715686798,61.39796193293038,786.4429771892518,-0.22873536896795577,0.6172575781734725,0.32117483019828796,0.20754043757915497,-0.9239987134933472
900,900,1,0.9952958,330.36655736165096,60.43053491683992,777.7390666001074,-0.21277612375204516,0.5931860162680761,0.31936347484588623,0.2016749083995819,-0.9259234070777893
901,901,1,0.9952957,329.6837025030197,60.26186013851986,775.3459654263725,-0.21251770160336428,0.5836264173803617,0.3210471272468567,0.19873611629009247,-0.9259766340255737
902,902,1,0.99578553,335.53370533719846,61.948938134137165,789.7137531128715,-0.23441773943348843,0.6038028092099008,0.3221799433231354,0.2009640634059906,-0.9251019358634949
903,903,1,0.9959268,335.5219851619627,61.943442553628955,789.1343654579958,-0.23597614314266466,0.6206940680756758,0.3231468200683594,0.2074662297964096,-0.923327624797821
904,904,1,0.9956321,334.9727904004089,62.10911612988432,789.1827432550432,-0.22780345277371894,0.6582520561604864,0.31816962361335754,0.22155620157718658,-0.9217813611030579
905,905,1,0.99564326,338.0544574652741,62.60204149604122,797.0957113801663,-0.2318014507295452,0.765645960662093,0.3122429847717285,0.2590353190898895,-0.914004921913147
906,906,1,0.99532014,340.1192497544102,62.9988674724741,802.0208930615457,-0.21305241438168812,0.9532315828958356,0.29210910201072693,0.326042115688324,-0.8990933299064636
907,907,1,0.99403507,338.20230159838945,61.84508113564712,804.9684652980565,-0.15202909555487223,1.3236489896289996,0.24318711459636688,0.454695463180542,-0.8568034172058105
908,908,1,0.99542916,320.6032858354237,60.57252185425764,779.6562310538452,-0.03576672600773728,1.8857190176821723,0.1736050695180893,0.633935809135437,-0.7536489367485046
909,909,1,0.9941433,293.8032895890182,57.97053793844463,741.5024849777716,0.12528854835421535,2.4298797497774207,0.08999354392290115,0.7731886506080627,-0.6277583241462708
910,910,1,0.9924281,290.22832375891653,57.29963047549369,742.778215229993,0.30792086528711005,3.3514105776992915,-0.021969368681311607,0.8842750787734985,-0.46644923090934753
911,911,1,0.9932348,277.7336113560504,55.49189841301497,731.6954683739779,0.5498465972719283,4.092854367536464,-0.11720825731754303,0.9270455837249756,-0.35615819692611694
912,912,1,0.9883952,279.5205602565563,55.80066715956301,745.0468791436398,0.5066674017450884,4.163417549940011,-0.0995759665966034,0.9288609623908997,-0.35679394006729126
913,913,1,0.98706764,273.30869675513463,56.87332064389016,733.9301818342786,0.4548845908951761,4.275818705450888,-0.07318515330553055,0.9389334917068481,-0.33622580766677856
914,914,1,0.9883216,275.6327442700935,57.459869866056295,744.451756912004,0.3257283184253429,4.441158474305191,-0.023240255191922188,0.9459109902381897,-0.323592871427536
915,915,1,0.9940739,276.58530963465654,61.35223041250285,754.134742121791,0.17760793302757377,4.233974768007942,0.037471260875463486,0.935246467590332,-0.3520084321498871
916,916,1,0.9948665,278.02766801604133,62.23664809144439,764.6794180171037,0.048169497393679664,3.8489992024728306,0.09923607856035233,0.9093047976493835,-0.4041249454021454
917,917,1,0.9951982,277.56290497086985,65.6281026117526,767.7461066460768,-0.06486462651252235,3.349527188964904,0.16890572011470795,0.8643151521682739,-0.4737406075000763
918,918,1,0.9971603,296.4561836854371,70.42185669172444,808.6896907960923,-0.23533714193511054,3.1105956458694366,0.24012933671474457,0.812727689743042,-0.5308593511581421
919,919,1,0.9983854,312.89772161809225,73.98081604056559,849.8993972924219,-0.35309857561663427,2.829817511928684,0.29090291261672974,0.7495007514953613,-0.5946630835533142
920,920,1,0.99774605,321.5141994639485,74.61025551750076,865.8809733449488,-0.44559033528094294,2.619973364694874,0.33536043763160706,0.7015595436096191,-0.6287667751312256
921,921,1,0.99811447,331.0939655464478,74.7070097146711,891.6948751726458,-0.5104602476104827,2.558074326482882,0.3544606864452362,0.6754646301269531,-0.6466105580329895
922,922,1,0.9976882,319.29693492650586,72.33618394698175,856.0187654105272,-0.45848436987462365,2.3538499514760813,0.36153078079223633,0.6563116312026978,-0.6622315645217896
923,923,1,0.996385,324.2129718312986,70.88116635711783,869.1508224641672,-0.47065388932680685,2.3510054502627167,0.35957616567611694,0.6507982611656189,-0.6687052845954895
924,924,1,0.99714535,323.0036276143055,69.60419383150945,861.3960357236532,-0.4524300871246051,2.2855019886930408,0.3579085171222687,0.6434620022773743,-0.676652193069458
925,925,1,0.99640626,319.5066203623237,67.19265464276435,848.3922074105072,-0.42861383644903145,2.2086068247186628,0.3572864532470703,0.6364853978157043,-0.6835443377494812
926,926,1,0.9984055,331.032918351974,66.92616053804618,872.4340008139828,-0.5012638129464855,2.2787046977187626,0.37036052346229553,0.6356765627861023,-0.6773097515106201
927,927,1,0.99785703,342.46420648685597,65.80345342392532,894.6082142060862,-0.5733407231697858,2.32508820038358,0.38401466608047485,0.631442666053772,-0.6736564636230469
928,928,1,0.9974383,351.0324786894918,65.64923629848518,913.1399987716114,-0.6295625632435767,2.3159407742225433,0.3969218134880066,0.6184026002883911,-0.6782560348510742
929,929,1,0.9976011,353.5380087216409,66.06120261060299,910.430495801918,-0.6523935421105634,2.2893456777193637,0.4068647027015686,0.6121143102645874,-0.6780688166618347
930,930,1,0.9977986,351.92595117971274,64.86516146045051,897.1835603380454,-0.662682884319565,2.2010443120926424,0.42106348276138306,0.5985479950904846,-0.681502640247345
931,931,1,0.9952636,342.4836970582794,64.45292909613971,867.2128299456735,-0.6155700706660113,2.0448472920567315,0.4267755448818207,0.5800693035125732,-0.6938171982765198
932,932,1,0.9969868,355.09788149821674,65.78767919089834,890.0359158858381,-0.6598199770829857,2.016095597601895,0.4308621287345886,0.5619423985481262,-0.7061010003089905
933,933,1,0.9961157,343.3013673730893,64.65579143962678,856.6595927035415,-0.589275806679292,1.8455304403000945,0.4300309121608734,0.5409077405929565,-0.7228363156318665
934,934,1,0.9964665,348.5039873805251,66.60198569597902,865.4129460220355,-0.6063747956708834,1.829331392018365,0.4318867325782776,0.5314356088638306,-0.7287318110466003
935,935,1,0.997815,354.0837003919815,67.27785008070869,876.4742900230934,-0.6426654283801759,1.8634917689566757,0.4378409683704376,0.5323549509048462,-0.7244953513145447
936,936,1,0.9980332,349.62343820233673,67.34383582259662,862.1222983549037,-0.6354636696529568,1.9071228930226305,0.44037064909935,0.5480537414550781,-0.7111334800720215
937,937,1,0.9984231,367.43392278911523,68.04306134466465,903.9870489144265,-0.7311013928004224,2.1065952391242457,0.44181814789772034,0.5702396631240845,-0.6925485134124756
938,938,1,0.9982167,358.44815643404337,68.8278204098301,882.5736947728952,-0.7111595123587008,2.1382345218519014,0.4450533986091614,0.5846730470657349,-0.6782956123352051
939,939,1,0.9980509,363.6567798707145,71.01983890410192,897.6505147707361,-0.7589535202130976,2.2163316438658973,0.4516119062900543,0.5898071527481079,-0.6694582104682922
940,940,1,0.99843985,355.50280385880234,71.36075460824108,876.7584755990947,-0.7272656416080423,2.161788538492556,0.4546980559825897,0.5876607894897461,-0.6692566871643066
941,941,1,0.9989868,353.27050913696525,72.34291782447166,871.5768090169532,-0.7001190624225772,2.116808951757891,0.45002567768096924,0.5820065140724182,-0.6773074269294739
942,942,1,0.998992,363.7260444500279,72.87787006756848,895.00573074988,-0.7152880099823865,2.357769064479609,0.4261390268802643,0.6231058239936829,-0.6558542251586914
943,943,1,0.99855644,355.43306395366966,71.45800462015215,873.9140531437888,-0.6550867681549021,2.6980510738059222,0.38999107480049133,0.6979384422302246,-0.6006571054458618
944,944,1,0.9961533,329.0169358160749,62.19479018569505,825.947462309381,-0.4975003609528572,3.1230983139673767,0.3232579231262207,0.7918674945831299,-0.5181218981742859
945,945,1,0.9933842,283.43959620956076,50.694576340127476,737.1993046993604,-0.3282453776225595,2.906202664309363,0.31243896484375,0.8102982640266418,-0.495780885219574
946,946,1,0.9875294,274.7932246176022,45.51527966579803,729.1800905030454,0.3476067101265995,1.8008396251862906,-0.01431466918438673,0.6552820205688477,-0.7552487254142761
947,947,1,0.99106115,256.77841862136864,35.17143870122541,705.1204408956522,0.776372676471202,1.2116642927971029,-0.29051631689071655,0.467788428068161,-0.8347300887107849
948,948,1,0.9918303,255.50602757379548,32.84184445413826,706.6485442903972,0.8518897737484619,0.6503403974603581,-0.3411274254322052,0.2503804862499237,-0.9060583114624023
949,949,1,0.99382037,253.9448258727651,31.647345248197524,703.0711698205527,0.8994911201228845,0.2116370331905421,-0.3621130585670471,0.07146743685007095,-0.9293904304504395
950,950,1,0.9922862,255.32346260903967,32.03569531788511,711.2683929037986,0.9265870423131704,-0.01152968173909746,-0.3677305281162262,-0.018702184781432152,-0.9297443628311157
951,951,1,0.99346936,254.6788946139644,30.209439899483925,717.1413502149145,0.9327745037985967,-0.0268793377697171,-0.36735615134239197,-0.02216438762843609,-0.9298162460327148
952,952,1,0.9913243,253.09070983575975,30.251894579315223,713.6741989924113,0.9268784875350751,0.017190143409668568,-0.3655334413051605,-0.005184059962630272,-0.9307838082313538
953,953,1,0.9934924,261.63704790970297,29.765484560359567,740.1538781570111,0.9161112679903857,0.08456136481679158,-0.3598780930042267,0.021272575482726097,-0.932756781578064
954,954,1,0.9870452,260.2522822321452,30.368745293390173,741.7131889672895,0.9045843803878363,0.17006791429860035,-0.3539181351661682,0.053406551480293274,-0.9337502717971802
955,955,1,0.9921852,255.33015760669423,30.463347894089676,733.7421268417537,0.9155139280008064,0.28501388537446265,-0.36186596751213074,0.09812789410352707,-0.9270512461662292
956,956,1,0.99199694,261.00005300493535,31.004573051056244,754.3236744433138,0.9195563387676685,0.34760534747691624,-0.3633527159690857,0.11828486621379852,-0.9241123199462891
957,957,1,0.992698,266.64296070713874,31.358798200579276,771.5591191998018,0.9321981648315653,0.4690189149523203,-0.37203285098075867,0.15931448340415955,-0.9144454598426819
958,958,1,0.9930307,255.0920920376824,31.98334912383072,738.826268992329,0.925726116322248,0.44042809901515984,-0.3692527711391449,0.15507306158542633,-0.9162994623184204
959,959,1,0.9930749,259.07784643137376,31.09623676583662,749.383099130424,0.9309583834155022,0.4041266429188783,-0.37131786346435547,0.13983796536922455,-0.9179152846336365
960,960,1,0.98907137,259.0154609048114,30.644074630553224,746.8282185456123,0.9462161051295198,0.325187303856366,-0.3792996108531952,0.1099504828453064,-0.9187179803848267
961,961,1,0.99163955,262.46417459135336,30.05359668289618,755.9946793062737,0.9603073368213428,0.23586224811867215,-0.3844025731086731,0.07530150562524796,-0.9200893044471741
962,962,1,0.9955994,261.6534677878173,31.207325164434994,753.3300555543391,0.9098488006907182,0.12480775155830429,-0.3521121144294739,0.034349482506513596,-0.9353272914886475
963,963,1,0.9888509,273.3904222956274,34.43860313068702,781.3799730515789,0.785284595829811,0.18812608566958075,-0.282353013753891,0.05627470836043358,-0.957658588886261
964,964,1,0.992577,265.7181107447501,36.998728637063145,758.2488096930409,0.6770516319117957,0.3665030992663706,-0.21521969139575958,0.12916867434978485,-0.9679855108261108
965,965,1,0.99555486,266.130928640503,47.27962783249196,741.2196209985827,0.5842453524535406,0.6904290855986054,-0.16122059524059296,0.2555440664291382,-0.9532603025436401
966,966,1,0.99651474,290.9638295835651,56.393358171323534,788.9063362202538,0.38659978600915734,1.2590592282267605,-0.054248008877038956,0.44605404138565063,-0.8933605551719666
967,967,1,0.9978555,307.96911783614854,57.656191852029416,815.6914909645448,0.15533608432915594,2.121635591649487,0.06046271324157715,0.673828125,-0.7364102005958557
968,968,1,0.99663585,303.2961765649491,50.114247755034036,785.8498801360089,-0.086539243468443,2.6947503033585387,0.18188409507274628,0.7869985699653625,-0.5895349979400635
969,969,1,0.99439645,292.864554650661,37.264910155898015,744.5610059751153,-0.12115495421674652,2.355938268388667,0.2317725569009781,0.7548268437385559,-0.6136106252670288
970,970,1,0.99819714,286.7917783919674,32.7677868456843,727.8416783084011,-0.13956610566562003,1.7869012356788865,0.28594261407852173,0.6452043056488037,-0.708483099937439
971,971,1,0.9985222,298.06063689039905,30.343150895613146,752.3776196447737,-0.2223806750979083,1.296428132977754,0.34358781576156616,0.4907996356487274,-0.8006641864776611
972,972,1,0.9981451,308.73504962928547,34.22412185237234,775.9601357965242,-0.2552021751756644,1.0119711287332287,0.35625240206718445,0.3819420635700226,-0.8527628779411316
973,973,1,0.9987274,302.3832660055257,37.227546344043866,762.8149182907176,-0.2066969596499532,0.823661371560165,0.3463931083679199,0.3185123801231384,-0.8823614716529846
974,974,1,0.9978961,305.8577486367624,40.42473529752497,768.7063709524641,-0.1887205167410673,0.7556609563799164,0.3312934935092926,0.28871023654937744,-0.8982711434364319
975,975,1,0.9970969,315.1993238909634,41.84811810358138,789.3753411179704,-0.20018921982512533,0.7299229946440174,0.3204962909221649,0.2714140713214874,-0.9075331687927246
976,976,1,0.996792,310.5947595335778,41.87295092232646,777.1854710417211,-0.16793533556911724,0.6636228622863365,0.3117719292640686,0.25088444352149963,-0.9164361953735352
977,977,1,0.9972199,316.826820663665,41.359647527522135,791.9807859018792,-0.1829617936125175,0.6443268218451884,0.30872389674186707,0.2401794046163559,-0.92032790184021
978,978,1,0.9969289,307.823885044791,41.73951068958083,770.5808476474535,-0.15587738061438236,0.6024112713962909,0.31102433800697327,0.2296692579984665,-0.9222341775894165
979,979,1,0.9958525,314.64815776014586,43.385278633677395,785.1648837678805,-0.18781124327137486,0.590932352214424,0.31785497069358826,0.2192380279302597,-0.9224439859390259
980,980,1,0.996163,310.6815538033506,45.93289740330848,775.894195698415,-0.19630647369970386,0.5660404338963338,0.3318954110145569,0.20847444236278534,-0.9199912548065186
981,981,1,0.9965708,313.4454164556845,47.510369584425604,782.5738434415442,-0.22472761176132972,0.5604415685982626,0.3436576724052429,0.2023986577987671,-0.9170246720314026
982,982,1,0.9967931,308.02279593384407,47.40857049738444,771.9131098489061,-0.22749869322857919,0.5516468211128503,0.3559839129447937,0.20117603242397308,-0.9125807881355286
983,983,1,0.9973224,320.3804313757099,49.56092815631075,805.7313575584836,-0.2775837982290361,0.6265687376176214,0.35716673731803894,0.21813838183879852,-0.9082112312316895
984,984,1,0.9976367,320.3531513939757,49.86329362187174,806.9449872054789,-0.2728797124038772,0.6180378216585019,0.35413944721221924,0.21450716257095337,-0.9102593064308167
985,985,1,0.9975073,320.04190883261674,49.346407838450865,805.7615410816655,-0.23089047665575407,0.6172470522379527,0.33021602034568787,0.21609419584274292,-0.9188365936279297
986,986,1,0.9976829,312.51196532554513,48.608041127591356,787.2657827129711,-0.15521295845706345,0.6423866574386655,0.29886674880981445,0.23220300674438477,-0.9256135821342468
987,987,1,0.9966061,312.8044753982742,48.61049487339727,790.3974003675545,0.0020839933382434026,0.7027939505823876,0.19354845583438873,0.2566521167755127,-0.946925938129425
988,988,1,0.99419266,303.23873789606546,47.08087746692424,772.3774038724664,0.27226656539161836,0.7382885044280442,0.01732766069471836,0.2761634886264801,-0.9609544277191162
989,989,1,0.99341536,294.75757070125303,44.52724963826781,779.0582034795237,0.4817825630347833,0.6439374557959989,-0.11922057718038559,0.23247990012168884,-0.9652665853500366
990,990,1,0.99705875,273.4632920694396,41.167270323943846,742.3559350542959,0.6831832955170628,0.4770564119203529,-0.23656471073627472,0.1704668402671814,-0.9565449357032776
991,991,1,0.9985127,278.95602600537524,39.54984411110766,769.0252769202813,0.8624196023016647,0.4074363467869669,-0.3457208573818207,0.13001328706741333,-0.9292865991592407
992,992,1,0.997375,275.7679176658732,38.97777600750578,770.041457206516,0.9379111718726069,0.26619964255057066,-0.3811594843864441,0.07465212792158127,-0.9214903712272644
993,993,1,0.9971564,276.64480799968334,38.88991319605595,780.1003551305307,0.9622622229754338,0.12895000605731985,-0.386422723531723,0.023711388930678368,-0.922016978263855
994,994,1,0.9969229,281.1484557339733,39.23220512795066,795.1769042542111,0.9713536151068332,0.055414144509815584,-0.3866143226623535,-0.0029014714527875185,-0.9222369194030762
995,995,1,0.9980578,275.0533602055102,38.574814255669644,786.1451429433146,0.9900157518366745,-0.04270597957577305,-0.390007346868515,-0.03645187243819237,-0.9200899600982666
996,996,1,0.9983165,277.1467550332525,38.19989745681851,794.9791565867239,1.005770632570517,-0.0972810205303496,-0.39405426383018494,-0.05417436361312866,-0.917489230632782
997,997,1,0.9984224,284.14675877713677,38.76324084591701,813.6787027890927,1.0229167461097988,-0.10251293927852165,-0.40135422348976135,-0.05538900941610336,-0.9142465591430664
998,998,1,0.9982205,265.6950894984771,37.941534554775366,763.973921407447,1.0289483186101254,-0.10791656061720775,-0.40756216645240784,-0.05981026589870453,-0.9112167358398438
999,999,1,0.99819297,278.28689059261586,37.95858390042455,800.1865435312837,1.050285404300918,-0.12127784047224538,-0.4141145348548889,-0.06169488653540611,-0.9081315398216248
1000,1000,1,0.9980515,274.6796872347821,38.4384021439185,789.9766989270016,1.0529065209359105,-0.11903784401632983,-0.4164852499961853,-0.06227323040366173,-0.9070072770118713
1001,1001,1,0.99784565,277.66877998074216,38.63202615012011,795.9740789223839,1.0667746604490698,-0.12183549070508275,-0.42335304617881775,-0.0629710853099823,-0.9037736654281616
1002,1002,1,0.9972397,281.9352251239706,39.41395840834322,806.0290199653083,1.0722385985576204,-0.11423080902351368,-0.42591676115989685,-0.060627203434705734,-0.902728796005249
1003,1003,1,0.9976078,275.4765437381638,38.97411189660236,787.6716569439503,1.0678121086263492,-0.1066895183734844,-0.4261607825756073,-0.05895773693919182,-0.9027242660522461
1004,1004,1,0.9979417,263.0451981450039,38.30885431798094,751.0346587953081,1.051991294901646,-0.1041276956967496,-0.4229045808315277,-0.059942182153463364,-0.9041894674301147
1005,1005,1,0.9980101,278.54760467525927,39.26042374006057,796.0449923153202,1.0657364119555341,-0.10709523132467666,-0.4243207573890686,-0.05881392955780029,-0.9035999178886414
1006,1006,1,0.9979372,277.3699445358913,39.22533367438405,791.0729002908364,1.0426021039424163,-0.07595055157607716,-0.41546115279197693,-0.04864909499883652,-0.9083090424537659
1007,1007,1,0.9977787,276.4515934859482,39.213008412439954,787.2785534284543,0.9635416341397048,-0.045117861336168096,-0.37687551975250244,-0.03768535330891609,-0.9254969358444214
1008,1008,1,0.99760675,274.44661820872335,39.39835072170198,783.342068668101,0.9037339235954913,0.06596237199554962,-0.348232626914978,0.001984603935852647,-0.937406063079834
1009,1009,1,0.9970687,263.53303737602727,39.88568220734438,750.3721242480333,0.8943235711731419,0.12298934759007739,-0.3463873863220215,0.023103326559066772,-0.937807023525238
1010,1010,1,0.99692756,263.3071010101304,40.268531001618335,753.5981161042524,0.9127072326769692,0.15120688535749782,-0.3565915524959564,0.03259237855672836,-0.9336917400360107
1011,1011,1,0.99671483,266.64307292116433,40.40914079813917,759.2398343078875,0.9022567477085885,0.20840161760504003,-0.3538152575492859,0.053869809955358505,-0.9337627291679382
1012,1012,1,0.99654984,274.49716569598064,40.59977440939579,782.1276843372844,0.9022342959527396,0.34378336517589325,-0.356898695230484,0.10152235627174377,-0.9286099672317505
1013,1013,1,0.99641126,267.435216863882,40.53588930204263,762.2410395295252,0.9279220805645898,0.1929833026239776,-0.367662250995636,0.0468677282333374,-0.9287776350975037
1014,1014,1,0.996608,274.8288064141503,40.85819149996259,785.33751627212,0.9709403148037195,0.0663280575722349,-0.38458865880966187,-0.001055196626111865,-0.923087477684021
1015,1015,1,0.99638724,272.4853688809992,40.469842298711356,778.0555398182282,0.9607045817623339,0.02355789274038085,-0.3780442774295807,-0.015520580112934113,-0.9256573915481567
1016,1016,1,0.99645966,263.12684592222604,40.30237815361595,752.6489659046246,0.9590316853820449,0.0304745522208437,-0.3784930408000946,-0.013282380066812038,-0.9255088567733765
1017,1017,1,0.9964045,261.7928549500239,40.246432475182495,748.1370189051358,0.9493332876417026,0.05443013450338905,-0.37457770109176636,-0.0042742895893752575,-0.9271857142448425
1018,1018,1,0.9962758,274.0149776416874,41.41833114186056,781.0187533542653,0.9460033394421603,0.07783819207146075,-0.37257856130599976,0.002858970779925585,-0.9279962182044983
1019,1019,1,0.9960847,276.5982713267247,41.2383813721436,790.700735540366,0.9481270723654333,0.08893945276596767,-0.3728003203868866,0.006894218735396862,-0.9278859496116638
1020,1020,1,0.9961887,283.2469017525738,41.42259830077976,811.1652652243187,0.9538168994232198,0.10224219580557566,-0.3746943473815918,0.010937630198895931,-0.9270838499069214
1021,1021,1,0.9962818,283.4491884725705,42.24099965561833,808.8892383351337,0.9614620525958328,0.07211735907452808,-0.37870126962661743,-0.0004736782284453511,-0.925518810749054
1022,1022,1,0.9965346,279.5138225135981,42.09088248718447,798.214893648399,0.9565672700170968,0.06543455081736972,-0.3762897849082947,-0.0025183619000017643,-0.9264985918998718
1023,1023,1,0.996409,277.57893054736957,42.063630484416784,791.7269769590785,0.9411657179522812,0.08034959602880318,-0.369307279586792,0.0030315937474370003,-0.9293023943901062
1024,1024,1,0.99631006,280.22039290704026,42.25184749953451,800.8718289808129,0.921779120234499,0.09659597809050399,-0.3584485948085785,0.00885693822056055,-0.9335074424743652
1025,1025,1,0.9972894,280.9002498393343,42.35146698945298,799.3640456122195,0.9017315628359288,0.13231459085756717,-0.3500710129737854,0.021798258647322655,-0.9364694952964783
1026,1026,1,0.9983291,284.7265856155823,42.95697425996857,806.6384682328156,0.8898441840606367,0.1564189322197189,-0.3455444574356079,0.029636625200510025,-0.9379342198371887
1027,1027,1,0.9980488,281.5251265850174,42.81754079433379,798.7874083941311,0.8824893845820122,0.19030891945581468,-0.34223103523254395,0.0423993356525898,-0.9386587738990784
1028,1028,1,0.9980698,283.2374551049691,43.2692930553668,799.6154640857422,0.8684357540628366,0.23397727861927237,-0.33723267912864685,0.05787051096558571,-0.9396409392356873
1029,1029,1,0.9975159,279.2765780889452,43.25723386345299,788.1214056211702,0.8659686567809294,0.21976347901853396,-0.33553823828697205,0.05365839600563049,-0.9404971599578857
1030,1030,1,0.9974769,272.46206718718986,42.241663089428606,766.9206190250661,0.8642154930513378,0.17956120601867936,-0.33397647738456726,0.04147753864526749,-0.9416683316230774
1031,1031,1,0.9972583,282.316429673137,43.1612212493768,796.8635568350669,0.8634604119957784,0.17608754521154504,-0.33264175057411194,0.03754124045372009,-0.9423056840896606
1032,1032,1,0.9973767,277.54074619999375,42.73121768721516,783.462062515554,0.8593646515052344,0.15018290710104046,-0.32933565974235535,0.029398534446954727,-0.9437550902366638
1033,1033,1,0.99732935,281.10007950866196,42.71355665565312,793.7662363204867,0.8503306990055008,0.1468354665026762,-0.32401448488235474,0.028071893379092216,-0.9456355571746826
1034,1034,1,0.9973054,266.2360369337354,42.5448371840825,750.803824741094,0.849020524059509,0.13318954931676974,-0.3225451409816742,0.024776235222816467,-0.9462297558784485
1035,1035,1,0.99759847,279.29164551146056,43.36705368643445,789.5921220033839,0.8489926683601167,0.12419312685209813,-0.3220508396625519,0.019259948283433914,-0.9465264678001404
1036,1036,1,0.9978758,278.366106583458,43.13487315569063,785.8931153903667,0.8515558095372484,0.11276273162282008,-0.3235003352165222,0.015422908589243889,-0.9461023807525635
1037,1037,1,0.9980611,279.2386560630218,43.61282202708717,788.2004788588556,0.8511832442100241,0.1080300727220606,-0.3232124149799347,0.013085898943245411,-0.9462359547615051
1038,1038,1,0.9982048,274.4758206750352,43.50491315027872,773.4215539471293,0.8491649753291647,0.09719575939007892,-0.3219485878944397,0.009535310789942741,-0.946709156036377
1039,1039,1,0.99799025,283.1327401571853,44.16026051691736,797.7709562470369,0.8436346302441734,0.09914689348823051,-0.3192727267742157,0.009261688217520714,-0.9476175904273987
1040,1040,1,0.9978567,285.31609810549224,44.635821359315,802.2813124507367,0.8399503000789331,0.09867824122897809,-0.31788235902786255,0.008547796867787838,-0.9480916261672974
1041,1041,1,0.997692,266.826316721945,43.303821157443075,749.2202793947412,0.8447054977313495,0.09629647893702183,-0.31987279653549194,0.009877490811049938,-0.9474090337753296
1042,1042,1,0.9976756,266.28568086257513,43.04229720941226,748.3904197330635,0.8450229331744094,0.098056418094549,-0.3198280334472656,0.01089247316122055,-0.9474130272865295
1043,1043,1,0.9975337,269.82082265821026,44.005574111504394,760.7302624073897,0.8506906112794814,0.10963461065213174,-0.32293716073036194,0.013683484867215157,-0.946321427822113
1044,1044,1,0.99755824,267.7289248493828,44.31376915327513,752.8628928367513,0.8632240080002317,0.11906673016244725,-0.3315226137638092,0.016675522550940514,-0.9432998895645142
1045,1045,1,0.9974976,264.43110366147334,43.97078185944338,743.4639531274335,0.8863617149323612,0.11993349105781559,-0.3454928696155548,0.01705312915146351,-0.938266396522522
1046,1046,1,0.9975253,269.4676425946173,44.41563695184721,757.659759753145,0.9071316344394369,0.12115783479667466,-0.3574035167694092,0.016079023480415344,-0.933811604976654
1047,1047,1,0.9972168,284.0916456886587,44.946257541267904,797.5908968417621,0.9326772718553341,0.1167969847210792,-0.3704218864440918,0.012479094788432121,-0.9287798404693604
1048,1048,1,0.9972785,270.2767639537821,44.80893577426115,760.2904070907335,0.9441747095892958,0.1063231447148064,-0.37760651111602783,0.00915153231471777,-0.9259209036827087
1049,1049,1,0.9971861,273.9439965836133,45.272430601347445,770.26680536589,0.961430047584017,0.09990333339478842,-0.38638171553611755,0.005754199344664812,-0.9223210215568542
1050,1050,1,0.9971859,267.4266053283442,45.15016731182393,750.3455831747184,0.9521401618034278,0.10895407185804111,-0.3835044801235199,0.00962055567651987,-0.9234889149665833
1051,1051,1,0.9980134,270.97655764181917,45.95971033358438,758.890839892135,0.9265461845738552,0.14046381689807866,-0.3703739047050476,0.020730888471007347,-0.9286513924598694
1052,1052,1,0.99743325,273.89941141960145,46.73293658685643,770.144015311277,0.8773623136866744,0.23370104408144088,-0.34386640787124634,0.05534190312027931,-0.9373863339424133
1053,1053,1,0.9974323,275.90842780236704,46.007794628053404,772.4368960115072,0.823075065416984,0.5306775383702067,-0.3203467130661011,0.17026515305042267,-0.9318733215332031
1054,1054,1,0.99746394,253.57585425325934,42.60430043122298,714.298730257323,0.767643560450695,1.0969125770067734,-0.28060856461524963,0.4159276485443115,-0.8650220036506653
1055,1055,1,0.9970987,249.34064414397244,29.817454938542763,700.0512449586225,0.6101128413083303,1.9969616768162932,-0.1561730057001114,0.7150573134422302,-0.6813979148864746
1056,1056,1,0.99747425,256.094394842729,29.82047347327953,713.6855940876115,0.32638256675062194,3.4814624896322326,-0.000806836411356926,0.9093797206878662,-0.4159662425518036
1057,1057,1,0.9994159,282.6718276005574,34.86668000045831,785.4232324058788,-0.024114198714984176,5.522055140285346,0.08020080626010895,0.9675631523132324,-0.23956090211868286
1058,1058,1,0.99891484,276.2003980820962,39.27262911343596,756.1572755017045,-0.13836861116739996,5.567215251745651,0.11923465877771378,0.968660295009613,-0.21789994835853577
1059,1059,1,0.9986255,268.61400071918194,36.63909039494826,734.8878622084304,0.11244060547647447,4.373253556433923,0.06617211550474167,0.9464737176895142,-0.3159252107143402
1060,1060,1,0.9992786,263.60846933599333,33.893384030667,723.3012660158632,0.5184518430639884,3.057101017415286,-0.10214173793792725,0.864025354385376,-0.49297791719436646
1061,1061,1,0.998417,271.38828690660836,31.474809266189947,741.6175058298687,0.8455343177564832,2.2525213378913316,-0.30180123448371887,0.7097573280334473,-0.6365222334861755
1062,1062,1,0.9990068,281.38479458236526,34.45615379940219,768.5077151089622,0.9896854858220392,1.3663046968589831,-0.41493406891822815,0.4539322257041931,-0.788527250289917
1063,1063,1,0.998706,279.45270526958603,35.43848164677235,762.7106433061173,1.0490437480953896,0.7078381686099281,-0.45483100414276123,0.2320190817117691,-0.8598232269287109
1064,1064,1,0.99888104,277.97452393843236,34.93647198837872,757.3813967626029,1.03679327820689,0.3923317270344253,-0.4453243911266327,0.12195634841918945,-0.8870247006416321
1065,1065,1,0.99889284,280.80498545483067,33.88348405907116,764.063566786201,0.985878543046145,0.1629644997972304,-0.41159555315971375,0.041809722781181335,-0.9104071259498596
1066,1066,1,0.9989028,284.2461118378637,34.70983687756492,772.6276878044611,0.9005402027693663,0.1522577267979119,-0.3644442558288574,0.039194121956825256,-0.9304000735282898
1067,1067,1,0.99870443,282.4329317940973,36.890996576420584,764.8761855899808,0.7786840357900147,0.3771401343487232,-0.2999187111854553,0.12674342095851898,-0.9455077648162842
1068,1068,1,0.99711144,279.30308188919986,40.68108108514348,746.7228502377483,0.6482658161950821,0.6430197700296085,-0.22151368856430054,0.2384033501148224,-0.9455662965774536
1069,1069,1,0.9968426,298.8530349697412,43.9220938933661,782.8087520586827,0.4336725192934442,0.9404387479499239,-0.0940946713089943,0.34722042083740234,-0.9330509901046753
1070,1070,1,0.998145,312.9421191244918,48.81809292095653,810.1071506052182,0.12192885237750054,1.125216621288367,0.09971641004085541,0.40354007482528687,-0.9095119833946228
1071,1071,1,0.9973743,320.95766961243794,52.022877834363875,824.3631118667636,-0.10569876267971241,1.1229186602698302,0.23505239188671112,0.3895156979560852,-0.8905211687088013
1072,1072,1,0.99740475,323.4343349439759,53.47014718781898,827.5992289696629,-0.18355262782283857,0.9590677546872769,0.28367114067077637,0.32842326164245605,-0.9009267091751099
1073,1073,1,0.99539316,322.7481560840089,54.920756699024956,820.3999390825348,-0.19459198739622363,0.699852764313727,0.2992752194404602,0.2368258833885193,-0.9243094325065613
1074,1074,1,0.9965706,326.49627941174003,54.23159055158127,828.072686048629,-0.2322389630380837,0.6114229632779857,0.3161020278930664,0.20335941016674042,-0.9266738891601562
1075,1075,1,0.9976089,334.6498442427739,56.39771770446654,846.9203736075938,-0.2716974383985758,0.6408605698510728,0.3231908679008484,0.20691128075122833,-0.9234367609024048
1076,1076,1,0.9978654,342.692608375703,55.744973191512294,865.7606211496818,-0.3040342797434181,0.6684308251217924,0.3258703947067261,0.21291610598564148,-0.921127200126648
1077,1077,1,0.99765944,340.09016141149186,56.31219892390693,858.6584369115117,-0.2960708232213744,0.6552749544556705,0.3268633484840393,0.20932501554489136,-0.9215983152389526
1078,1078,1,0.9975782,332.16188479946027,55.910062303018016,839.7032774985478,-0.2602688114234092,0.6432716077565178,0.32180923223495483,0.21000327169895172,-0.9232212901115417
1079,1079,1,0.9972139,332.7721534456303,55.08758018155131,839.3276355614121,-0.253021511090085,0.6214150149156138,0.3173045217990875,0.20348034799098969,-0.9262362122535706
1080,1080,1,0.9968665,326.5982758420468,54.22326839384227,824.7990969829847,-0.22321773298748948,0.5893525935950252,0.31209996342658997,0.19630609452724457,-0.9295469522476196
1081,1081,1,0.996548,327.761456044052,55.23853756629242,828.6331609918362,-0.2263856982650085,0.5566441991821066,0.31175893545150757,0.18247981369495392,-0.9324738383293152
1082,1082,1,0.9969439,330.96510462880343,55.40010006586662,837.5229649276566,-0.22105193893145736,0.5404039759828368,0.3021214008331299,0.17490409314632416,-0.9370865225791931
1083,1083,1,0.9965569,326.038196559922,54.68975288064704,824.669122473124,-0.17135815613274616,0.5658991070793633,0.28184589743614197,0.18787096440792084,-0.9408864974975586
1084,1084,1,0.9959313,334.2703328303667,55.10091405195495,844.6761577261485,-0.11997520624493092,0.6783661540796347,0.23326775431632996,0.22441145777702332,-0.9461635947227478
1085,1085,1,0.99544287,319.22253519600986,52.25874352653898,816.9836103474022,0.11537126116841698,0.6158470331061594,0.10499540716409683,0.21121984720230103,-0.971782922744751
1086,1086,1,0.99270624,307.51792382135574,50.13873121332721,800.3022793922145,0.3541344400698016,0.45273475672155455,-0.041706632822752,0.14968539774417877,-0.9878535866737366
1087,1087,1,0.9963948,297.0158058031038,48.82305813960784,790.0534603213764,0.6258772557880421,0.34576934311084234,-0.21195556223392487,0.10210387408733368,-0.9719308614730835
1088,1088,1,0.9979405,288.54309949088304,46.23910810732457,776.1789028057733,0.7772416346092245,0.3762116565887637,-0.30246081948280334,0.11261540651321411,-0.9464857578277588
1089,1089,1,0.9983392,278.7061476708499,45.74314133995955,756.8130584571519,0.7524566957290852,0.2058685513987831,-0.2774619460105896,0.05110897496342659,-0.9593762755393982
1090,1090,1,0.9985208,290.3898696118592,46.02737332173353,786.2764858333529,0.6278820021532378,-0.005805241602468746,-0.19618941843509674,-0.027104975655674934,-0.9801913499832153
1091,1091,1,0.9977181,282.5259367201982,47.13804718022508,758.4496835314325,0.5000237104172283,0.03784582633720131,-0.10664203763008118,-0.01002002414315939,-0.9942470192909241
1092,1092,1,0.99772805,304.9489814688987,50.364944001141275,807.7557256617097,0.3207320061869287,0.0706691825637271,-0.00886131078004837,0.002600685693323612,-0.9999573230743408
1093,1093,1,0.9973048,310.02064807750384,49.08427755527941,810.9230598930332,0.15638291169552945,0.10504108102402798,0.09535757452249527,0.020692698657512665,-0.9952279925346375
1094,1094,1,0.9981232,320.83413757312184,51.42154152049138,834.3067412811246,-0.02044259628998631,0.20415185136002065,0.19312334060668945,0.05673163756728172,-0.9795330166816711
1095,1095,1,0.9979978,325.4977248860094,52.3870644320177,845.6074444518136,-0.1349770990096532,0.22003588218462664,0.25548896193504333,0.06211225315928459,-0.9648147225379944
1096,1096,1,0.9983367,325.427015960357,51.77907253224827,845.3590545175315,-0.14721044346688783,0.21741585540558722,0.2629650831222534,0.062067240476608276,-0.9628068804740906
1097,1097,1,0.99864966,314.8107358369187,51.348971791387335,816.8648958652548,-0.13658982960942573,0.2506000939810622,0.2776202857494354,0.07656512409448624,-0.9576350450515747
1098,1098,1,0.998774,314.07013503857036,51.93773944257458,811.9916970286268,-0.15250999861726658,0.2853911470143485,0.28987595438957214,0.08925797045230865,-0.9528928995132446
1099,1099,1,0.9983778,326.9861122606201,52.988988671542494,843.5922370292737,-0.20713586546275278,0.36529621160450937,0.29719609022140503,0.11393249779939651,-0.9479947090148926
1100,1100,1,0.9981787,324.1171581144062,52.5071652641239,832.6162579349822,-0.23233393693931648,0.3308283423393943,0.3189381957054138,0.10346376895904541,-0.9421113133430481
1101,1101,1,0.99825186,332.3157529354808,52.74769127698969,854.0484204724952,-0.3015705655627057,0.28022770310878203,0.34154945611953735,0.08362311124801636,-0.9361362457275391
1102,1102,1,0.99838746,327.56867759907254,53.437749312176805,838.2241201067962,-0.3288115640867253,0.1784293329770441,0.36696404218673706,0.048809200525283813,-0.9289537668228149
1103,1103,1,0.9982999,315.13051823157804,50.59440086198696,802.1153446072358,-0.3096569895051251,0.07833437845013712,0.3830391764640808,0.01797255501151085,-0.9235572814941406
1104,1104,1,0.9944455,312.31357766618436,48.07436623433455,792.2005743574379,-0.3320424421253127,-0.00025553970427347157,0.401335209608078,-0.006346313748508692,-0.9159092307090759
1105,1105,1,0.996887,310.9073646522323,47.49334363916889,785.1791429180543,-0.3567906373100409,-0.06290067587887817,0.418031245470047,-0.027181485667824745,-0.9080259203910828
1106,1106,1,0.99773884,315.4541970256525,46.798511260962236,794.931597965265,-0.4031712394802622,-0.11067329268231435,0.432364284992218,-0.04122636839747429,-0.9007561206817627
1107,1107,1,0.99673295,308.32296734055456,47.200389817029865,776.946504745461,-0.37093289832490656,-0.08491412717219712,0.4314100742340088,-0.03436850756406784,-0.9015010595321655
1108,1108,1,0.9969037,312.5270622930427,47.485244827545266,785.3117565657832,-0.37909157643519803,-0.08204293294269412,0.4277630150318146,-0.033238522708415985,-0.9032796025276184
1109,1109,1,0.9973363,319.56235527807763,47.414060757709706,798.3722574338311,-0.3897104136911725,-0.08351959915274662,0.4204902946949005,-0.033012717962265015,-0.9066962599754333
1110,1110,1,0.9968817,314.8135659940164,46.6506277374529,786.8315117068578,-0.36255448390063727,-0.07384019739308861,0.41625091433525085,-0.02983771078288555,-0.908760130405426
1111,1111,1,0.9969445,315.3558675410784,47.2957482099877,787.6327536646564,-0.34906084958246425,-0.05685833278236702,0.4084548056125641,-0.025022534653544426,-0.9124354720115662
1112,1112,1,0.99668926,312.7522442253738,46.91996520656421,780.5078319182863,-0.3261712264048806,-0.031092196041247036,0.40233683586120605,-0.016177086159586906,-0.9153488278388977
1113,1113,1,0.9970777,316.11968640953967,46.666004585961,787.1514694853294,-0.3155486118551915,-0.00920472797893092,0.3904365003108978,-0.008239176124334335,-0.9205930233001709
1114,1114,1,0.99720216,315.81373832587093,47.08148105892119,788.1025333791478,-0.30368372287704726,-0.015547170949631095,0.38360798358917236,-0.011273832991719246,-0.9234272837638855
1115,1115,1,0.9972995,317.73763367578925,47.680908846263044,792.4498687699188,-0.2960977907433667,-0.01072306099178431,0.37555330991744995,-0.0104189682751894,-0.9267422556877136
1116,1116,1,0.9975534,315.7029769724426,47.80792939588745,785.9692717231509,-0.28115838644081004,-0.0011018912006641735,0.3721511662006378,-0.007528626825660467,-0.9281415939331055
1117,1117,1,0.9970843,317.1187321435687,47.747858792504196,790.7762529186189,-0.2883041223960555,-0.006269829877975542,0.3725878596305847,-0.009106607176363468,-0.927952229976654
1118,1118,1,0.9970951,316.2630839235063,47.942667727560746,788.6464240406425,-0.28741030987262456,0.004793879501555738,0.3740658760070801,-0.005414132960140705,-0.9273863434791565
1119,1119,1,0.9972651,314.3601807735118,47.736025283591594,782.8787835470545,-0.2859540695330296,0.008660485580602409,0.3777903914451599,-0.0038244840689003468,-0.9258832335472107
1120,1120,1,0.9974273,319.0664611156027,48.003509409483534,794.6201577007741,-0.3127363108554073,0.016356636256970397,0.3829908072948456,-0.0007887526298873127,-0.9237518310546875
1121,1121,1,0.99763846,318.0597465078932,48.537192963788584,792.815247928846,-0.31181884237262797,0.0287810192147962,0.3844965398311615,0.002974338596686721,-0.9231216907501221
1122,1122,1,0.9980592,319.15007892542326,48.37467949234698,796.2430532884067,-0.3191723722335582,0.0899165811843,0.3868228793144226,0.02513555809855461,-0.9218114018440247
1123,1123,1,0.9980738,315.47328302192335,48.51919375801403,786.8053605433274,-0.2834810363743477,0.1667126815397499,0.3754138648509979,0.05276905745267868,-0.9253539443016052
1124,1124,1,0.9979723,312.7901446841356,48.786084093909786,781.8981938961138,-0.22420554893459194,0.31905351470441007,0.34614232182502747,0.10949155688285828,-0.9317709803581238
1125,1125,1,0.9965976,302.33707955088227,47.10433760077538,763.4177770454636,-0.1134082651826714,0.6362251184001096,0.29286906123161316,0.23853574693202972,-0.925920307636261
1126,1126,1,0.9965358,303.6147126408745,45.3420529994005,775.5323217896663,0.018408787264296598,0.7523680021669098,0.1966278851032257,0.2842826545238495,-0.9383606910705566
1127,1127,1,0.9960808,285.43351892708307,43.74838736463721,758.1117146469766,0.31680352043272686,0.7893743371359097,0.008733454160392284,0.3047712445259094,-0.9523856043815613
1128,1128,1,0.9980757,266.72335117369886,39.49710677087078,723.8920028724357,0.6263680535622169,1.0119879826677893,-0.1977221816778183,0.3957892060279846,-0.8968036770820618
1129,1129,1,0.9980579,274.7575791671755,39.37231042275642,754.3785796964106,0.8114042749352599,0.6665016774029213,-0.3201223313808441,0.23543398082256317,-0.9176560044288635
1130,1130,1,0.9988011,277.5301924990793,39.61138529121917,764.1908264831133,0.9058164122573545,0.33331006030745874,-0.3694697320461273,0.10066613554954529,-0.923774003982544
1131,1131,1,0.99885476,280.69654493758935,39.38578940601001,773.8084356407543,0.9715567066733449,0.1524737348750263,-0.3991833031177521,0.03138425573706627,-0.9163338541984558
1132,1132,1,0.9988979,274.2041611914496,39.56649317135628,756.2122208559671,0.998571340434273,0.034351127211455994,-0.41021284461021423,-0.011553921736776829,-0.9119166135787964
1133,1133,1,0.9988662,278.8389107547602,40.23096611066736,769.2143622077136,1.0018080906195048,-0.02236832462068083,-0.40819892287254333,-0.03208794444799423,-0.9123288989067078
1134,1134,1,0.99864346,282.9801904789137,39.851833827564626,778.3930190944303,0.9901321102616916,-0.05227208457480407,-0.40086591243743896,-0.041433218866586685,-0.915199339389801
1135,1135,1,0.9985032,278.72876017223183,39.70225770537986,766.907698445321,0.9818913307124572,-0.07821625373607198,-0.3960866630077362,-0.05084352567791939,-0.9168043732643127
1136,1136,1,0.99841547,284.9422351806333,40.571635750840905,783.9549214108662,0.9815996713292611,-0.1202443877006627,-0.39282429218292236,-0.0650479719042778,-0.9173101186752319
1137,1137,1,0.9982955,284.6295865679045,40.58831030617504,782.1968025413665,0.918071370819553,-0.13901589895830896,-0.35865074396133423,-0.07142487913370132,-0.9307352900505066
1138,1138,1,0.9983512,284.28741906855697,41.01932228135391,777.642011512807,0.7893763183651658,-0.05088254243444333,-0.29037386178970337,-0.04019390046596527,-0.956068754196167
1139,1139,1,0.997015,288.66683758802634,43.22519135633007,786.7861033506682,0.6541241262367904,0.2852330099104872,-0.21924935281276703,0.08564920723438263,-0.9719022512435913
1140,1140,1,0.99812,277.97323925907165,42.421485396202804,752.9977388170211,0.5452587193875517,0.918956882535489,-0.14895085990428925,0.3486354649066925,-0.9253469705581665
1141,1141,1,0.99833125,289.85967973531916,44.289449501286015,777.7496798161324,0.30930839763354906,1.9245125251171942,-0.008881261572241783,0.6576789021492004,-0.7532460689544678
1142,1142,1,0.99899274,294.1984707463269,45.328288590153186,784.2744464700787,0.02886325954593237,3.005333070094686,0.11875846982002258,0.8339860439300537,-0.5388541221618652
1143,1143,1,0.99809295,298.4640439455616,45.67454312102479,786.0236294369917,-0.09128618995834424,3.0667167142658824,0.17117224633693695,0.8347592949867249,-0.5233325958251953
1144,1144,1,0.99794847,303.1344873556989,45.71654864768567,793.6230147902461,-0.04991509082033754,2.167325109730358,0.1850072294473648,0.6960205435752869,-0.693777859210968
1145,1145,1,0.9988211,302.1699899421699,47.07928559639865,787.9830793054457,-0.013368630152218048,1.3671167486303069,0.1988271176815033,0.49280884861946106,-0.8471170663833618
1146,1146,1,0.9988519,303.6241284526007,47.85885831133541,788.2402416510381,-0.01352114551720049,1.009698575754603,0.20887114107608795,0.37137913703918457,-0.9046825170516968
1147,1147,1,0.99862695,308.60910216333104,47.73110690694432,797.714014510544,-0.05174957282692733,0.8298713023935688,0.2299761176109314,0.3018765449523926,-0.9251927137374878
1148,1148,1,0.99866176,300.29170481655524,47.57062232989685,777.4331400830121,-0.05154422344726939,0.7425547622551008,0.2479206919670105,0.27568110823631287,-0.9287278056144714
1149,1149,1,0.9986382,309.97545857540075,48.23202011292707,801.7215643426894,-0.11258502523780026,0.7657606899356103,0.26769211888313293,0.275050550699234,-0.9234111309051514
1150,1150,1,0.99856454,312.4900625920288,47.924973241943896,806.7259659524415,-0.14427348212802096,0.7317589494010038,0.28363916277885437,0.2608351409435272,-0.9227750897407532
1151,1151,1,0.9980574,302.0362605830877,46.789811442719554,779.6801069731072,-0.12886326104670975,0.6736304033270708,0.2966018319129944,0.24808025360107422,-0.9222167134284973
1152,1152,1,0.9978194,301.19039222825717,47.218892638356586,774.8446458165076,-0.12676918010317498,0.6118190085078989,0.29916101694107056,0.2252998948097229,-0.9272230863571167
1153,1153,1,0.9978065,304.41554014280763,47.560739420547655,782.9714304694963,-0.1280323678984608,0.5700999830061247,0.2938433289527893,0.20698381960391998,-0.9331740736961365
1154,1154,1,0.9974957,303.5534318725616,47.48066484396117,781.7691602266842,-0.1264471153654323,0.5056082852282042,0.2951054573059082,0.18258890509605408,-0.9378560781478882
1155,1155,1,0.9972971,310.37508929833757,47.17481755715764,798.2295137280017,-0.13642465403883128,0.43081094963473104,0.28818172216415405,0.15145228803157806,-0.9455229043960571
1156,1156,1,0.99727935,309.22703088094033,48.43052082454643,795.1798835130515,-0.16215999868871012,0.29495464790317305,0.3072277009487152,0.09897436201572418,-0.9464751482009888
1157,1157,1,0.997644,309.8035051215315,47.93759807951025,796.4062223291156,-0.2154615211202203,0.18929564860304257,0.3380560278892517,0.06041643023490906,-0.9391847252845764
1158,1158,1,0.99755836,305.94228243411777,47.81693595387597,785.617283650556,-0.2681371962710051,0.0634633115597314,0.37619447708129883,0.015552135184407234,-0.9264101982116699
1159,1159,1,0.9974203,315.11646170467804,48.56474640912737,807.5817084338736,-0.3550756233467804,-0.00936502551970256,0.4039856195449829,-0.009477287530899048,-0.9147163033485413
1160,1160,1,0.99757963,312.7696833660125,47.40036188808373,798.2905502675543,-0.4197550134310067,-0.11110779098169692,0.4417898952960968,-0.041369564831256866,-0.8961641788482666
1161,1161,1,0.9974878,317.51599737343867,47.13228049010039,810.5913065142472,-0.49094714147415913,-0.14688272323343599,0.4657731354236603,-0.05022906884551048,-0.883477509021759
1162,1162,1,0.99764746,314.41098498376056,46.85565697329491,803.4272307606506,-0.4944957322431585,-0.1457610266373578,0.4735909700393677,-0.04970957338809967,-0.8793410062789917
1163,1163,1,0.9976205,315.612827952584,47.09872431308049,805.6146908605665,-0.485155071754383,-0.12707453783016456,0.467550128698349,-0.044075287878513336,-0.8828670978546143
1164,1164,1,0.9974995,310.61327701564176,46.43331212720077,790.7499524081026,-0.4459132501031904,-0.12665840314084476,0.4600042700767517,-0.044960636645555496,-0.8867776989936829
1165,1165,1,0.9969496,309.7241547296648,47.296544105620434,787.1211574567184,-0.42858515551265935,-0.13202930496324836,0.45374998450279236,-0.04849162697792053,-0.889808714389801
1166,1166,1,0.9969164,308.51424237727815,46.280871787421695,784.5818032381088,-0.4131558684921435,-0.13932497097868468,0.44812729954719543,-0.05038672685623169,-0.892548680305481
1167,1167,1,0.9969559,311.15132664809636,47.07951660004077,789.4595211979681,-0.38491215476214913,-0.11930756537462545,0.42934104800224304,-0.04522786661982536,-0.9020092487335205
1168,1168,1,0.99728954,312.14639161215445,46.72892772689452,792.9593996965558,-0.2638046294017704,-0.019244545039931667,0.36281439661979675,-0.013019129633903503,-0.9317704439163208
1169,1169,1,0.9972011,312.8054177272282,47.18091088917023,796.0313763783009,0.01003481959545484,0.05588201820910116,0.19241520762443542,0.007974781095981598,-0.9812812209129333
1170,1170,1,0.9946636,299.5930740711476,45.961500693190736,773.7622567228237,0.2844049400616662,0.06227940815392364,0.02378781884908676,0.006159698124974966,-0.9996980428695679
1171,1171,1,0.99713194,290.9831398346559,42.98187958127346,774.9725777474811,0.5406951494532546,0.09552837171875544,-0.14462870359420776,0.01703532226383686,-0.9893393516540527
1172,1172,1,0.99832696,280.2153660579276,40.62872871248076,763.815399113359,0.7630711933336516,0.2664664952474837,-0.28520679473876953,0.08022747933864594,-0.9551024436950684
1173,1173,1,0.99814177,276.6325806691007,41.2328884299854,759.7374293565981,0.9041303157946873,0.23723811591348004,-0.36668214201927185,0.0632576048374176,-0.928193211555481
1174,1174,1,0.99773276,277.5694531466278,42.06615334654784,761.6227706906133,0.9322897684056362,0.057114580079763354,-0.3762092590332031,-0.0051171742379665375,-0.926520586013794
1175,1175,1,0.9982343,273.7121385923035,41.896147782261785,755.8513118832348,0.9422767041367999,-0.009028270515489337,-0.37732967734336853,-0.029173623770475388,-0.92561936378479
1176,1176,1,0.99831605,271.33669842648237,41.02348533967279,748.821370341564,0.9112439552344049,-0.05618183065161829,-0.35813337564468384,-0.045186031609773636,-0.9325764179229736
1177,1177,1,0.9981401,272.9120203912953,41.26594904282913,752.2983680341957,0.8411952102100693,-0.061704592710608505,-0.31716790795326233,-0.04657651484012604,-0.9472249746322632
1178,1178,1,0.99815613,281.2979050553817,42.779917314302686,770.2464134099426,0.6415821967764769,-0.12923010926582196,-0.1936650425195694,-0.06987684965133667,-0.9785760045051575
1179,1179,1,0.99866486,284.5179342855439,46.097861981513375,766.5088332047234,0.4214637678719477,-0.14162965934950614,-0.049246884882450104,-0.07595259696245193,-0.9958945512771606
1180,1180,1,0.99884254,291.6592854070597,48.2365111340967,779.7529027952837,0.20576448770163838,-0.15495547610319513,0.09065490961074829,-0.07774936407804489,-0.9928427338600159
1181,1181,1,0.99769527,301.54237755149876,48.958203184130205,785.6633048994453,0.029568540595416498,-0.16233315592384265,0.1951439529657364,-0.07607737928628922,-0.9778195023536682
1182,1182,1,0.9988182,304.7209597541138,48.06216200929449,785.3444650950651,-0.1859755063364633,-0.1311790196294955,0.32667338848114014,-0.057028040289878845,-0.9434152245521545
1183,1183,1,0.996906,307.807193649922,46.18406688414219,787.4706604926222,-0.35522895572248847,-0.12017322621086518,0.4179271161556244,-0.04542005807161331,-0.9073444604873657
1184,1184,1,0.99801636,308.34478561492165,45.92573509272601,785.584251743724,-0.4703756048424867,-0.11925145656933353,0.4767226576805115,-0.04128513112664223,-0.8780837059020996
1185,1185,1,0.9976605,302.0645450472268,46.406088832665624,771.1607441210963,-0.43485577516704255,-0.1272704612806171,0.47182801365852356,-0.046208035200834274,-0.8804789185523987
1186,1186,1,0.99708265,308.66158736378964,46.16306546579642,782.8715328773036,-0.4760465266410607,-0.1781805907849851,0.47876906394958496,-0.06123320385813713,-0.8758028745651245
1187,1187,1,0.99489707,318.20661896269115,47.650866336598604,804.7803436939784,-0.5258456533841929,-0.18486739427186175,0.4832010567188263,-0.062282782047986984,-0.8732912540435791
1188,1188,1,0.99483865,312.56300490621885,47.87885428170852,790.4282751941391,-0.511120454450947,-0.17857618953054136,0.48826009035110474,-0.06171124801039696,-0.8705134987831116
1189,1189,1,0.9974807,318.48877302510715,47.5760805430859,801.4512134824267,-0.5322898266578382,-0.17919318128143005,0.48770153522491455,-0.06034458801150322,-0.8709223866462708
1190,1190,1,0.9976947,311.0232577534685,46.82600682116037,783.1160621851341,-0.48712534255943396,-0.1730734781309279,0.4820023775100708,-0.05995829030871391,-0.8741160035133362
1191,1191,1,0.99705887,315.596111453964,46.303561772110506,793.469541217299,-0.4870794538323731,-0.1675597248166425,0.473117858171463,-0.05707007646560669,-0.8791487216949463
1192,1192,1,0.99726945,314.946402559134,46.880482477601475,792.3093394245002,-0.45876689726321296,-0.14974288412980225,0.46099522709846497,-0.052831340581178665,-0.8858286142349243
1193,1193,1,0.9969734,315.93001630593966,46.522690959609434,793.2216537891663,-0.4276711508845429,-0.1298089019102279,0.4447137117385864,-0.046719182282686234,-0.8944534659385681
1194,1194,1,0.99756706,311.14167212928015,46.89190925200719,784.8347946352648,-0.3887359203707514,-0.10505587828680535,0.4338321089744568,-0.04020010307431221,-0.9000964760780334
1195,1195,1,0.99747366,308.67443023343975,46.41621399809703,778.2495335929551,-0.35985928227947095,-0.08514896559431272,0.4245871305465698,-0.033787801861763,-0.9047564268112183
1196,1196,1,0.99739814,313.70231666787834,45.795137582948996,789.95198927603,-0.36371976602602796,-0.0769429173497361,0.4165022373199463,-0.029743865132331848,-0.9086480140686035
1197,1197,1,0.99738556,309.34717617316517,46.251044976478575,780.1244018174638,-0.3434841684220067,-0.06037559149514176,0.41482266783714294,-0.025280235335230827,-0.9095510244369507
1198,1198,1,0.9972144,324.6175169021246,46.65488710013353,815.1323421601495,-0.3961187621536307,-0.05790765041260561,0.4120612144470215,-0.022801974788308144,-0.9108708500862122
1199,1199,1,0.9972097,308.8669970163895,47.03479272929363,777.9098912001449,-0.3320029878202993,-0.02951021992402945,0.4107133448123932,-0.01562384981662035,-0.9116306900978088
1200,1200,1,0.99755186,318.3566003734533,46.88312770170827,798.0771869380839,-0.3645150062962194,-0.01765195372082039,0.4098564684391022,-0.010258394293487072,-0.9120923280715942
1201,1201,1,0.997472,312.01737063543527,47.181882235825235,783.1448213641557,-0.3377672542714178,0.006411710049927984,0.4089495837688446,-0.0028160258661955595,-0.9125525951385498
1202,1202,1,0.9971022,315.9571079854671,46.84092856436812,790.7634729597713,-0.3499534628869076,0.022477801151772323,0.4084174335002899,0.003560492070391774,-0.9127883315086365
1203,1203,1,0.99708396,317.0705598208323,46.13966438121259,793.5193123498616,-0.3521064997987828,0.040018120821051675,0.4075029194355011,0.010645449161529541,-0.9131418466567993
1204,1204,1,0.9969783,312.9746719567356,46.17152560229397,783.2931185645739,-0.33344086360068487,0.04582589397036953,0.40619292855262756,0.012449931353330612,-0.9137025475502014
1205,1205,1,0.9968658,315.3332635823718,46.36574884081781,788.2549292139491,-0.33999958080681986,0.05539974293394799,0.40528205037117004,0.015699610114097595,-0.9140568375587463
1206,1206,1,0.99687093,326.5810850550525,46.881182785841325,816.2098669836774,-0.3820411487016596,0.05218753767603807,0.40420714020729065,0.014290274120867252,-0.9145558476448059
1207,1207,1,0.99679226,326.63161191752556,47.10373404138959,816.4363064831159,-0.38099815573965873,0.05867938887193436,0.40360233187675476,0.016250351443886757,-0.9147902131080627
1208,1208,1,0.99690336,319.8012522677791,47.14853017701339,799.7240287195513,-0.3543696121271627,0.06486438947537501,0.4035860598087311,0.018179181963205338,-0.9147610068321228
1209,1209,1,0.9969125,317.92658263089135,47.02953560362405,795.1608863232309,-0.3494738758991449,0.07666617908844732,0.40502268075942993,0.022512145340442657,-0.9140294790267944
1210,1210,1,0.99698955,318.21503024429984,47.04023484743115,796.932958390801,-0.35605614951950004,0.09786709306844812,0.407787024974823,0.030084192752838135,-0.9125813245773315
1211,1211,1,0.9969336,317.78701881130934,47.263329768155295,796.0809519218701,-0.3622355233116683,0.1178661592934801,0.4121896028518677,0.03703058138489723,-0.910345196723938
1212,1212,1,0.9969638,317.14003595010075,47.213314728844985,792.5104160582059,-0.3644428754115011,0.14244915250394977,0.4159386157989502,0.04604019969701767,-0.908226490020752
1213,1213,1,0.99717546,320.1378550906376,46.59989941845978,800.9105293737133,-0.38095191450146654,0.16537779071634284,0.4181780517101288,0.05469713360071182,-0.9067168235778809
1214,1214,1,0.99713755,318.97486109018274,47.013737066642555,798.4945054798181,-0.3783138818726,0.18762429833818872,0.4192456603050232,0.0622127391397953,-0.9057387113571167
1215,1215,1,0.99721247,319.1462659090481,47.316947393415376,799.178809242759,-0.3790121912176568,0.2125336485922989,0.41934552788734436,0.07068868726491928,-0.905070424079895
1216,1216,1,0.9971475,315.57102333739016,46.56093640408768,790.6167499717839,-0.3587886796860818,0.2356358823533582,0.41609907150268555,0.08043814450502396,-0.905754566192627
1217,1217,1,0.99727255,312.5025547578077,47.08104258288373,782.6886041131143,-0.3166028146741552,0.22637977808503937,0.39956235885620117,0.076930470764637,-0.9134722948074341
1218,1218,1,0.99732214,311.2878523886258,46.24907924595885,782.1769166947519,-0.2033847259899852,0.2903157626582731,0.3350220024585724,0.101712666451931,-0.936704158782959
1219,1219,1,0.997384,294.3264557847063,43.129719145849755,749.613649179723,0.04640332306278926,0.36425629493525996,0.20189529657363892,0.13864411413669586,-0.9695442914962769
1220,1220,1,0.9973296,292.9976857513758,37.1381130771868,763.3460815758841,0.29285957166604387,0.3909642720532234,0.022171203047037125,0.15130719542503357,-0.9882380962371826
1221,1221,1,0.99874794,280.07678788800706,33.28595021614638,749.1737375723088,0.45348187273574797,0.5567166473576106,-0.08127710223197937,0.22297675907611847,-0.9714295864105225
1222,1222,1,0.9978783,277.34231291015067,33.72521268604264,744.2412389111101,0.6523515557690865,0.6880798243073187,-0.22244611382484436,0.2658846974372864,-0.937988817691803
1223,1223,1,0.99767417,291.0308073098541,36.616452931109386,789.7868330745422,0.7449519036474812,0.4678251877900177,-0.28227007389068604,0.1584930717945099,-0.9461519718170166
1224,1224,1,0.99677986,284.5124665305351,40.89377495083553,771.3688230809917,0.7553718699420403,0.2577232319467376,-0.2826164662837982,0.07597703486680984,-0.9562193751335144
1225,1225,1,0.99755114,281.37475954714597,42.92469550567481,761.743452524961,0.7371582355374051,0.09265275029512335,-0.26552584767341614,0.0114085478708148,-0.964036226272583
1226,1226,1,0.99736065,284.28817458051765,44.862275458505565,766.0094249925563,0.7290750218681114,0.004936657428316557,-0.259385347366333,-0.02406626008450985,-0.965474009513855
1227,1227,1,0.9972281,283.3909203265227,45.9094485966612,760.1592136700555,0.7236067352551758,-0.022602206602608033,-0.25567954778671265,-0.03588474169373512,-0.9660953879356384
1228,1228,1,0.99776363,286.1443073416733,46.4220185194006,767.0441078825826,0.7521213726743732,-0.14050107307996876,-0.2697255611419678,-0.07970346510410309,-0.9596329927444458
1229,1229,1,0.99871135,288.50971542716,47.969988918208934,773.8216319671918,0.770802741213422,-0.1314648698556586,-0.2818904221057892,-0.07778222858905792,-0.9562885165214539
1230,1230,1,0.99874926,289.890424030375,49.48206794691075,777.2706349205749,0.7248055565146654,-0.08069298542893563,-0.25646480917930603,-0.060752369463443756,-0.964642345905304
1231,1231,1,0.9985361,283.29172620011883,49.52727484324654,760.3858761566149,0.6422292796471843,0.0289799086880272,-0.20443907380104065,-0.019587339833378792,-0.9786832928657532
1232,1232,1,0.99769247,294.4484372649731,52.64821399669474,786.2031808730904,0.47159900232526003,0.2893545824078103,-0.1044996976852417,0.08109346777200699,-0.9912132620811462
1233,1233,1,0.9979195,302.0397976230914,58.10285962945837,799.8858835949873,0.33907340723764146,0.6770254988593115,-0.027583874762058258,0.22738505899906158,-0.9734141826629639
1234,1234,1,0.99814093,314.0988426771699,62.05090586333527,828.5036236543496,0.14606001503203492,1.1250877207682484,0.08081366121768951,0.38087764382362366,-0.9210870265960693
1235,1235,1,0.99590564,335.23710138350265,70.05005107220977,872.7806672780007,-0.13280475064176922,1.6837737433402689,0.20761337876319885,0.5215679407119751,-0.8275648355484009
1236,1236,1,0.9975013,346.2664846649329,71.1600103486826,895.4393768229934,-0.3953658785407876,2.2177895415377433,0.3065800666809082,0.6237250566482544,-0.7190102934837341
1237,1237,1,0.99832624,340.6414412149084,66.82704010539429,874.6218256203997,-0.4135638807965058,2.135827785298144,0.32884806394577026,0.6155729293823242,-0.7161905765533447
1238,1238,1,0.99707234,322.9587625270339,59.50395126181018,826.2156114370283,-0.33813793729476316,1.7933745539198722,0.3378683924674988,0.5656420588493347,-0.7522593140602112
1239,1239,1,0.99728453,315.0094272768422,53.51803910048617,805.8895602213041,-0.31533858951513394,1.5981001410595022,0.349206805229187,0.5285335779190063,-0.773761510848999
1240,1240,1,0.9977556,308.7266504672991,51.728361613696784,787.8120091529232,-0.27016698847125215,1.3652377943185172,0.3483443558216095,0.47310805320739746,-0.8092125654220581
1241,1241,1,0.9973341,304.2762666489039,45.99178084090522,778.2535995316629,-0.22232878306380924,1.125181465316604,0.3385084569454193,0.4083690047264099,-0.8477303981781006
1242,1242,1,0.99781007,303.01475750441347,44.93775906869903,777.9388969411244,-0.17824239884191254,0.9805037991478465,0.3186461627483368,0.362019807100296,-0.8760173320770264
1243,1243,1,0.9970962,303.45973659023633,44.73408980075078,780.5938847752842,-0.15813840240846427,0.8444757700907334,0.3088538646697998,0.3132024109363556,-0.8980610370635986
1244,1244,1,0.99878603,298.7788968869658,43.64781616505633,767.1994433902568,-0.09896167186692131,0.7918191118763778,0.2827056646347046,0.30135783553123474,-0.9106376767158508
1245,1245,1,0.9985832,298.97491214754,43.28774616666244,772.357107373023,-0.07484526132722363,0.758660558098364,0.26575055718421936,0.2881164848804474,-0.9199812412261963
1246,1246,1,0.9980837,297.5079078138304,42.755841925338636,767.879376546933,-0.038756125770386916,0.7188700500313312,0.24587185680866241,0.2757996618747711,-0.9292371273040771
1247,1247,1,0.9985898,305.39065541573746,43.69392554431383,787.8406725352911,-0.024600180990245395,0.7462994217217137,0.220249742269516,0.2792058289051056,-0.9346305131912231
1248,1248,1,0.9986706,305.09139792360594,43.71674887385163,786.9683492422018,0.02828026884995736,0.6988326330665173,0.1861836165189743,0.26198211312294006,-0.9469429850578308
1249,1249,1,0.998212,308.5979147000367,43.04307823083452,795.8147820031326,0.0659693981518013,0.6565780657865272,0.15478485822677612,0.24411934614181519,-0.9573126435279846
1250,1250,1,0.9985146,298.66473455874234,41.44484324486185,774.7270164567338,0.16023644897516442,0.5705373872190823,0.10685307532548904,0.21787133812904358,-0.9701105356216431
1251,1251,1,0.9972838,293.46379262858,42.41925671592727,770.2214839833463,0.23024582649097974,0.4823129261298947,0.06540312618017197,0.18119558691978455,-0.981269896030426
1252,1252,1,0.99834013,294.9486123459447,42.05911056343235,778.0561278368646,0.2604578214969567,0.4380600632818155,0.04167492315173149,0.16145117580890656,-0.9860003590583801
1253,1253,1,0.99797064,279.39943189410343,41.03517842009109,752.1299936148406,0.33736871952567854,0.35205398644617486,0.009159475564956665,0.13098129630088806,-0.9913425445556641
1254,1254,1,0.99852633,296.19757032874446,40.85306526256708,795.9393328562236,0.311774349444091,0.2956731929075349,0.005203643813729286,0.10229550302028656,-0.9947404265403748
1255,1255,1,0.99817824,290.1442852413533,40.906685759795984,780.7315799591366,0.3185199016035869,0.2812034599434476,0.008869537152349949,0.09836732596158981,-0.9951106309890747
1256,1256,1,0.99773204,282.05787732065136,40.4324995111869,755.1866896688138,0.32184777077779103,0.2816953644863233,0.017975136637687683,0.10260415077209473,-0.9945598244667053
1257,1257,1,0.99826944,287.41717381425707,40.06069755316019,764.0726775069503,0.27801777070753936,0.31863706562126404,0.041772596538066864,0.11798544228076935,-0.9921363592147827
1258,1258,1,0.9983339,286.61562803313575,40.314354375027,760.8789901415425,0.23715295192165212,0.37135614227391933,0.07221928238868713,0.1406257599592209,-0.9874253273010254
1259,1259,1,0.99809915,300.70345665112825,41.66281636131229,790.8046908639075,0.2029302447101056,0.37907149429469883,0.07468163222074509,0.13719867169857025,-0.987724244594574
1260,1260,1,0.9989511,294.18030207965694,40.58897608036219,768.725891185412,0.21500532087712332,0.342736798087923,0.07754142582416534,0.12768137454986572,-0.9887794256210327
1261,1261,1,0.99914503,301.4655305937792,38.92307981174633,784.8742519667395,0.19370312813259608,0.3166730527731056,0.08153604716062546,0.11730057746171951,-0.9897436499595642
1262,1262,1,0.99865294,303.5297828890419,38.37407892147357,787.8396375360949,0.21797080610884764,0.2592495454329918,0.06212842836976051,0.0944473072886467,-0.9935893416404724
1263,1263,1,0.9988863,301.7190257674553,37.24054563895635,787.5932841098283,0.25864059110962057,0.19369199266608242,0.03680335357785225,0.06928933411836624,-0.9969174861907959
1264,1264,1,0.9991327,303.30261850119183,38.270495670581724,786.9248029690867,0.2777891612868487,0.12076457017933057,0.022302674129605293,0.039021119475364685,-0.998989462852478
1265,1265,1,0.9983543,309.0570421096248,41.23668366923625,807.6612030433383,0.2957813003802687,0.024160959706247997,0.0034798525739461184,-0.002591012977063656,-0.9999905824661255
1266,1266,1,0.9979323,305.0334553612679,42.784025429288754,798.673769553603,0.3205509697661616,0.002852446618417064,-0.007878984324634075,-0.013192973099648952,-0.9998819231987
1267,1267,1,0.99815035,303.3493956686971,43.66406890107944,794.7952349721995,0.3338727819603756,-0.05875063699753411,-0.013853168115019798,-0.03781542181968689,-0.9991887211799622
1268,1268,1,0.998348,300.59546888254107,43.995381570875516,789.3977843543902,0.34627308320984795,-0.0708307251381655,-0.01867619901895523,-0.043299030512571335,-0.9988875985145569
1269,1269,1,0.9984958,298.504028253271,44.300065468422986,783.0281329570429,0.35169533717479745,-0.03225374321466293,-0.020509637892246246,-0.029549013823270798,-0.9993529319763184
1270,1270,1,0.99837327,304.78170183888534,44.75205301675289,798.7707151968469,0.34157002695138305,-0.04785936639829412,-0.02101171761751175,-0.03512648493051529,-0.999161958694458
1271,1271,1,0.99808097,293.4035423884058,45.475907822500915,772.5853640225743,0.37007501903870577,-0.0743657436959133,-0.02615908905863762,-0.04806939885020256,-0.9985014200210571
1272,1272,1,0.9981857,307.5109564043875,46.275985719685046,807.334469239178,0.3562095475693066,-0.06920299762708701,-0.03365428000688553,-0.04478773474693298,-0.9984294772148132
1273,1273,1,0.9982085,296.7308975135505,45.96543416051179,782.8013716658755,0.3812756755219485,-0.059746874588691344,-0.03813009336590767,-0.04277326539158821,-0.9983569383621216
1274,1274,1,0.9982589,299.05750510143895,45.96510944230829,788.1482983972351,0.3791799184665101,-0.07146185233009673,-0.03921961411833763,-0.04681851714849472,-0.99813312292099
1275,1275,1,0.99847287,298.98147103104185,46.193832395031876,787.1241659091517,0.38016961435180474,-0.09043983860811583,-0.03948581591248512,-0.054289333522319794,-0.9977442026138306
1276,1276,1,0.99856013,309.89591774266796,46.356165398395795,815.5693751324253,0.36345056151978294,-0.11911434505235019,-0.0401390939950943,-0.06252080947160721,-0.9972361922264099
1277,1277,1,0.9985858,299.31312432748257,46.32960505058171,791.1851675213707,0.446579814713448,-0.1637876490227089,-0.08281043916940689,-0.08225537091493607,-0.9931648969650269
1278,1278,1,0.99857605,301.224546763966,46.47910734761513,795.468921348432,0.5374435122076521,-0.21995089429887724,-0.14250744879245758,-0.10312993824481964,-0.9844063520431519
1279,1279,1,0.99858344,306.9721994822401,46.14861450103495,809.501229506187,0.6488750404954244,-0.2831873006286413,-0.21329061686992645,-0.12302490323781967,-0.969211995601654
1280,1280,1,0.9991534,308.0145833755244,46.02348043068409,814.9273978416385,0.7587706512466259,-0.3065451119142067,-0.27577826380729675,-0.1295659989118576,-0.9524490237236023
1281,1281,1,0.9984706,293.4212104780458,45.12933893093575,788.96416538744,0.8764319014347858,-0.32247181549477544,-0.3333761692047119,-0.13728304207324982,-0.9327452778816223
1282,1282,1,0.99847263,288.8096585600402,44.87210713181329,780.153609506846,0.9734376848904542,-0.34852308466331966,-0.3819214701652527,-0.14564543962478638,-0.9126464128494263
1283,1283,1,0.998055,293.5500948830971,44.67005732958907,797.3114821402305,1.0543609682217248,-0.37841306006228437,-0.41760554909706116,-0.1503468006849289,-0.8961035013198853
1284,1284,1,0.9979431,282.8339513743902,43.95288623994001,770.9174424306811,1.0447578880570938,-0.35356114470553296,-0.4155970811843872,-0.14667829871177673,-0.8976438641548157
1285,1285,1,0.9976847,291.85617926380536,43.95496618921019,793.839484004165,1.0312829161696475,-0.3680437271822132,-0.4070659279823303,-0.147465318441391,-0.9014163613319397
1286,1286,1,0.9979101,291.55237603256114,44.23373933355433,795.3099814785005,0.9185576500482058,-0.38116144673391206,-0.3485961854457855,-0.15370513498783112,-0.924583911895752
1287,1287,1,0.99820626,288.2201497632406,44.27835343125415,783.6548708889455,0.696789889085954,-0.2838965752052857,-0.2273690402507782,-0.12543246150016785,-0.9656966328620911
1288,1288,1,0.9985599,287.06719766961027,44.74047338241488,779.622813818498,0.4845111490393101,-0.15216202484082,-0.09427929669618607,-0.07784371823072433,-0.9924977421760559
1289,1289,1,0.99861705,292.25711312764633,39.415724688163415,765.6680283224468,0.30229207439831984,-0.007887104575119708,0.022124284878373146,-0.013047064654529095,-0.9996700882911682
1290,1290,1,0.9986676,290.80192564428773,36.80681976403536,751.2813916028459,0.08379186374884756,0.14586082468626002,0.18092814087867737,0.057199589908123016,-0.9818316102027893
1291,1291,1,0.9986947,302.90316291925916,37.89282168605035,776.2323966279997,-0.16601433867131582,0.44122686907460246,0.3228292167186737,0.17062649130821228,-0.9309499859809875
1292,1292,1,0.9983467,305.00257017008323,38.406953218527185,776.7070290061002,-0.27158086959355066,0.6234010639970019,0.38136178255081177,0.23628254234790802,-0.8937190771102905
1293,1293,1,0.9984085,304.75935887616146,37.762554551354356,771.0577424488641,-0.2641169389803782,0.6060047555231564,0.37996751070022583,0.23233817517757416,-0.8953455686569214
1294,1294,1,0.99825066,307.51889466210406,38.18987727067155,774.867112585051,-0.2733028165318816,0.6417353029216911,0.3800501823425293,0.24405771493911743,-0.8921870589256287
1295,1295,1,0.99779105,314.96659395066155,38.872379656002174,789.9763467722854,-0.32022701786991953,0.6947372059490462,0.39143627882003784,0.25741487741470337,-0.8834677338600159
1296,1296,1,0.99761766,312.4686697885058,38.64268553573,779.5985315030099,-0.3204493384931982,0.7037844581440712,0.3984735310077667,0.26358792185783386,-0.8784874677658081
1297,1297,1,0.9963169,313.19755939311136,39.029083722962376,776.2872103338578,-0.3256190476824932,0.7030498758990908,0.4021511673927307,0.2636970579624176,-0.8767772316932678
1298,1298,1,0.99704164,322.8415248714187,40.54557325637545,798.7224218157107,-0.358686626720133,0.689542287859009,0.40117841958999634,0.25061535835266113,-0.8810492157936096
1299,1299,1,0.99697065,323.4134288429068,40.72455637698048,799.716912189658,-0.3548753723466239,0.6585302878581096,0.3986811637878418,0.2393374890089035,-0.8853083848953247
1300,1300,1,0.99701667,327.0834317728946,40.80691810955514,805.2543078565201,-0.36157143643026046,0.6014646637986949,0.39716294407844543,0.2177133560180664,-0.891550600528717
1301,1301,1,0.9974389,323.2502444910455,40.774447594010546,797.9591510684321,-0.34679399727064675,0.5546397240536455,0.39677655696868896,0.2026868611574173,-0.8952577710151672
1302,1302,1,0.9975514,321.01877775901454,41.71321981405508,793.69650991684,-0.3347197355127697,0.5294608961393962,0.3946360647678375,0.19349145889282227,-0.8982335329055786
1303,1303,1,0.9971654,319.06782067856335,40.961977704187994,789.5232612695208,-0.32590339065174667,0.5060436162500792,0.39375853538513184,0.18676292896270752,-0.9000410437583923
1304,1304,1,0.99682695,320.6775104680554,41.70069519087216,792.926012285992,-0.3312002994978562,0.48615637596606653,0.3938112258911133,0.17792701721191406,-0.9018062949180603
1305,1305,1,0.99662894,323.33713894794454,41.475556077539345,798.7667227552965,-0.33850358017994053,0.47551269004985414,0.39263397455215454,0.17325030267238617,-0.9032291769981384
1306,1306,1,0.99673116,321.68355329777245,41.67035708949135,796.0673641590741,-0.33415283706063714,0.46360080998908976,0.39322429895401,0.1691502183675766,-0.9037493467330933
1307,1307,1,0.9958834,320.2207602668164,41.9113283553242,793.5495502678388,-0.3244262706922603,0.45271243608408723,0.39050740003585815,0.1654215008020401,-0.9056156873703003
1308,1308,1,0.9961324,325.5885545750304,41.606770103825895,806.7335248291533,-0.3303656973236723,0.48207678222366307,0.38226330280303955,0.1742788404226303,-0.9074699282646179
1309,1309,1,0.99636877,323.1164778059088,41.79762737382913,801.3424768336708,-0.2780526938493048,0.5058607923122099,0.35709449648857117,0.1845928430557251,-0.9156467914581299
1310,1310,1,0.99684227,318.26604480813506,41.99820525971152,793.8311167088486,-0.0792349312817526,0.4769701342113345,0.24286720156669617,0.17712047696113586,-0.9537524580955505
1311,1311,1,0.9986345,309.79178547826996,40.1410861243476,787.7403035232891,0.21335175570476828,0.34816939920677903,0.05592559278011322,0.12742015719413757,-0.9902709126472473
1312,1312,1,0.9984048,306.7179462166107,39.6293037697425,789.0824345020287,0.4669746912460309,0.2184688735198112,-0.11524205654859543,0.07023061811923981,-0.9908515810966492
1313,1313,1,0.99817646,281.0299663678144,36.377384037804745,760.4814377488736,0.7150199040607345,0.12585589557851107,-0.2524084150791168,0.033344678580760956,-0.9670460224151611
1314,1314,1,0.9981817,272.20712583983664,35.03025617092175,753.3543089021349,0.9290132116157527,0.0675574650551803,-0.3726145327091217,0.007581289857625961,-0.9279552698135376
1315,1315,1,0.9976762,271.14534516315445,34.20716489038089,754.8050701082019,1.0150728984085282,-0.12879182288033894,-0.4089646637439728,-0.06298113614320755,-0.9103742241859436
1316,1316,1,0.9976247,274.03462899150367,34.31253939573495,764.5807824292588,1.0451920113301367,-0.19442005893359404,-0.4195694029331207,-0.08468715846538544,-0.9037641286849976
1317,1317,1,0.9978155,263.854962125776,34.44589930394509,738.2899727738733,1.0395670643192862,-0.19249769102397277,-0.4186542332172394,-0.08709422498941422,-0.9039597511291504
1318,1318,1,0.9977781,267.5851747097451,34.4703207354514,748.692019812827,1.036208046617118,-0.17361723620264338,-0.41688072681427,-0.07947003096342087,-0.9054805636405945
1319,1319,1,0.99786013,265.9825237162673,34.50541405406057,745.6466384608601,1.015166069218676,-0.1529742804448352,-0.4066794216632843,-0.07265707105398178,-0.9106771349906921
1320,1320,1,0.99786,268.29107963621135,34.89563916001702,752.3901811369233,0.9984655992652377,-0.1467115036877743,-0.3974354565143585,-0.07030503451824188,-0.914932906627655
1321,1321,1,0.99811757,273.71300251537195,34.411379465573404,767.1638723119062,0.9859481828372421,-0.1559001158434188,-0.38943809270858765,-0.07155284285545349,-0.9182690978050232
1322,1322,1,0.99758255,277.3153822070606,34.42250209522319,773.3766143074295,0.9806226403006815,-0.14120207513555286,-0.3883402645587921,-0.06592345982789993,-0.9191550016403198
1323,1323,1,0.99798775,273.71482016638873,35.97957863978749,762.4028415338653,0.9777588964912762,-0.11592794312393413,-0.38902726769447327,-0.05989861115813255,-0.9192768931388855
1324,1324,1,0.99751556,268.49419707793913,35.70947000737521,747.3240656714228,0.9763085504175528,-0.11561156196823155,-0.38944604992866516,-0.06062239035964012,-0.9190521240234375
1325,1325,1,0.99776685,270.7016719033691,35.506497996773284,753.1119601765839,0.9697858237984804,-0.1131857512982535,-0.385780394077301,-0.05902576446533203,-0.9207005500793457
1326,1326,1,0.99841833,271.49429253639084,35.5039031853401,751.1537952174384,0.9503679978077083,-0.11032054497852395,-0.3769364058971405,-0.058009300380945206,-0.9244208335876465
1327,1327,1,0.99864036,280.75622111197436,36.702526014153904,775.6311458518074,0.9200164916041164,-0.10950527642341407,-0.3597700893878937,-0.05716170370578766,-0.9312883615493774
1328,1328,1,0.99797827,280.7756728653671,36.6008246019042,774.823062756736,0.8596921702398076,-0.061766268310063425,-0.328316867351532,-0.03968628868460655,-0.9437335729598999
1329,1329,1,0.9973443,277.94541061731127,35.56477591182845,761.7062725517404,0.7194399897449932,0.07762753959691689,-0.2495095431804657,0.015712106600403786,-0.9682449102401733
1330,1330,1,0.99936885,283.77580491231856,34.85838111024361,771.874554738507,0.4776189871698061,0.36659166108117813,-0.09775050729513168,0.13728061318397522,-0.9856971502304077
1331,1331,1,0.9991775,282.33451973982824,33.59899132787174,748.0253824640932,0.198842974247719,0.5736298516174175,0.10462435334920883,0.236602783203125,-0.96595698595047
1332,1332,1,0.9985293,288.0623568527839,35.723795965119386,754.3830579502951,-0.10867913519120556,0.7405315875320174,0.30699777603149414,0.29451510310173035,-0.9049935340881348
1333,1333,1,0.99853814,293.5156192071353,36.98193288937243,755.7997051652748,-0.23645287250558059,0.7476408162272847,0.37941744923591614,0.290380597114563,-0.8784768581390381
1334,1334,1,0.9988263,295.52193634307747,36.63095419669664,752.9689760516607,-0.2680891042960744,0.7323634071946171,0.39746251702308655,0.28474146127700806,-0.8723220825195312
1335,1335,1,0.9989736,308.2072963913711,36.44902857843295,777.7760997089973,-0.28714923412731147,0.682703536287241,0.385010302066803,0.25990545749664307,-0.8855597972869873
1336,1336,1,0.9987612,304.02599689261467,37.02807701159994,764.9541860824162,-0.24920409762505663,0.6821724216366213,0.37298309803009033,0.2638694941997528,-0.8895259499549866
1337,1337,1,0.9981786,314.5957841004433,37.208719004512965,784.4577784020321,-0.2751545531182719,0.7093817927323139,0.36781400442123413,0.26805418729782104,-0.890426754951477
1338,1338,1,0.997241,305.89701137838733,37.25966556876046,763.5421436805133,-0.24223056139886864,0.6938237024018012,0.36709126830101013,0.26890382170677185,-0.8904687762260437
1339,1339,1,0.99696004,313.0916627102451,38.53455185563627,780.5447721713866,-0.26933468403079874,0.6947133819549061,0.3681706488132477,0.26235347986221313,-0.8919759392738342
1340,1340,1,0.9978041,313.927639053405,39.84816513876112,776.9890823417695,-0.2702729927651407,0.6638466142332964,0.3701038956642151,0.25052544474601746,-0.8945725560188293
1341,1341,1,0.9976144,310.23340136547245,40.04496916225437,768.7712026761193,-0.260504753068957,0.6325877510193338,0.37255823612213135,0.24088792502880096,-0.8961994051933289
1342,1342,1,0.99740356,316.2867139198388,40.35470999256811,782.3981641601614,-0.2818563550115654,0.6352162469208451,0.3726283013820648,0.23770412802696228,-0.8970200419425964
1343,1343,1,0.99722517,309.74066519189256,40.4139741282958,766.6981187863671,-0.25729142036575453,0.6203208920185235,0.37236276268959045,0.23645853996276855,-0.8974593877792358
1344,1344,1,0.9975473,314.36416117608917,40.62648978671711,777.1817709729885,-0.2712266980063988,0.632235439456283,0.37080493569374084,0.23783595860004425,-0.897740364074707
1345,1345,1,0.99753165,317.20527670687835,40.502769072274525,783.2183453326817,-0.2797863222807057,0.6600233076091455,0.3696180284023285,0.24661050736904144,-0.8958603143692017
1346,1346,1,0.9974527,312.9621365536964,41.461063232831734,775.3128237669322,-0.2728718794738105,0.6809401603691533,0.37324538826942444,0.2551892399787903,-0.8919452428817749
1347,1347,1,0.9975332,312.73764168661955,40.49244776355599,775.7513564429556,-0.2894800522958596,0.6924493900803316,0.38263145089149475,0.2597635090351105,-0.8866318464279175
1348,1348,1,0.99762803,313.7019687466347,40.78671879947658,777.3617550602543,-0.31176145982721465,0.6998438985257622,0.3935847878456116,0.2608352601528168,-0.8815078139305115
1349,1349,1,0.99757534,311.9300594525153,40.25176232907929,771.8192010225101,-0.32628808752697314,0.6718240115765198,0.4067136347293854,0.25194910168647766,-0.8781262040138245
1350,1350,1,0.997303,327.2889847399033,40.894896819953864,808.2245657025,-0.41027888703038773,0.6841675608100343,0.42050665616989136,0.24426351487636566,-0.8737903833389282
1351,1351,1,0.99758494,320.47206765927086,40.59085438210718,789.9332139526808,-0.3931859748969482,0.6492873505674076,0.4270082712173462,0.23684841394424438,-0.8726779222488403
1352,1352,1,0.9958181,316.3856438676589,41.31100533557318,779.297024512985,-0.3748662968982143,0.6437300704615178,0.42631226778030396,0.23697875440120697,-0.8729827404022217
1353,1353,1,0.99461335,319.71293103442036,43.141672695427836,788.3697247663043,-0.3654145256559655,0.6378762979769671,0.4139426648616791,0.2311984747648239,-0.8804537057876587
1354,1354,1,0.99727184,317.765923390396,43.97854158518391,787.9180736881391,-0.32923962041544713,0.6198503763717848,0.39647582173347473,0.22488079965114594,-0.8900761604309082
1355,1355,1,0.99717927,309.05101588262124,46.61494189186462,767.9348283777335,-0.26420349619601075,0.59694785856161,0.37778446078300476,0.2194167822599411,-0.8995194435119629
1356,1356,1,0.9978922,314.59910119430407,48.48969127095227,780.5220591599436,-0.2505177365281471,0.6146811940166923,0.3580067455768585,0.2215496003627777,-0.9070539474487305
1357,1357,1,0.9983602,317.38276560389374,50.45576194505552,787.4094069286622,-0.2362721842327524,0.5895089050909019,0.3440968990325928,0.20863568782806396,-0.9154608249664307
1358,1358,1,0.9988469,313.69944669310945,51.495152314087626,780.3957074505785,-0.21400369023018856,0.5700611038274972,0.33794698119163513,0.20188672840595245,-0.9192570447921753
1359,1359,1,0.9988649,323.46009151096445,52.940038630895266,804.5108764966003,-0.25091410061454444,0.576217574417067,0.33965882658958435,0.19688823819160461,-0.9197102785110474
1360,1360,1,0.9987546,319.1856459576824,53.23948469337944,793.2805398428517,-0.2467978349830788,0.5673647861518792,0.34655511379241943,0.1955178827047348,-0.9174270033836365
1361,1361,1,0.99838746,321.57738475036217,53.49601741324019,798.1736468500394,-0.27441822072667954,0.5754583659402122,0.3581543266773224,0.1967197060585022,-0.9127029776573181
1362,1362,1,0.9985876,316.4589901014863,52.150831726603506,783.3707783259006,-0.2797859750768554,0.5660482560866992,0.3730972409248352,0.19762253761291504,-0.9065008163452148
1363,1363,1,0.9984321,318.4686022312781,51.72416502215577,783.7377649074955,-0.31285061860568375,0.5878685093333995,0.3895755112171173,0.20547974109649658,-0.8977800011634827
1364,1364,1,0.99891806,328.884814898721,51.1850461061235,809.1624071399316,-0.37317839701705025,0.6612066356273116,0.400171160697937,0.2258126437664032,-0.8881844878196716
1365,1365,1,0.99861765,324.80460145800697,48.523906902554586,794.445478580334,-0.3735893466242941,0.7044346068616149,0.4099019765853882,0.24751226603984833,-0.8779054880142212
1366,1366,1,0.9983438,323.87702439053345,48.09270488870709,790.4679746609669,-0.3877047250304211,0.7858143868364704,0.41841527819633484,0.2772040367126465,-0.8649200201034546
1367,1367,1,0.9988059,322.8422898282386,47.07408829447517,789.1491469009683,-0.40503982196800636,0.8706902638373312,0.426876038312912,0.3072653114795685,-0.8505086302757263
1368,1368,1,0.998789,323.62963718352313,46.69905356615383,790.9985834097898,-0.42506300163471333,0.9363346980866463,0.4337216317653656,0.32840695977211,-0.8390675783157349
1369,1369,1,0.9988102,321.48948112487983,46.02218565669898,785.3721529715158,-0.4292875435880826,0.959353992993177,0.4395933449268341,0.3381516635417938,-0.8321124911308289
1370,1370,1,0.99851483,323.03946962613196,47.0615415029176,790.1601243136747,-0.4440200882189264,0.9715224730677894,0.44336748123168945,0.33874720335006714,-0.8298647999763489
1371,1371,1,0.99845004,314.82779599576645,46.158219658038604,771.2798036620092,-0.42478920231264883,0.9448916482055157,0.45063284039497375,0.3369983732700348,-0.826657235622406
1372,1372,1,0.9984609,315.24993584707175,46.7282395195553,771.6947253650418,-0.41181695746756725,0.9266910120597154,0.4439712166786194,0.33099666237831116,-0.8326649069786072
1373,1373,1,0.9983802,309.2261016291288,46.36627649937327,758.5693314999817,-0.35673796795044643,0.8575246815612035,0.428569495677948,0.3142109513282776,-0.8471125364303589
1374,1374,1,0.9979729,309.59925431456946,46.3885708925001,761.393539137192,-0.30766030743102213,0.7963634415885075,0.4010571241378784,0.2940775752067566,-0.8675664663314819
1375,1375,1,0.9965724,310.14222480641155,44.40097696357717,768.3991540171813,-0.2527733070269548,0.7206055420762131,0.3668810725212097,0.26891863346099854,-0.890550971031189
1376,1376,1,0.9970214,310.0086810379145,41.17899639545173,773.4313896723075,-0.2064928049313425,0.6518610083766627,0.3380075991153717,0.24720320105552673,-0.9080977439880371
1377,1377,1,0.9973557,306.6358497835157,41.06977330413321,770.7592950391431,-0.16556893853185717,0.5778898040633874,0.3188318908214569,0.2207074910402298,-0.9217562079429626
1378,1378,1,0.9975841,304.515931904853,41.256410472081505,767.6075577418015,-0.134191445421806,0.5279695676548818,0.30335918068885803,0.20243100821971893,-0.9311255812644958
1379,1379,1,0.9967804,311.6169853805566,43.63349110876621,788.528872764945,-0.16666999978190625,0.5392375038498656,0.3077530562877655,0.1987064629793167,-0.930485725402832
1380,1380,1,0.997191,320.0207461005274,45.718136074864,809.9395162984133,-0.20858994070555695,0.5731664252371301,0.31563258171081543,0.2036939114332199,-0.9267604351043701
1381,1381,1,0.99644023,320.8397673591157,46.96408729096722,813.2059111731868,-0.2136506632568815,0.6070710806766639,0.3161945641040802,0.21380044519901276,-0.9242891073226929
1382,1382,1,0.9978635,323.3129586592402,47.75940482492181,821.2148333757303,-0.22604432647783454,0.6216563236976224,0.3177666962146759,0.21614335477352142,-0.9232044219970703
1383,1383,1,0.9982797,321.9522740448524,48.38022032933793,816.7891427871763,-0.2234042034427035,0.6782977459283928,0.3184782564640045,0.23693642020225525,-0.9178413152694702
1384,1384,1,0.99814165,322.7117340046882,48.58634081902326,819.1724759215366,-0.21973494151694203,0.7612910319574447,0.31306329369544983,0.26597142219543457,-0.9117293953895569
1385,1385,1,0.9968913,320.3671566601002,47.98398933328019,822.2383028328692,-0.20882542034905235,0.8012831485539503,0.30721205472946167,0.2800077497959137,-0.9095143675804138
1386,1386,1,0.99762744,325.8353003570741,49.32690391997313,837.2626771413125,-0.19324963788799152,0.8247152918079714,0.28648942708969116,0.2830173969268799,-0.9153278470039368
1387,1387,1,0.9980247,321.12300619415294,49.03689054226212,827.7689394374603,-0.1352378110186287,0.7949619226134852,0.26023897528648376,0.27683618664741516,-0.9250066876411438
1388,1388,1,0.99818367,308.09227868828015,49.491225175407465,794.7454721418189,-0.06847837772621132,0.747430917073278,0.24429026246070862,0.2697811722755432,-0.9314185380935669
1389,1389,1,0.99785644,317.454123608317,48.988084314628146,816.9693386486964,-0.06409751266208252,0.7540828433473414,0.22369220852851868,0.26652172207832336,-0.9375115633010864
1390,1390,1,0.997773,318.93742752905615,49.30126955756507,823.447027762094,-0.03479722675813587,0.7301444256712909,0.2018587291240692,0.25580090284347534,-0.94541996717453
1391,1391,1,0.99800557,316.0949336137846,50.44694549837019,815.3242896896985,-0.004742950826137614,0.7002976123492501,0.18826055526733398,0.24589991569519043,-0.9508370757102966
1392,1392,1,0.9976688,325.88497230092133,50.3426974374739,841.5460040574975,-0.012914313079852668,0.6758596619552532,0.1762496531009674,0.23002971708774567,-0.9570906162261963
1393,1393,1,0.9977597,321.60830574177106,51.09785187159182,832.9014000693275,3.357477174651549e-05,0.6406125566536753,0.1754755675792694,0.21836982667446136,-0.959959864616394
1394,1394,1,0.99787843,314.22394781759687,50.58058030553608,816.2688860101671,0.024835145400509344,0.6223318830467323,0.1720932126045227,0.21624718606472015,-0.9610520005226135
1395,1395,1,0.9978746,323.96708350011806,51.22013084316392,838.9491085452104,0.002511444188182708,0.6820263917881564,0.16913260519504547,0.23187528550624847,-0.9579290747642517
1396,1396,1,0.9979558,326.0618882265129,50.81597647750058,845.9603692875047,-0.012560790568720564,0.7424993963228199,0.1738530844449997,0.2522830069065094,-0.9519078135490417
1397,1397,1,0.9980718,318.0040779232818,50.26483808764414,823.2025960564209,-0.0013881749278536748,0.7494086202212048,0.18107770383358002,0.26199233531951904,-0.9479297995567322
1398,1398,1,0.99776435,299.03248952274186,47.76087669274568,774.6948829854518,0.02725473451122788,0.7306617046849575,0.19730383157730103,0.27295535802841187,-0.9415766596794128
1399,1399,1,0.99746263,296.6154944976283,45.65064311627098,769.8786183470553,0.014398907437277423,0.7080179709979592,0.21080653369426727,0.26811161637306213,-0.9400408267974854
1400,1400,1,0.9961433,293.93495442447556,46.56770903446607,772.3107769771672,0.0016051927690436726,0.6880176118959714,0.22278530895709991,0.2579907178878784,-0.9401103854179382
1401,1401,1,0.9973749,300.7612359669373,47.894113462407255,798.0552143597606,-0.04843805080766518,0.674680726270029,0.24048221111297607,0.2430848926305771,-0.9397222995758057
1402,1402,1,0.99828196,306.82176260104944,48.55155439825838,816.6387752708414,-0.0869959388799974,0.6002636558045202,0.25356325507164,0.20938867330551147,-0.9443845152854919
1403,1403,1,0.99825734,298.956136453649,47.28644900847409,801.200041291119,-0.08323660832962661,0.5603704196965466,0.265787273645401,0.199325829744339,-0.9432000517845154
1404,1404,1,0.9980634,303.70847025973603,48.200255450779075,813.4588433574112,-0.1283042757235165,0.5913162497123174,0.28405797481536865,0.20656715333461761,-0.9362911581993103
1405,1405,1,0.99830496,304.1128702177156,47.69703377026281,813.1287004989323,-0.16110962995348463,0.5957374558150099,0.3036636710166931,0.20839902758598328,-0.92970871925354
1406,1406,1,0.998024,306.02013069390586,47.899922356246826,816.3490901724518,-0.19105796829779506,0.7081768659366384,0.3165760636329651,0.2476883977651596,-0.9156582951545715
1407,1407,1,0.99866045,299.2399555644024,46.25249599506477,793.0286849002447,-0.1859207139526865,0.7360312229460434,0.3289867639541626,0.2660175561904907,-0.9060918688774109
1408,1408,1,0.9985738,302.66372095798806,45.62566902006747,800.6302395879911,-0.20690887562282465,0.795427409915284,0.33344075083732605,0.28555068373680115,-0.8984865546226501
1409,1409,1,0.9975963,305.35160239720847,44.46875558932203,802.4300745089548,-0.19667591901233406,0.8589780345524382,0.3219408094882965,0.3096787929534912,-0.8946805000305176
1410,1410,1,0.9984126,304.4293150700082,43.06012821721589,793.8607257873383,-0.17383418750888,0.8414984438873155,0.3125438988208771,0.3088180422782898,-0.8983027338981628
1411,1411,1,0.9986971,301.1304269444152,41.6363589825798,784.8690625114272,-0.15690610439130925,0.8409718679527269,0.3089834153652191,0.31373000144958496,-0.8978322744369507
1412,1412,1,0.99869186,300.36591936925674,42.27801258329791,779.8731650277699,-0.1323647223320417,0.8318673006193665,0.2966276705265045,0.312315434217453,-0.9024805426597595
1413,1413,1,0.9983937,302.4823073399253,43.054567289258934,784.2466558939186,-0.12340416353607465,0.7442194973360572,0.28916797041893005,0.27792638540267944,-0.9160451889038086
1414,1414,1,0.9982704,311.58114472744853,42.984846838570796,811.0016058190618,-0.1398700339489253,0.6882458119852606,0.2809332609176636,0.24948859214782715,-0.9267318248748779
1415,1415,1,0.9972627,303.1172088477472,42.89715114310141,790.6810753627151,-0.10068961451909735,0.5177926349183745,0.27563944458961487,0.19122397899627686,-0.9420489072799683
1416,1416,1,0.9964694,315.6113291937556,42.98522060175293,828.0155592475903,-0.13266286450723988,0.3596933862492547,0.2701222896575928,0.12552043795585632,-0.9546091556549072
1417,1417,1,0.9968431,302.9943422931503,42.48588089597616,796.1518865483189,-0.07535233949557155,0.22497035842964194,0.2596901059150696,0.07918260991573334,-0.9624402523040771
1418,1418,1,0.9970487,304.64561962909346,43.267525077196545,800.3756472881977,-0.0666042671297861,0.07293521733668859,0.25062841176986694,0.020755654200911522,-0.9678608179092407
1419,1419,1,0.9987122,293.2182467277301,43.30620159786381,772.0197218523973,-0.054155858545804986,-0.0012139303838495385,0.2649419903755188,-0.007175759878009558,-0.964237630367279
1420,1420,1,0.99872106,288.8965781068525,43.067069965245004,759.9383043635315,-0.04842073207992915,0.09431149107595381,0.2711823880672455,0.02997189201414585,-0.9620612859725952
1421,1421,1,0.99843496,291.0399903624539,43.50312198417851,767.5405903766465,-0.11062396042942287,0.3141242393723432,0.30638250708580017,0.11538271605968475,-0.9448897242546082
1422,1422,1,0.99831855,287.49379823028374,43.478408998319225,759.4778600075941,-0.1709914902106104,0.6306718285607747,0.3484475016593933,0.2390015870332718,-0.906345784664154
1423,1423,1,0.9968137,282.7869369329942,43.78235692668676,759.187265123097,-0.29533942435410965,0.9808082025820846,0.41679608821868896,0.35992443561553955,-0.8347068428993225
1424,1424,1,0.9910216,284.66021235175907,44.071031772669265,774.8860326316516,-0.4222047394958786,1.312917415222607,0.4589763581752777,0.45028436183929443,-0.7658882141113281
1425,1425,1,0.98986477,281.5612903513592,44.762920856497004,776.193668791745,-0.4563459442833496,1.447204386638878,0.47012051939964294,0.48402196168899536,-0.7380443811416626
1426,1426,1,0.99074286,278.827154417921,43.42244264068492,772.3665840044961,-0.43106199335841416,1.1783120133463667,0.476638525724411,0.40810373425483704,-0.7786315679550171
1427,1427,1,0.99420327,292.3344381336314,45.04748959620921,809.9513740394736,-0.5062317223677432,1.0583456198815795,0.48933592438697815,0.351949542760849,-0.7979235053062439
1428,1428,1,0.9944718,288.7497739746305,45.97733119455089,800.9100134646961,-0.4674664441025006,0.9383529204245571,0.48286569118499756,0.31766948103904724,-0.8160434365272522
1429,1429,1,0.99217516,288.28609594381584,45.119166180231666,801.943920651605,-0.4730384491422388,0.8963750882861642,0.4866349995136261,0.3040514886379242,-0.8189866542816162
1430,1430,1,0.98851585,289.5894598468106,44.6108251404832,804.2128469192348,-0.4542631239680435,0.8224071147500116,0.47748976945877075,0.28088492155075073,-0.8325306177139282
1431,1431,1,0.9889838,287.3360230619443,44.53355009463778,794.630274016895,-0.43792404690665104,0.7555828619938435,0.4777412414550781,0.26158085465431213,-0.8386529684066772
1432,1432,1,0.9919739,286.27833006735375,44.926436980596485,792.8326339826281,-0.39980258475048586,0.6865813435349504,0.46216487884521484,0.23962140083312988,-0.8538063168525696
1433,1433,1,0.9955735,282.81338049820835,46.14766473619219,784.2134707804853,-0.3688320499199114,0.6357926297661578,0.45480528473854065,0.22336134314537048,-0.8621264100074768
1434,1434,1,0.9937855,282.62628648032455,49.08949905649049,785.9246894109374,-0.3414424892773027,0.6270403332644806,0.4403367340564728,0.21748730540275574,-0.8710928559303284
1435,1435,1,0.9945174,278.55913192875,49.18088471583263,773.697024203129,-0.3084473128565502,0.5745869116419964,0.43324920535087585,0.20186766982078552,-0.8783760666847229
1436,1436,1,0.9951385,280.01815144832966,49.48879166900873,780.0347348417763,-0.2865904384605997,0.5632936854204522,0.41696909070014954,0.19680678844451904,-0.8873578310012817
1437,1437,1,0.99633235,283.2528317457079,49.61910994826445,787.7577356606416,-0.22774111153414958,0.6838977142185344,0.37495964765548706,0.24123737215995789,-0.8951032161712646
1438,1438,1,0.997801,279.3498458172827,49.693525040722506,777.6368546300597,-0.18065342565092748,0.8475262118612975,0.35191062092781067,0.3054547607898712,-0.8847916722297668
1439,1439,1,0.99483395,281.94760391317817,54.69435748277795,791.011856321646,-0.12324222559484926,1.1271849223241703,0.30102020502090454,0.39662715792655945,-0.8672218322753906
1440,1440,1,0.9967501,298.01797911109287,61.818083140492575,841.2644189414401,-0.10637960071370532,1.5551748262093197,0.24336031079292297,0.5041347742080688,-0.8286277055740356
1441,1441,1,0.9972057,305.55414091840254,68.83461788997833,871.8843296396641,-0.05944635816063191,2.0154514699207184,0.18548186123371124,0.6067337393760681,-0.7729622721672058
1442,1442,1,0.9945422,294.4990364609173,70.76274887173147,844.2248649248723,0.058180260694674545,2.3607983969712882,0.12294863909482956,0.6973052620887756,-0.7061508893966675
1443,1443,1,0.9952898,291.13987372319417,70.2061982016683,837.5899685971344,0.13009334364229835,2.6694619998700087,0.0785536915063858,0.7568945288658142,-0.648798942565918
1444,1444,1,0.99541616,286.89950318354437,68.0723469621315,823.9988203917765,0.1462948581808614,2.6882962249012308,0.07423754036426544,0.767528235912323,-0.6367018818855286
1445,1445,1,0.9955782,286.6830891740772,70.39862905515245,822.4688302492267,0.2188093291447382,2.626310496428269,0.036705415695905685,0.7579289078712463,-0.6513037085533142
1446,1446,1,0.9967534,293.00458697341816,72.5973258835618,839.0050506188608,0.2529996319200056,2.5763125817919916,0.012022941373288631,0.7399970889091492,-0.6725026369094849
1447,1447,1,0.99743146,297.1725456254338,75.2556737894011,846.1566554714065,0.2723624045524555,2.5080601911857547,-0.0021031273063272238,0.7227612137794495,-0.6910946369171143
1448,1448,1,0.99767536,292.2321164227836,78.11919058559349,831.7597553667129,0.32815543534755437,2.399584860055289,-0.02733048051595688,0.7074458599090576,-0.7062389254570007
1449,1449,1,0.9976332,299.28944888551047,82.28056289105248,847.0730635784802,0.39189150200945,2.4184481924282326,-0.07057816535234451,0.6979326605796814,-0.7126771807670593
1450,1450,1,0.99705267,291.6776625050074,81.4237187578348,825.2133483476604,0.4760501482801393,2.3492500645375385,-0.11168339848518372,0.6923488974571228,-0.7128673791885376
1451,1451,1,0.99638677,272.9108604245393,81.40483662078948,766.3614054119747,0.5536379806216127,2.1427951598613406,-0.1446194350719452,0.6778135299682617,-0.7208703756332397
1452,1452,1,0.9964001,278.1872117766239,83.77719212156414,778.9673911900551,0.5917670726601928,2.1396993089140244,-0.17238849401474,0.6644017696380615,-0.7272225022315979
1453,1453,1,0.99714464,293.54555315095644,88.56830411438949,819.1134910126381,0.6122561034182963,2.24873585721046,-0.19378964602947235,0.6594091653823853,-0.7263781428337097
1454,1454,1,0.99691856,282.13514354412746,86.75609578325181,783.2738616686182,0.6461702815332013,2.1912061345750127,-0.2076048105955124,0.6656322479248047,-0.7168222069740295
1455,1455,1,0.996617,290.6978439287118,90.09363001682938,805.462024785827,0.6415840348755095,2.2807691772975067,-0.2090071141719818,0.670059323310852,-0.7122756838798523
1456,1456,1,0.9962613,298.35306591661634,92.12401887470769,825.294350658458,0.6183480067161313,2.3509238991351284,-0.19976796209812164,0.6741889715194702,-0.7110288739204407
1457,1457,1,0.9956792,288.3660059849248,89.05332736123155,796.2573336435715,0.5738369192633446,2.355699762630263,-0.16782836616039276,0.6978287696838379,-0.6963250637054443
1458,1458,1,0.9949699,299.5038760855187,90.7203078948753,827.7769766457741,0.46030822935588933,2.4521230271773016,-0.11101756989955902,0.706282377243042,-0.6991711258888245
1459,1459,1,0.9963337,289.8544073240308,84.65715418157538,798.1109879279437,0.37103162330654227,2.2051169705271585,-0.04994851350784302,0.681193470954895,-0.7303975820541382
1460,1460,1,0.99852693,303.8060935316951,80.86996772435475,830.7204931487258,0.23004614804253012,2.040122620206103,0.022074677050113678,0.6311763525009155,-0.7753252387046814
1461,1461,1,0.998792,304.4881064855992,72.80465160029502,816.6285447101782,0.14039144212414081,1.636701427178933,0.0864294022321701,0.5391632318496704,-0.8377547264099121
1462,1462,1,0.9985176,304.7440379254202,67.90996000877702,810.4187697036035,0.09434570357499916,1.2666142166449368,0.12618213891983032,0.43072161078453064,-0.8936201333999634
1463,1463,1,0.9975732,311.287393977459,67.3625483654278,825.530401293396,0.019641158100618217,1.0349147251563933,0.17036831378936768,0.3441934287548065,-0.923312246799469
1464,1464,1,0.9978946,313.92227260618256,68.72480238556766,832.1063704272752,-0.024994986250596422,0.9086596930434314,0.19749172031879425,0.2948680818080902,-0.9349063038825989
1465,1465,1,0.9972735,308.7515252407679,67.96520120537376,817.6535493360944,-0.04184275938572506,0.8163527071985932,0.21994777023792267,0.2664048373699188,-0.9384303092956543
1466,1466,1,0.9976966,303.99983851002816,67.43636465853196,805.5888631613011,-0.042500462746687125,0.7958403459063917,0.22978192567825317,0.2628999650478363,-0.9370613694190979
1467,1467,1,0.99759656,308.0274587737088,66.62508618277559,815.6387608321957,-0.05678863390550229,0.8065123300527346,0.23108042776584625,0.2647385001182556,-0.9362239837646484
1468,1468,1,0.9971064,304.98472893313846,66.51394111054933,807.7764988968842,-0.042163936507997594,0.8078007625350778,0.22745007276535034,0.26784417033195496,-0.9362296462059021
1469,1469,1,0.99679714,305.7681273934226,66.57939182403517,808.2614089262715,-0.07895394379373542,0.7926100056845129,0.25039756298065186,0.2614193260669708,-0.9321807622909546
1470,1470,1,0.9965448,305.31076559417625,66.5176866962564,806.970282107217,-0.08697500253513477,0.7423367027402773,0.25738659501075745,0.24301393330097198,-0.9352520704269409
1471,1471,1,0.99595344,308.2469544564698,66.33916383119741,813.9895156047381,-0.11753585471837455,0.6775256572524138,0.2720358371734619,0.2169482558965683,-0.9375126361846924
1472,1472,1,0.9973815,314.52954424501024,67.84800223115904,831.2057773410689,-0.17992316104946038,0.641281107238324,0.2978914678096771,0.19727471470832825,-0.9339932203292847
1473,1473,1,0.99860257,312.7124525012374,65.8699056033031,825.2376480377678,-0.1942025068387252,0.5856384375713748,0.3110326826572418,0.18041016161441803,-0.9331188201904297
1474,1474,1,0.99855965,315.5227755703742,66.95212251916996,833.4185812090374,-0.218170990584637,0.6339829943824389,0.3186876177787781,0.19470737874507904,-0.9276460409164429
1475,1475,1,0.9986399,313.70713549973027,68.14690632791566,838.1029239637114,-0.22572913787055587,0.7962349389586185,0.32106852531433105,0.24949093163013458,-0.9136022925376892
1476,1476,1,0.9976829,315.06169885702565,69.29374694681057,845.3688200165429,-0.1814200225560211,1.0430159419589908,0.28580716252326965,0.3326610326766968,-0.8986939787864685
1477,1477,1,0.9978364,309.9066163602456,70.25760037800995,834.5513626793041,-0.1353482914428704,1.3643991663620891,0.2573368549346924,0.44242843985557556,-0.8590894937515259
1478,1478,1,0.9986688,322.05299218760877,76.48482382105851,876.7367532668671,-0.09046654323129123,1.8818481292460163,0.19054420292377472,0.5668631792068481,-0.8014730215072632
1479,1479,1,0.99843544,305.1796619077739,78.7800644123208,842.3485480631143,0.08326234653149261,2.121579540685434,0.10550379008054733,0.644704282283783,-0.757116436958313
1480,1480,1,0.9986916,303.95019983886294,81.42157400479508,842.416668781479,0.19079103685542717,2.344582087159415,0.03928909823298454,0.6914432644844055,-0.7213616371154785
1481,1481,1,0.9977216,304.56660007886234,86.88284327073295,850.7818357879936,0.34824327894939716,2.5063947938045175,-0.05201801657676697,0.7117831110954285,-0.7004705667495728
1482,1482,1,0.99727935,293.9270832479669,85.7253097337338,818.0106620898806,0.476720820782044,2.368232268029365,-0.11536502093076706,0.6973438858985901,-0.7073913216590881
1483,1483,1,0.9976713,298.44545262405495,87.57117674001012,831.0301307618611,0.5110117780648531,2.3789404313147635,-0.1384301781654358,0.6886305212974548,-0.7117760181427002
1484,1484,1,0.997891,299.3545610468105,87.20100031778821,832.1706652848147,0.5659817512601315,2.4025960910784168,-0.1694207340478897,0.6884494423866272,-0.7052191495895386
1485,1485,1,0.9979274,300.43713924679173,87.71550015811863,834.842711422903,0.5510374133970073,2.366119313510835,-0.16258591413497925,0.680623471736908,-0.7143651843070984
1486,1486,1,0.9979226,303.95403549799073,87.7758862725155,843.7707867923768,0.5091396923786649,2.3898570563502144,-0.14171954989433289,0.6835557222366333,-0.7160077691078186
1487,1487,1,0.9979232,302.28776830992183,87.61848140717076,839.5706501997614,0.43537273347320565,2.3619588997435037,-0.09920357912778854,0.6853190064430237,-0.7214544415473938
1488,1488,1,0.99724114,292.2909889460236,86.47233027655948,813.6079833724698,0.35181114601464386,2.118848968991595,-0.04001022130250931,0.6525367498397827,-0.7567000985145569
1489,1489,1,0.9975292,308.0601130306714,87.45544056342895,855.1083289852581,0.21836320809327128,1.9936613712818674,0.024657391011714935,0.6019259095191956,-0.7981712222099304
1490,1490,1,0.9978818,296.0356517051968,80.77159343638998,820.2857589656113,0.1465261756851542,1.6174261017821936,0.09336025267839432,0.5240561962127686,-0.846551239490509
1491,1491,1,0.99842036,299.30787802517915,76.80317684454378,821.4853798208205,0.06694251803483149,1.3148593462134415,0.14861534535884857,0.4315100312232971,-0.8897823095321655
1492,1492,1,0.9990558,309.5313183194386,77.43883473314341,846.828767030524,-0.010749419735147288,1.110392248973335,0.18660767376422882,0.3502975106239319,-0.9178612232208252
1493,1493,1,0.9984634,308.6174138043555,75.34875313146289,843.7527998042548,0.02254073936702282,0.9841031058587257,0.16980049014091492,0.3102264106273651,-0.9353755712509155
1494,1494,1,0.9989141,311.2672492202452,75.7112143884526,849.8511993096753,0.08644016500926631,0.9746508036079119,0.12448018789291382,0.30469390749931335,-0.9442808628082275
1495,1495,1,0.998755,311.84093159462725,75.26579553485298,849.520131435812,0.13737999959238645,0.9773539095075502,0.09051471203565598,0.3060801923274994,-0.9476929903030396
1496,1496,1,0.99862015,314.082421555067,75.70555450155186,855.2373452159121,0.22042296658510518,0.9853950218671711,0.03269257768988609,0.3052973747253418,-0.9516956806182861
1497,1497,1,0.99868387,311.5668535283391,75.94427475307482,847.3958186381902,0.27878077849123917,1.037947528708462,-0.0032822212669998407,0.3251039683818817,-0.9456725716590881
1498,1498,1,0.99888545,311.84581322283753,76.28670553859298,845.7118100458396,0.33450031751657744,1.1370276421167493,-0.04172646626830101,0.35812413692474365,-0.932741105556488
1499,1499,1,0.9988398,306.8297868074646,76.37698962537883,832.7397533002127,0.4094252573833829,1.235535802196316,-0.08666204661130905,0.3942137658596039,-0.9149236083030701
1500,1500,1,0.9984786,310.66103841785895,79.11771374016782,849.2606328568833,0.4176050267147442,1.4096114418599226,-0.09628032147884369,0.44002851843833923,-0.8928073644638062
1501,1501,1,0.99838316,293.49150325255187,80.15423349993557,812.412240920553,0.464022139030254,1.524193319676848,-0.10984557121992111,0.49176955223083496,-0.8637688755989075
1502,1502,1,0.9981785,293.68446253113524,82.41069517194171,819.407506401054,0.5188464978161412,1.7167073055287478,-0.14402702450752258,0.5393239259719849,-0.8296902775764465
1503,1503,1,0.99681526,283.059341826609,81.4087769703654,793.2949918775853,0.5574982673573727,1.8104242138017392,-0.15878766775131226,0.5786067843437195,-0.8000004291534424
1504,1504,1,0.9959812,288.4619059271441,82.70376981021137,810.6414625236057,0.6105193358773179,1.9670774036430396,-0.19266639649868011,0.603428065776825,-0.7737920880317688
1505,1505,1,0.9957884,293.94642349322015,83.39899431036717,824.8474622668772,0.6486164465632612,2.0630410853796417,-0.2165907919406891,0.614193320274353,-0.7588511109352112
1506,1506,1,0.99631727,297.99070821267105,85.56246417522344,835.3208444838438,0.6633740445163133,2.1166836748767914,-0.22642984986305237,0.6177014708518982,-0.753109872341156
1507,1507,1,0.9970902,287.8399766294204,84.28386492201734,810.9375233132077,0.6792229824282165,2.040783504485053,-0.23067280650138855,0.6133452653884888,-0.7553791999816895
1508,1508,1,0.9974815,291.76051101145043,85.97495540929874,820.8264571312038,0.6743097620211985,2.0601635252036474,-0.2299940288066864,0.6114916205406189,-0.7570870518684387
1509,1509,1,0.997417,296.61488109112906,85.76248888963578,833.9627779114745,0.6727471455767634,2.0878862541307353,-0.2310735583305359,0.610801637172699,-0.7573152780532837
1510,1510,1,0.9975272,299.73782380875474,86.05986247804027,842.2870213405723,0.6713183049251938,2.0975478169748114,-0.23177877068519592,0.6082738041877747,-0.7591322064399719
1511,1511,1,0.9975383,295.9286210106036,85.79943905231869,831.9794020955251,0.6723247380996146,2.0691635522805316,-0.23090089857578278,0.6075308918952942,-0.7599941492080688
1512,1512,1,0.99756455,297.93988626941666,86.64642551571121,839.1310240435913,0.6775587052902964,2.0931546894093,-0.23413775861263275,0.6080760359764099,-0.7585665583610535
1513,1513,1,0.99764025,299.15351975551675,86.1193296799966,842.0074528928722,0.6838591177049883,2.1107097149493126,-0.23782680928707123,0.6102235913276672,-0.7556887865066528
1514,1514,1,0.9976526,295.8700475493094,85.04136119689718,830.9801416741342,0.6916014158769394,2.0928553358347277,-0.24108272790908813,0.6121149659156799,-0.7531231045722961
1515,1515,1,0.99717903,305.18450866248753,85.93250784779086,855.7014041807082,0.6843316185244729,2.1859818288256023,-0.23988224565982819,0.6196063160896301,-0.7473583817481995
1516,1516,1,0.9969213,297.225789159215,86.79299369613182,836.5655413862779,0.6777538362836675,2.207025437317721,-0.23151127994060516,0.63526850938797,-0.7367743849754333
1517,1517,1,0.99669385,287.79452088494367,83.87064729269079,809.8314655167329,0.6249389079749638,2.1129963887739387,-0.19818520545959473,0.6367642879486084,-0.7451536059379578
1518,1518,1,0.9981773,282.6816156852376,80.00525868286228,796.1460141625726,0.5540720498294391,1.8972206679806929,-0.1548265665769577,0.601424515247345,-0.7837839722633362
1519,1519,1,0.99822515,291.07809935489996,76.1613949227272,812.9680494947306,0.43745468961655576,1.64268896542822,-0.08971887826919556,0.5324443578720093,-0.8416968584060669
1520,1520,1,0.9963128,301.9261841845742,70.49146526816698,829.4559715150626,0.29343861219972206,1.3502379983336694,-0.0054735480807721615,0.4444335103034973,-0.8957951664924622
1521,1521,1,0.99829,301.8641760233818,64.2866968798311,821.4436775426926,0.20959654228322144,1.007949874947057,0.05650561302900314,0.33917245268821716,-0.9390256404876709
1522,1522,1,0.9977196,306.66608854696346,62.281160581845484,828.2474113377475,0.13318010434674277,0.7991750512342504,0.10488896071910858,0.26381784677505493,-0.9588527083396912
1523,1523,1,0.99837947,306.733943007381,61.55470849022196,829.4154161844823,0.0955355575435853,0.6866933197756321,0.13154692947864532,0.22287531197071075,-0.9659306406974792
1524,1524,1,0.9981158,305.87956211281306,62.0584719940362,823.12620538175,0.0790405969068479,0.6519748720380728,0.1452077031135559,0.21101617813110352,-0.9666368961334229
1525,1525,1,0.99826825,305.74807699964737,63.58621960496739,822.7046685737687,0.07440130491616083,0.6893208763258984,0.14804695546627045,0.2232958823442459,-0.9634422659873962
1526,1526,1,0.998478,315.38076188310856,64.32697842819965,844.9196272647241,0.04719721751350767,0.7570852884187294,0.14897866547107697,0.241620734333992,-0.9588663578033447
1527,1527,1,0.9985279,317.39244455786064,65.91069075428112,846.2781470949759,0.03473388523139114,0.7832837948919319,0.15399836003780365,0.24896244704723358,-0.9561915397644043
1528,1528,1,0.99853516,309.2869467894322,65.33926148294186,820.751394011006,0.05383886820948681,0.8090419664153873,0.15576674044132233,0.26659998297691345,-0.9511368274688721
1529,1529,1,0.9987299,305.9365215039839,64.94675237726618,810.8036394605947,0.05426630007489331,0.8303464762857959,0.16120876371860504,0.2781209647655487,-0.9469215869903564
1530,1530,1,0.9980792,314.49721978459763,66.68427604716673,836.0916428865917,0.018054983916232996,0.8824768635159472,0.16855132579803467,0.2868867516517639,-0.9430198073387146
1531,1531,1,0.99789184,303.63704205731324,65.68889641127275,806.803775147299,0.031359660119915506,0.8721480004709427,0.17950323224067688,0.2938946485519409,-0.9388314485549927
1532,1532,1,0.9976527,313.5747789146815,67.28700273226495,833.2440163836324,-0.007027955699930428,0.9258312933619266,0.1856493502855301,0.3024523854255676,-0.9349101185798645
1533,1533,1,0.997799,315.6838860632465,67.19555551564584,839.8061382003107,-0.013702676792837537,0.968613518770379,0.18505845963954926,0.3154391348361969,-0.9307263493537903
1534,1534,1,0.9980002,313.82025741682037,67.36080609336648,833.2377418773957,0.01881352849356989,1.0233585596845878,0.16656199097633362,0.3372451663017273,-0.9265650510787964
1535,1535,1,0.99812657,310.6882332961624,67.4934105686454,825.0726534546375,0.08550586025075858,1.0987615974165943,0.12647606432437897,0.3671935498714447,-0.9215056896209717
1536,1536,1,0.99793756,311.1158235376792,68.65554154852856,829.3525489224234,0.148938684565909,1.2405479319616957,0.08046496659517288,0.41261354088783264,-0.9073452949523926
1537,1537,1,0.9985455,311.7005622006016,70.44898869011968,834.6070250758039,0.21632274631946571,1.4209489898806353,0.0317709818482399,0.4662529230117798,-0.8840807676315308
1538,1538,1,0.9982936,301.88520395658946,73.92296808570642,816.7605348077792,0.3160634903104195,1.5799539597200585,-0.023469267413020134,0.5188384652137756,-0.8545500636100769
1539,1539,1,0.99915385,294.4858791764527,75.75952643233087,805.021138146857,0.4108033091736851,1.746749654911425,-0.0777244120836258,0.568133533000946,-0.8192577362060547
1540,1540,1,0.998492,287.08194499226664,77.82518785946903,796.1281366406832,0.5063351572616231,1.8899487269610036,-0.1302095204591751,0.6044778823852539,-0.7859084606170654
1541,1541,1,0.99886644,296.2322686879316,81.94407115709102,825.3586341312457,0.5622597799740567,2.140927652379869,-0.1681751161813736,0.6406673192977905,-0.7491745948791504
1542,1542,1,0.9984681,295.32351342566886,81.78834034482406,822.6865669488292,0.5920700300070794,2.2813420742970583,-0.1822904646396637,0.6702222228050232,-0.7194250226020813
1543,1543,1,0.9983342,297.1991772500665,83.28025798067578,831.7842660540701,0.6088848167834559,2.406094947105933,-0.19008629024028778,0.68800950050354,-0.700364351272583
1544,1544,1,0.9978581,293.8675741692213,82.94613001381163,823.9379720984193,0.6145379384179375,2.45726164047962,-0.18976303935050964,0.7019551396369934,-0.6864757537841797
1545,1545,1,0.99759394,289.72761024584577,82.2670639783423,812.9966443046409,0.6250817612663759,2.4148054660741702,-0.19356903433799744,0.6994593143463135,-0.6879591345787048
1546,1546,1,0.99728477,289.7335003683792,82.04535976361255,812.7279264752746,0.6149115204685406,2.3801718181830043,-0.18870817124843597,0.6939610242843628,-0.6948434114456177
1547,1547,1,0.99749005,296.00204404934965,84.6058573700136,830.3462545506949,0.5993846577586285,2.3576753455626274,-0.18497462570667267,0.6794394254684448,-0.7100327610969543
1548,1548,1,0.9980059,286.94191960359257,81.2947396208777,806.2647609776328,0.5726875740631486,2.0712757744892527,-0.1676064431667328,0.6356704235076904,-0.7535458207130432
1549,1549,1,0.9991216,288.18250829741265,78.97910459228969,803.3128908065527,0.5110194873621479,1.8651660562563317,-0.13377809524536133,0.5926196575164795,-0.7942955493927002
1550,1550,1,0.9978204,297.667249606717,75.37516852150686,817.9155619686377,0.4161286864845785,1.620448452208475,-0.08345510065555573,0.5247190594673157,-0.8471748232841492
1551,1551,1,0.99819773,310.13113063350835,72.54499199700543,838.266631092597,0.3419722555067341,1.3791009059983828,-0.0474822074174881,0.4455951452255249,-0.8939744830131531
1552,1552,1,0.9987651,309.0193202151606,68.77346929974509,829.825901349126,0.29148853318179246,1.1553551176534105,-0.010326572693884373,0.38083121180534363,-0.9245869517326355
1553,1553,1,0.9988907,308.32799423083736,69.15162283811031,825.0761547384067,0.2548422663431275,1.021134136142526,0.017254406586289406,0.33617299795150757,-0.941642165184021
1554,1554,1,0.9987748,314.68110420829913,69.2866984465253,842.1543245975596,0.20050638891683953,0.9794087722175235,0.04570399224758148,0.31559836864471436,-0.947791576385498
1555,1555,1,0.99879813,308.9625457711133,69.14212814409973,826.7765613854453,0.19503785594593734,0.9363501421436092,0.0582866296172142,0.3059907853603363,-0.9502485990524292
1556,1556,1,0.99872845,314.09049418972387,68.80378483324175,841.5040523158532,0.1784626492867095,0.9704577279956446,0.061264511197805405,0.3135215640068054,-0.9476026892662048
1557,1557,1,0.9986363,313.2844360523997,68.90569395890577,841.303995204189,0.20595664426336902,1.0137640106656203,0.04330533370375633,0.3284124732017517,-0.9435411691665649
1558,1558,1,0.9981134,311.11003478638037,69.89732710791566,837.9573299539215,0.23584203198924314,1.0972502407106202,0.02495534159243107,0.3573547601699829,-0.9336352944374084
1559,1559,1,0.9987857,310.3750420856798,70.52640380097334,835.9564052466594,0.27704469674060783,1.2266476368382067,-0.003399153472855687,0.40087273716926575,-0.9161275029182434
1560,1560,1,0.9984642,305.475865526792,73.5097421592843,826.8282624796853,0.3339448577471769,1.3970509148378008,-0.03724043816328049,0.4564960300922394,-0.8889456987380981
1561,1561,1,0.99887353,298.0241107672752,77.43406394775117,820.906276823608,0.4027784285204798,1.5965525460200551,-0.07504455000162125,0.5148670673370361,-0.8539791107177734
1562,1562,1,0.9986105,285.99048810663464,77.42668936480204,792.5373521866685,0.47263142796803637,1.737846797729715,-0.10843079537153244,0.5682877898216248,-0.8156542181968689
1563,1563,1,0.99922466,289.7849317635165,80.31132820470513,812.2746314722275,0.5131980198282554,1.9501582553797443,-0.13544276356697083,0.608085572719574,-0.7822322249412537
1564,1564,1,0.9988288,297.0466320755425,81.92040115130625,830.0550902726932,0.5274235892752956,2.1189277664167547,-0.14855889976024628,0.635873556137085,-0.7573606967926025
1565,1565,1,0.99787605,295.6820801011689,82.37362764634763,827.9847792452628,0.5622493961639119,2.1496281895281895,-0.16713786125183105,0.6410085558891296,-0.7491148710250854
1566,1566,1,0.99735475,298.5194650291721,83.72324918273763,836.4328884465125,0.5863717840949436,2.180426668959974,-0.1823899745941162,0.6401048898696899,-0.7463241219520569
1567,1567,1,0.9961725,303.76427815058827,84.69248153431198,850.8870581419169,0.5941533326231114,2.2095270430731673,-0.18971902132034302,0.6370229125022888,-0.7471334934234619
1568,1568,1,0.9959252,294.8759764396406,85.31397123598389,830.8043462689026,0.5927066730114696,2.1425978203936804,-0.18372207880020142,0.6334182024002075,-0.7516831755638123
1569,1569,1,0.99664235,295.54370263020706,84.90693738042572,829.8175981632936,0.5353014939705331,2.048044126616904,-0.15255090594291687,0.6168746948242188,-0.7721359133720398
1570,1570,1,0.99876285,288.6506519679064,81.56191994658765,808.897927284781,0.4769159795182164,1.8322568210333408,-0.11273989081382751,0.5810495615005493,-0.8060218095779419
1571,1571,1,0.9985222,298.7790027125698,78.40828438289601,831.2642861775875,0.389517536893609,1.6578359137482466,-0.06711050868034363,0.5270146131515503,-0.8472023606300354
1572,1572,1,0.99704844,300.65702404815704,74.80450374377115,827.1558315752595,0.3086590516049322,1.3974101324131096,-0.014616649597883224,0.4560963809490204,-0.88981032371521
1573,1573,1,0.9977284,309.4349799393382,74.40448273339646,844.6255946736364,0.27175230172784937,1.213963506204269,0.001447940245270729,0.38875824213027954,-0.921338677406311
1574,1574,1,0.99852717,311.9467417568908,73.34473784831808,846.9679067168148,0.2478468738742485,1.092794210422284,0.01584729552268982,0.34806394577026367,-0.9373368620872498
1575,1575,1,0.99886835,311.4208541758007,73.28629286660028,840.8451635363646,0.23641612531116624,1.0320563187370848,0.025173278525471687,0.32954832911491394,-0.9438030123710632
1576,1576,1,0.99904877,309.54608122737756,72.85611754215223,832.9336956296414,0.2731654832552956,1.0432006482520566,0.002922183834016323,0.33625054359436035,-0.9417680501937866
1577,1577,1,0.99890304,311.19011762979324,72.75798436569164,831.9369668780131,0.28150789762267087,1.0671196241839567,-0.0051192850805819035,0.3450182378292084,-0.9385820031166077
1578,1578,1,0.9989735,314.5923136218308,72.0675018718973,839.0067413712222,0.2907958696272096,1.112749650475091,-0.01616213284432888,0.35854050517082214,-0.9333742260932922
1579,1579,1,0.99909914,308.9565787438609,71.72355802415723,822.777225592038,0.305544227164037,1.1248253886521287,-0.019409216940402985,0.36968323588371277,-0.928955078125
1580,1580,1,0.9988562,308.4746954745176,71.05715323692266,818.7618979009799,0.31457082089449745,1.1588822201533606,-0.02545344829559326,0.3838232755661011,-0.9230557084083557
1581,1581,1,0.9986016,310.452332977565,71.76085575661402,825.8128100797298,0.3407235278626898,1.2006925016370158,-0.04577355086803436,0.3933101296424866,-0.9182657599449158
1582,1582,1,0.9987249,313.1969020985569,72.521482901489,834.9345627599678,0.3585425984651678,1.2274111499753442,-0.06076318025588989,0.39662790298461914,-0.915966272354126
1583,1583,1,0.99884796,312.54714721571594,72.88459437822736,833.4695946175519,0.3538945953540677,1.2466101380045702,-0.05720364302396774,0.4035809636116028,-0.9131539463996887
1584,1584,1,0.9989002,316.62558626093056,73.1144897031251,847.1862623998795,0.3599126814241666,1.2679340144164737,-0.0654243528842926,0.40379419922828674,-0.9125075340270996
1585,1585,1,0.9989297,309.9082774381136,72.7537882695964,827.1619423058497,0.33774943095624693,1.2062611882038288,-0.04312090948224068,0.3936629891395569,-0.918242871761322
1586,1586,1,0.998963,310.26816568606483,72.29088437285189,828.552588291364,0.3269588630997569,1.163301080936823,-0.0357830636203289,0.3791712820529938,-0.9246343970298767
1587,1587,1,0.99894387,312.5458863074118,73.07173743184195,833.5448475697422,0.28523013800081526,1.1472040303595001,-0.01045774295926094,0.3718932271003723,-0.9282165765762329
1588,1588,1,0.998845,312.741857901917,72.56952715212147,834.4424191711609,0.28525503461899937,1.17602742150672,-0.011110872030258179,0.38196247816085815,-0.924111008644104
1589,1589,1,0.9988902,315.782081787933,73.51789229559706,840.909052999722,0.30206533306448036,1.2805863679476663,-0.0272359736263752,0.4126654863357544,-0.9104753732681274
1590,1590,1,0.9991604,309.090702174364,73.74642750624662,828.6610979374273,0.35722031120986564,1.4299158984571563,-0.05718490108847618,0.4647652208805084,-0.8835854530334473
1591,1591,1,0.9991991,301.8521813025055,76.04581382721204,818.523989970165,0.4229130203491209,1.6391533392858144,-0.09291652590036392,0.5286597013473511,-0.843733012676239
1592,1592,1,0.9991893,292.40081116484805,77.85987717835417,800.4398469204456,0.499007246281157,1.8399576085861042,-0.13166308403015137,0.5889473557472229,-0.7973743677139282
1593,1593,1,0.998771,293.118868686084,80.37916339488038,807.6656745745018,0.5594315029406854,2.04928713400165,-0.16664773225784302,0.6307309865951538,-0.7578964233398438
1594,1594,1,0.9980678,294.27357360287925,81.32751727844018,812.5796801737969,0.6152534667711529,2.1835053209601387,-0.1975080817937851,0.6528626084327698,-0.7312735319137573
1595,1595,1,0.9982765,300.9014232339874,83.08233280954325,830.3948456868933,0.6364722368566701,2.2923692039460413,-0.21141639351844788,0.6627076864242554,-0.7184160351753235
1596,1596,1,0.99824107,300.33951494317085,82.96596958840422,829.964707025147,0.6573078443191169,2.3384767908853226,-0.2211289405822754,0.6704556941986084,-0.7082310914993286
1597,1597,1,0.9983713,298.70545846166857,83.38465179475565,827.2538597125484,0.6640157807223657,2.3818746520698917,-0.22253791987895966,0.679851233959198,-0.6987698078155518
1598,1598,1,0.99790996,295.9159137084728,83.27696821496107,820.8905871276838,0.6754792984533523,2.393723590489067,-0.2265889197587967,0.684709370136261,-0.692698061466217
1599,1599,1,0.997416,300.2405225317663,84.39626707114927,832.3190004098707,0.6768452661701385,2.477313699368028,-0.22775985300540924,0.6935811638832092,-0.6834256649017334
1600,1600,1,0.9972149,296.9950826481367,84.5640872690048,827.2427054150231,0.6905775946989045,2.5023241403696606,-0.23190559446811676,0.6997355222702026,-0.6757144927978516
1601,1601,1,0.99720424,300.17310662671457,85.59199225638785,835.0288362119904,0.6963458466578227,2.511330953438672,-0.2366495132446289,0.6958910822868347,-0.6780359148979187
1602,1602,1,0.9967428,299.115915628291,86.64542449522553,832.0101422394229,0.7044087586944571,2.437615241043314,-0.24253518879413605,0.682148277759552,-0.6898190975189209
1603,1603,1,0.997053,291.319033066669,87.79010605126295,816.3807182333638,0.7059947278033698,2.338731122380106,-0.24130891263484955,0.670821487903595,-0.7012621164321899
1604,1604,1,0.9975555,305.7721758320667,93.7268408733055,859.5372794277854,0.6780996779259475,2.3908816980987773,-0.2329709380865097,0.6569916009902954,-0.7169983386993408
1605,1605,1,0.99758613,304.6205917162725,95.4085999831572,855.6904558748319,0.6610395457047739,2.312569632212234,-0.2255856692790985,0.6435608267784119,-0.7313963174819946
1606,1606,1,0.99753845,302.81496611951104,96.7924871911569,853.4282643946758,0.6519428469122115,2.269011389494155,-0.22042621672153473,0.6356550455093384,-0.7398344278335571
1607,1607,1,0.99715817,303.87856751319777,96.89859466358378,855.7127140773264,0.640001834352406,2.18925507092553,-0.21623632311820984,0.6177220344543457,-0.7560829520225525
1608,1608,1,0.9968477,303.2368778167003,96.91843037438916,855.7638500321418,0.6368451073925762,2.1582706399581015,-0.2144111692905426,0.6109889149665833,-0.7620501518249512
1609,1609,1,0.9969079,300.9442669496361,96.80408034261303,847.8442383675141,0.5869183482204101,2.0466693129394664,-0.1870964765548706,0.5935289859771729,-0.7827633023262024
1610,1610,1,0.9978661,295.85423580455847,94.93741738929323,831.5905271510443,0.513562767160204,1.8364238315917931,-0.1422014683485031,0.5557572245597839,-0.8190925717353821
1611,1611,1,0.9952407,295.4690300925533,90.07457348643239,824.1194022114354,0.4515450539976405,1.681968275586524,-0.10387824475765228,0.5245146751403809,-0.8450406789779663
1612,1612,1,0.996576,281.9801452091126,79.08996398760422,776.4855189617801,0.3754104676004984,1.3977857432037244,-0.03751343861222267,0.47666409611701965,-0.878284752368927
1613,1613,1,0.9985285,305.26226389643233,78.8941659130926,833.6757293562051,0.2445072576420991,1.2827283166645485,0.023740515112876892,0.41275498270988464,-0.9105326533317566
1614,1614,1,0.99823546,306.73225596094653,76.34572418962824,833.8718863443297,0.14737065023027818,1.1202710698819407,0.08929789066314697,0.361039936542511,-0.9282650947570801
1615,1615,1,0.9982993,303.9457351620112,76.25914574304169,826.5676396870671,0.07768594661635625,0.9507069676614673,0.14346450567245483,0.3035111725330353,-0.9419654011726379
1616,1616,1,0.99832934,309.00073497631274,75.35047865293959,837.2175016312436,0.042865558684166104,0.8656416698703157,0.1597340852022171,0.27017447352409363,-0.9494686722755432
1617,1617,1,0.9987313,304.5126135723341,76.33044484294332,825.4245351070913,0.1043434195100282,0.8539954795590211,0.12695825099945068,0.2683643102645874,-0.9549147486686707
1618,1618,1,0.9988458,307.05143557281343,76.35238547551155,832.0618253963739,0.11500870221800312,0.905742866732802,0.11473407596349716,0.2851993143558502,-0.951576292514801
1619,1619,1,0.9988955,304.9527804712906,76.05185573293352,825.0244438336249,0.1954780675345596,1.057482532365323,0.06128186732530594,0.3423934876918793,-0.9375559687614441
1620,1620,1,0.998667,308.48913810794636,77.77345729800773,836.8639499430551,0.2737022295630144,1.289971127470221,0.00024087028577923775,0.4141809344291687,-0.9101945161819458
1621,1621,1,0.9990877,300.1765176778965,79.94553045605134,819.4793551373717,0.3615357705044526,1.5294838082184479,-0.050609465688467026,0.4948238134384155,-0.8675183653831482
1622,1622,1,0.9967451,295.1995623032699,82.96898740365731,816.0018148543385,0.46015027400468617,1.8770209959743636,-0.10926736146211624,0.5884079933166504,-0.8011471629142761
1623,1623,1,0.9966434,297.030097156573,85.5721967248994,827.3108504639004,0.5272398660791333,2.22638902533956,-0.14802122116088867,0.6589885354042053,-0.7374441623687744
1624,1624,1,0.99664825,294.2908969905526,87.11415391626254,826.6710168516369,0.6005060239612785,2.4641403187993065,-0.18267060816287994,0.7008427977561951,-0.6895294189453125
1625,1625,1,0.9973002,300.2962717012961,89.45597201777495,847.003138618495,0.7238080572123506,2.6457542166199173,-0.24552060663700104,0.7092754244804382,-0.6607934832572937
1626,1626,1,0.9968706,301.8746035906099,90.58122662867059,855.6506433977426,0.7284066111869941,2.512594746162293,-0.25190797448158264,0.6797349452972412,-0.6888416409492493
1627,1627,1,0.99715245,301.97752522750244,91.77697145522332,860.5527994706164,0.7386212933832221,2.357356114586578,-0.26081034541130066,0.6449524760246277,-0.7183414101600647
1628,1628,1,0.9974694,297.08380999400947,90.09486039649862,847.5396348355166,0.7324000954947937,2.218146577077471,-0.25876954197883606,0.6241940259933472,-0.737170398235321
1629,1629,1,0.9966509,297.90083798428117,90.17680413882853,852.8403391090986,0.7256012479967795,2.2093410966784304,-0.2551605701446533,0.6201996207237244,-0.7417854070663452
1630,1630,1,0.99654466,296.8647727219056,88.51911644980225,850.8096417645197,0.7223115368913481,2.225871538019881,-0.25210893154144287,0.6264583468437195,-0.7375575304031372
1631,1631,1,0.99649686,297.36470125800207,89.46975898482333,856.2328521521972,0.7160007499114065,2.3148418368799955,-0.24619179964065552,0.6428748965263367,-0.7253285646438599
1632,1632,1,0.99667203,303.22888241623934,90.73417377221209,870.1797995241336,0.7107233837693065,2.3921023957345398,-0.24489977955818176,0.650855302810669,-0.7186177968978882
1633,1633,1,0.9963574,304.3561764056542,91.1179770841333,874.7689922109961,0.7291193423007547,2.366135540420098,-0.25520020723342896,0.641002893447876,-0.7238702774047852
1634,1634,1,0.9966903,298.51639399597144,90.55887522548024,859.6783867593053,0.7256651482286124,2.3031790476693548,-0.25216642022132874,0.6368319392204285,-0.728599488735199
1635,1635,1,0.9974101,300.548332708587,88.60996359641449,861.3502190353976,0.7284886801027058,2.304408265412654,-0.2549295127391815,0.6368420720100403,-0.7276284694671631
1636,1636,1,0.9972451,306.1452227176573,90.51263338692303,874.6194130783093,0.7212496502784363,2.359496157465213,-0.25302356481552124,0.6406213045120239,-0.724971354007721
1637,1637,1,0.9975197,298.87824626638786,85.7697297306558,843.3793724318144,0.718468867406582,2.2996437054957295,-0.25117412209510803,0.6477483510971069,-0.7192591428756714
1638,1638,1,0.99862075,288.7687990097492,81.80549599678424,814.7160517769125,0.7156367019567325,2.263572482748604,-0.24522905051708221,0.6590437889099121,-0.7110021710395813
1639,1639,1,0.9983191,275.97933805315677,78.87515870788663,777.4396481568456,0.7030735581972933,2.1879291058360613,-0.23342977464199066,0.6678740382194519,-0.7067212462425232
1640,1640,1,0.9973701,280.1813790718472,78.95202060064518,789.607000453074,0.6764066787177375,2.216483314429677,-0.2198607176542282,0.6697078943252563,-0.7093325257301331
1641,1641,1,0.9976503,271.6512655907075,74.28439349937598,766.2053359317473,0.6514070060985668,2.285389007979109,-0.19778676331043243,0.7034420371055603,-0.6826783418655396
1642,1642,1,0.99739707,273.39522534497814,71.6588693764886,775.7769400998137,0.6073429147742028,2.5350877696141256,-0.1676356941461563,0.7498428821563721,-0.6400265693664551
1643,1643,1,0.99759763,273.9561994479266,71.77936071369608,779.4048756981842,0.5330051489188956,2.8899611283107114,-0.1219378113746643,0.8069506883621216,-0.5778942704200745
1644,1644,1,0.9981591,278.82310371658656,73.66464938304526,790.2632344277348,0.44644540061479987,3.4247764205465114,-0.07808371633291245,0.8649282455444336,-0.49578431248664856
1645,1645,1,0.9975574,282.1734559935921,77.08371841037025,793.5758227026244,0.27574759908142665,3.7395623018425703,-0.0027154688723385334,0.8929630517959595,-0.45012181997299194
1646,1646,1,0.9988166,291.26028863904475,77.34492821157822,818.6770531096769,0.08105171941818394,4.037668522425382,0.0692146047949791,0.904163658618927,-0.421541690826416
1647,1647,1,0.9957118,308.66880789978154,72.62268630933588,853.248902769635,-0.13671084531530073,3.9852171497363815,0.145095556974411,0.8852943778038025,-0.4418157935142517
1648,1648,1,0.9975586,305.8721108064515,62.982633711949084,829.6048716140527,-0.2677523180883844,3.222813792395807,0.23693864047527313,0.8188613057136536,-0.5228061079978943
1649,1649,1,0.99793786,317.30787837385753,60.37981847294004,842.3800909025144,-0.3793223152984483,2.680747077357409,0.3065173029899597,0.7338560223579407,-0.6062198281288147
1650,1650,1,0.99706954,328.4658960952813,62.26634694920889,855.6765724722869,-0.4260188582400006,2.168116472498501,0.34759798645973206,0.6300426721572876,-0.6944220066070557
1651,1651,1,0.9971533,326.89139017426504,59.334524250293875,833.9804534320424,-0.41839241906201996,1.919065136750134,0.36537373065948486,0.5862359404563904,-0.7230695486068726
1652,1652,1,0.99517363,325.9999970723302,58.72353976019058,824.2526313366596,-0.41572423765687144,2.04202333054073,0.3598669767379761,0.6195628643035889,-0.6975942254066467
1653,1653,1,0.9976349,326.3079391047736,57.14276190309392,820.094962271095,-0.33994997112959197,2.2105603921000863,0.31210073828697205,0.6663892865180969,-0.677139937877655
1654,1654,1,0.99527466,311.46253186015696,50.361608425101586,790.3739839582086,0.052644686559078925,2.0724773940714725,0.12067240476608276,0.6804555058479309,-0.7227852940559387
1655,1655,1,0.991422,293.85991894812054,44.21782967400114,759.1115109795115,0.49986875402875325,1.621939635567389,-0.13744430243968964,0.5802240967750549,-0.8027759194374084
1656,1656,1,0.9953485,279.92995969578914,39.78691033779259,738.9492215227705,0.8403128590220252,1.2905936873053752,-0.34531205892562866,0.45942163467407227,-0.8183466792106628
1657,1657,1,0.9945404,268.71409536861114,35.89443369476245,721.1591331322892,1.0346580226366844,0.8660024521801774,-0.45661625266075134,0.3024752736091614,-0.8366661667823792
1658,1658,1,0.9942515,271.6725081656333,35.00876762494096,731.5203292991215,1.1026204226317247,0.4417651241963077,-0.4864881932735443,0.13980253040790558,-0.8624294400215149
1659,1659,1,0.9946404,267.3717777074008,33.48323247446089,719.150530361247,1.1254192835379118,0.24493327318925684,-0.49488452076911926,0.06990759074687958,-0.8661421537399292
1660,1660,1,0.99545527,267.8603250750466,33.486022770075685,717.8566421113314,1.0529521079027577,0.1853802353150619,-0.4572533369064331,0.05089680477976799,-0.8878788948059082
1661,1661,1,0.99615175,277.4264103658705,32.61799222032328,750.398007175836,0.8835358587817769,0.15572136293827993,-0.3567157983779907,0.04489201307296753,-0.9331337213516235
1662,1662,1,0.99663746,278.23006022101856,33.165799741929675,747.719301136116,0.6937406772218748,0.13835826016900435,-0.23937802016735077,0.043796274811029434,-0.9699381589889526
1663,1663,1,0.9972299,282.508557480006,34.55261380410142,742.7764003814065,0.5071133212160149,0.17126069004545888,-0.11728066951036453,0.06133033707737923,-0.991203248500824
1664,1664,1,0.9975133,305.09060291607176,35.34728127521762,790.6905453929344,0.2957896952011903,0.23532084014326657,0.005586124490946531,0.08693345636129379,-0.9961984157562256
1665,1665,1,0.9970018,308.8547332651389,35.99645359983034,794.7836380803251,0.11412392012668614,0.30386724135782534,0.1260477751493454,0.11602774262428284,-0.985215425491333
1666,1666,1,0.9978648,311.315326069157,36.9294530155032,799.8423998837998,-0.03255406237935378,0.3322265184352707,0.22023802995681763,0.1265716403722763,-0.9671995043754578
1667,1667,1,0.99821234,307.33531247450986,36.49400930197461,789.1204285232025,-0.09982458680308488,0.31211498502352625,0.27196410298347473,0.12117444723844528,-0.9546477794647217
1668,1668,1,0.997865,314.0285982345981,36.67828925821237,805.576639232926,-0.15097514711853616,0.2638199233622031,0.2907026708126068,0.10091296583414078,-0.95147705078125
1669,1669,1,0.9984274,306.4940853897561,37.179049638981546,787.5306464332443,-0.16343999339169715,0.1846222499544231,0.31354719400405884,0.07234030216932297,-0.94681316614151
1670,1670,1,0.9962147,314.7545073973915,37.9888916606774,809.9458359897135,-0.23677883765648977,0.12945244851858406,0.33923134207725525,0.05028991401195526,-0.9393577575683594
1671,1671,1,0.9964557,313.64880082930614,39.178877635718536,808.2050035906486,-0.2696682088010654,0.09864272107711504,0.359721302986145,0.03823532164096832,-0.9322760701179504
1672,1672,1,0.99580437,315.30985979421934,40.2477620375634,815.7382977644,-0.3051479953620407,0.09124133886922971,0.3746517598628998,0.03450191020965576,-0.9265233874320984
1673,1673,1,0.99588037,316.63767297739736,40.89389980116652,820.430334799065,-0.3174020582834016,0.13552421472595697,0.3784906268119812,0.049236953258514404,-0.924294650554657
1674,1674,1,0.99660194,313.6305854859975,40.65513823727209,814.8773014786702,-0.29623079103657074,0.1987738660157404,0.37264561653137207,0.07202034443616867,-0.9251747727394104
1675,1675,1,0.9966883,310.35267702648633,41.07393503296152,807.0327277285545,-0.272963826528571,0.278206799578528,0.3665367662906647,0.10065089166164398,-0.9249433279037476
1676,1676,1,0.99717796,310.9816371507662,41.14197439249109,807.2951247773605,-0.2690838383116277,0.42705249994842204,0.3631725013256073,0.15467742085456848,-0.9187930822372437
1677,1677,1,0.99673563,310.80104469223744,41.52753361000075,806.163618316447,-0.2617113545740928,0.5181662936615139,0.35884788632392883,0.18769022822380066,-0.9143307209014893
1678,1678,1,0.99628735,319.81937325673385,41.68849325928026,824.9541946696708,-0.2955168788270992,0.5834972002319768,0.36019039154052734,0.20685704052448273,-0.9096554517745972
1679,1679,1,0.99546754,315.9407304937793,41.99012610783945,811.558983678421,-0.2893133086036563,0.585125324058053,0.36615830659866333,0.20996390283107758,-0.906555712223053
1680,1680,1,0.9946517,314.8305079671895,42.388360746541075,806.6921644947365,-0.29248287061380035,0.5698446677753758,0.3713710308074951,0.204937145113945,-0.9055851101875305
1681,1681,1,0.9957481,321.41192259322384,42.83713532840685,822.8551867616534,-0.3288166996433829,0.559046148728607,0.3783154785633087,0.19670331478118896,-0.9045358896255493
1682,1682,1,0.9964659,314.85278027139896,42.5203041175283,803.7991450110882,-0.3083106140682191,0.5170717746309725,0.3821292221546173,0.18597567081451416,-0.9052018523216248
1683,1683,1,0.996521,318.89076278367014,43.04114753229252,815.1521848138938,-0.3129501204442285,0.5162942818892823,0.3757891356945038,0.18300722539424896,-0.9084552526473999
1684,1684,1,0.9969958,317.42466865166676,42.93114005734805,814.073308524076,-0.28584691372384835,0.5411304394068611,0.36223381757736206,0.19270744919776917,-0.9119487404823303
1685,1685,1,0.99745864,322.6892879378318,42.80334949903513,832.8626023776845,-0.2723291933197337,0.6187893204504232,0.340617299079895,0.21699272096157074,-0.9148191213607788
1686,1686,1,0.99784136,311.4851908089557,42.53168176555203,812.103153586143,-0.2049131998019558,0.6849572200876448,0.3201650083065033,0.24693307280540466,-0.9146138429641724
1687,1687,1,0.9981365,303.5368027988901,42.675198642824405,797.177467386145,-0.15222824986612052,0.69977933147008,0.3023470938205719,0.25713080167770386,-0.9178616404533386
1688,1688,1,0.9983606,305.641108614755,43.08497308257915,807.1029080231524,-0.13945633320961465,0.7587249440469541,0.2874603569507599,0.27568310499191284,-0.917259693145752
1689,1689,1,0.9982291,309.09308129912944,44.548087847336795,820.0563392055705,-0.13841231948341448,0.807349323332559,0.2777293622493744,0.2876584529876709,-0.916580080986023
1690,1690,1,0.99843174,309.7802455114334,45.27390176549048,824.4031566592679,-0.13538075675570996,0.7769913025708247,0.2744371294975281,0.27475789189338684,-0.9215163588523865
1691,1691,1,0.99754685,304.89267493994777,46.022137837565765,814.1230825305684,-0.09949810752074223,0.7702199686338628,0.2613157331943512,0.275100976228714,-0.9252208471298218
1692,1692,1,0.9969394,297.122115971263,45.657207689817746,791.882481801053,-0.06738990494068464,0.73830213287484,0.2576448917388916,0.27096685767173767,-0.9274675846099854
1693,1693,1,0.9951716,303.0705335979283,46.673784711773344,804.6802401858185,-0.0840031480200878,0.7116586507977095,0.25780239701271057,0.25598517060279846,-0.9316703081130981
1694,1694,1,0.99518627,292.24796989430814,47.53112132690068,775.452132132233,-0.05129950679525372,0.6967795010092788,0.2593025267124176,0.25813642144203186,-0.9306598901748657
1695,1695,1,0.99698716,308.67793882337946,48.81904913271742,817.2020846822033,-0.1325649411032433,0.7229777277535493,0.2776449918746948,0.25336265563964844,-0.9266718626022339
1696,1696,1,0.995884,296.9099056559271,48.465330382140145,785.4465430106508,-0.11492970555099104,0.6917466148482312,0.29163244366645813,0.25100141763687134,-0.9230107069015503
1697,1697,1,0.9959424,301.6126753069452,48.8201162065591,797.459692697149,-0.1628311402841314,0.7624274887613499,0.3103169798851013,0.27227872610092163,-0.9108060002326965
1698,1698,1,0.99628985,293.54942087406226,48.027899289612726,775.3184690927105,-0.18103467445925683,0.7812823411396125,0.33848798274993896,0.2857320308685303,-0.8965395092964172
1699,1699,1,0.99709725,300.3742282471364,48.28038843260612,795.8827817508251,-0.2663441475407917,0.8453102930875541,0.3715176582336426,0.2990005910396576,-0.8789615035057068
1700,1700,1,0.99725986,307.4901765694033,48.14077147096194,819.3595921904499,-0.35056284800964715,0.940172334338061,0.3984068036079407,0.320749431848526,-0.8592972755432129
1701,1701,1,0.99571866,297.79342770282386,47.71450369374179,797.6789566893743,-0.3640461519861644,0.9625344576433448,0.4234555661678314,0.33353790640830994,-0.8422813415527344
1702,1702,1,0.99612194,291.50855256765504,47.12206358503024,787.6766002159378,-0.3609948558307359,0.9638849602334834,0.43222615122795105,0.33714085817337036,-0.836371123790741
1703,1703,1,0.9957912,286.8410613563261,46.96949494768472,780.0146971622157,-0.35676072986990165,0.8908869943885344,0.4404207170009613,0.31437891721725464,-0.8409492373466492
1704,1704,1,0.99498355,283.64165154150504,47.07153651607896,777.7697925708908,-0.33260849428600164,0.7472693943525583,0.43580153584480286,0.26542404294013977,-0.8600157499313354
1705,1705,1,0.9936572,282.10764478294584,47.637287683704926,777.0375512563195,-0.26995965106581593,0.6262439886889168,0.40577131509780884,0.22362180054187775,-0.8861957788467407
1706,1706,1,0.99485743,285.2974808781768,47.768349884845605,787.7384960497538,-0.23012887833383952,0.5071825004655839,0.37646278738975525,0.17846296727657318,-0.9090801477432251
1707,1707,1,0.994578,285.4771753319301,48.60091121080492,782.7443260305803,-0.17964822561675456,0.41740254356258094,0.3493691682815552,0.1455247849225998,-0.9256153106689453
1708,1708,1,0.99689555,286.7594310169131,48.89384732335194,784.2886059025473,-0.1436825966144969,0.36177188962324897,0.3257191777229309,0.12411820143461227,-0.9372842311859131
1709,1709,1,0.99758554,287.0836147223399,48.6773155632658,780.9824437535325,-0.12026660029484006,0.3293564404079887,0.3122115731239319,0.11254045367240906,-0.9433231949806213
1710,1710,1,0.99858356,291.99737699175927,48.67165401373925,789.3785185786878,-0.1339977830036379,0.3312075527143131,0.3118463456630707,0.11233416199684143,-0.9434685111045837
1711,1711,1,0.9987985,305.0462991914648,49.32906870380477,816.6413030211908,-0.1822328820564574,0.3715778356832553,0.316060334444046,0.12331900745630264,-0.9406903982162476
1712,1712,1,0.99836165,309.1057882168768,49.229056662496795,822.7323399837029,-0.22491946493897239,0.43014631764047145,0.33413979411125183,0.14382193982601166,-0.9314858317375183
1713,1713,1,0.9983846,304.5279517244059,49.318889896958105,806.1131304999068,-0.22371979291235128,0.5290141984478358,0.34411293268203735,0.18252120912075043,-0.9210169911384583
1714,1714,1,0.9971179,312.09142856553757,49.5628605975866,820.8816605582715,-0.2780613254545547,0.5661221248018422,0.3610144555568695,0.1921345293521881,-0.9125529527664185
1715,1715,1,0.9985044,311.2389998247906,50.63267914320019,818.8935184824677,-0.28711660278724627,0.6107900058518969,0.36736613512039185,0.20698174834251404,-0.9067528247833252
1716,1716,1,0.9982116,313.19779379798905,51.18418692293731,819.2706753690499,-0.29337843513548967,0.6684217341784162,0.3678855895996094,0.22675588726997375,-0.9017993211746216
1717,1717,1,0.9982622,305.4447448839923,50.38215999189027,795.7279982638825,-0.2530607305585291,0.7158261071794306,0.3617316782474518,0.25140345096588135,-0.8977452516555786
1718,1718,1,0.99762625,309.4110327401112,51.304664370033436,808.0459098379337,-0.2640499119826975,0.7816765033904436,0.35758519172668457,0.2704681158065796,-0.8938566446304321
1719,1719,1,0.99747366,312.51768673462175,52.091702198866834,816.6350189322101,-0.27906669930686057,0.801279160795783,0.35912591218948364,0.2737298011779785,-0.8922447562217712
1720,1720,1,0.9973003,311.698736201145,52.11882865209594,814.2681506188032,-0.27874722267289925,0.7844913701008274,0.3611167073249817,0.26840996742248535,-0.8930569887161255
1721,1721,1,0.99721044,307.51530340294954,51.79896273836493,804.7636344556155,-0.24434336414882352,0.740497436846592,0.35045528411865234,0.256626695394516,-0.9007351398468018
1722,1722,1,0.9971003,305.88519407172015,51.4424241780838,798.2406104789246,-0.22044320928696573,0.7133404924357307,0.34123846888542175,0.2496705800294876,-0.9062123894691467
1723,1723,1,0.9967514,313.0501769606186,52.098441880255194,817.0714414936887,-0.225770951950267,0.7228632902857743,0.3291982114315033,0.2476298213005066,-0.9112123847007751
1724,1724,1,0.9961669,314.6981708485515,52.39984345906257,822.7452871984134,-0.2038494696180811,0.6924915390564501,0.3129293620586395,0.23555679619312286,-0.9201022982597351
1725,1725,1,0.99634737,316.2056393696458,52.7411523348247,825.8576645622303,-0.16985584993473563,0.6284437139096227,0.2908024489879608,0.21202553808689117,-0.9329946637153625
1726,1726,1,0.9970796,321.7086004311697,53.42362450592094,838.4858338361488,-0.15630327126276963,0.5635876561928663,0.273117333650589,0.18540695309638977,-0.94394451379776
1727,1727,1,0.9958495,316.903080707727,52.823930869012905,824.948781648889,-0.1224875961099195,0.47870345834114336,0.2629917562007904,0.1578264683485031,-0.9518015384674072
1728,1728,1,0.9970522,316.6138108197552,52.753725427845154,821.2890736466765,-0.11440455039621521,0.40548988876941794,0.2599862813949585,0.1314818412065506,-0.9566188454627991
1729,1729,1,0.9977852,323.5254388524666,54.25793100690143,839.7433909026003,-0.13220450700672892,0.3414204095415624,0.2576709985733032,0.10394322872161865,-0.9606255888938904
1730,1730,1,0.9978935,319.0696244601767,53.68398297445079,826.9693886970211,-0.11807598205342991,0.26038167303274373,0.25818103551864624,0.07629279792308807,-0.9630794525146484
1731,1731,1,0.99833304,318.3433545304093,54.14682635805275,825.2682913902427,-0.12134987679795187,0.2043050496111612,0.2615474760532379,0.05541347712278366,-0.9635986089706421
1732,1732,1,0.9978987,334.73982887491695,55.61219852951675,870.8202248662437,-0.17927496006687427,0.20285240299667226,0.2639724016189575,0.051352571696043015,-0.9631622433662415
1733,1733,1,0.99636394,320.87816869529337,55.68619771773475,831.9248150059111,-0.11966779240892085,0.21933054822370338,0.25561341643333435,0.05856049060821533,-0.9650038480758667
1734,1734,1,0.99556893,328.4069800870007,57.0502302097505,851.947402227414,-0.13772384379559902,0.22686122758983085,0.2520904839038849,0.05859796330332756,-0.9659278392791748
1735,1735,1,0.99557966,320.49825391174835,56.852150519335794,828.7578193347914,-0.12381578468419054,0.23019444865077587,0.2595837712287903,0.06134568527340889,-0.9637701511383057
1736,1736,1,0.99616015,331.56919680163185,58.44328898744715,854.6662666831407,-0.16204147899138507,0.2649449888023699,0.26228585839271545,0.07053832709789276,-0.962408721446991
1737,1737,1,0.99646723,328.42969101973523,59.272762594729386,845.1429827265509,-0.1638513374515891,0.32665322208425834,0.269758403301239,0.09232404083013535,-0.9584919214248657
1738,1738,1,0.9957975,329.35956346757706,59.36475478481609,842.6068518338787,-0.17998341239696572,0.4016159954083148,0.27895429730415344,0.11952894926071167,-0.9528364539146423
1739,1739,1,0.9952335,336.2731981687682,60.12586637618711,857.9267887983787,-0.2162531638692359,0.5422164147432357,0.28692787885665894,0.16644056141376495,-0.943382203578949
1740,1740,1,0.99466336,332.4009060783422,59.98062794053596,847.1390705910617,-0.2281094466780662,0.7462494924208405,0.299064576625824,0.2404216229915619,-0.9234488606452942
1741,1741,1,0.99551386,332.26494650150954,59.931754147205346,847.0981216238309,-0.19999464906006542,1.1620236171039886,0.2726728320121765,0.38261401653289795,-0.8827548623085022
1742,1742,1,0.9964533,334.1630591767825,63.2882265887749,854.3877770511377,-0.12294180072448267,1.7454262766386137,0.20347779989242554,0.5530484914779663,-0.8079196214675903
1743,1743,1,0.9950848,325.3586272454118,67.19762144210922,840.0677922498135,-0.002399553129230745,2.276494346353921,0.12710203230381012,0.6858036518096924,-0.7166019678115845
1744,1744,1,0.9974565,305.86387364398325,68.65293258995428,799.482796634164,0.16024014295846167,2.6162417101416606,0.049832314252853394,0.7694401741027832,-0.636772096157074
1745,1745,1,0.9983542,296.54173925464386,71.48059576891471,785.0237132702431,0.3418021791775642,2.844472246716205,-0.04280642792582512,0.8064212203025818,-0.5897901654243469
1746,1746,1,0.998428,282.8549895015338,70.84469357547403,753.238217810744,0.4597754283685233,2.647274919386538,-0.09533283859491348,0.789783239364624,-0.6059324741363525
1747,1747,1,0.99802715,290.7495479487695,73.50141726366284,775.7345740884315,0.5013612851270612,2.565027743554354,-0.12654778361320496,0.7604945302009583,-0.6368938088417053
1748,1748,1,0.99867034,290.8231266781002,75.44563333639861,775.2395890534254,0.5217465862798423,2.464741852598066,-0.13975617289543152,0.741071879863739,-0.6567196249961853
1749,1749,1,0.9989598,288.0584805192547,76.60853712758133,770.3839579527744,0.5388886256489623,2.4692269731114576,-0.14712968468666077,0.7428404092788696,-0.6531010866165161
1750,1750,1,0.99838984,288.7964470616592,76.91858480617856,771.7169588486275,0.5394370633856969,2.5842681834951704,-0.14627104997634888,0.7615165114402771,-0.6314249038696289
1751,1751,1,0.99814355,288.555850729772,76.73231300858984,770.1602490454912,0.5097936617750729,2.6916316651451426,-0.12810418009757996,0.7816353440284729,-0.6104388236999512
1752,1752,1,0.9965563,293.9556566323983,76.213334645203,781.0263065287086,0.4616095720791588,2.8409099149217356,-0.1049574762582779,0.8006920218467712,-0.5898104310035706
1753,1753,1,0.9970716,299.45604365688547,74.78488307103272,790.6478610387886,0.35074633613490747,3.089614250583226,-0.05087345838546753,0.8328729867935181,-0.551121175289154
1754,1754,1,0.9960653,299.7303517722634,74.60655338988683,785.0643856235464,0.2245389272381452,3.0107918878527142,0.014673837460577488,0.8288666009902954,-0.5592538714408875
1755,1755,1,0.99134433,301.4815675858138,72.76587168286748,779.5335044218986,0.08467003433988426,2.8812086954365492,0.08958499878644943,0.8146846294403076,-0.5729429125785828
1756,1756,1,0.99061286,315.9454026538777,71.87641265144175,804.1276669725745,-0.15358916877752643,2.4695260449347907,0.21668826043605804,0.7297470569610596,-0.6484716534614563
1757,1757,1,0.9936487,313.66316956409497,67.50632393576574,788.0864848816619,-0.24120547966541747,1.7273634493680545,0.3106962740421295,0.5675768852233887,-0.7624462842941284
1758,1758,1,0.997212,317.0347298304687,65.54117063893764,790.748117804635,-0.27927187289351013,1.261675598406714,0.35104426741600037,0.42637085914611816,-0.833652138710022
1759,1759,1,0.9966487,335.55824054613385,65.26738799554427,828.4230561670365,-0.3355192543190464,0.9464986963023286,0.3601812422275543,0.30624428391456604,-0.8811832666397095
1760,1760,1,0.9972531,325.3026241837328,62.60616477523498,802.9752229575915,-0.29017479201512414,0.7594845739507057,0.3592916429042816,0.25182008743286133,-0.8986079692840576
1761,1761,1,0.99738735,325.13036962595544,62.61933947798642,799.1267033666405,-0.2673545751994718,0.7641292716116904,0.3475574851036072,0.25535184144973755,-0.9022190570831299
1762,1762,1,0.99472284,323.11411948316874,64.45903908208881,786.755241514141,-0.22053193654512107,0.8695878361144844,0.32418447732925415,0.2971554696559906,-0.8981108069419861
1763,1763,1,0.9976593,321.9492389080287,68.37390228768497,779.8882898445869,-0.19505164341987785,0.9783029349559926,0.30973294377326965,0.33576640486717224,-0.8895652890205383
1764,1764,1,0.9959907,337.752475513251,74.52436329347556,806.8975663997436,-0.21078549123566875,1.1199926175116168,0.28835567831993103,0.36978012323379517,-0.8832404017448425
1765,1765,1,0.9906352,347.26846465733274,77.18901926053248,821.0582722296795,-0.19778077748707615,1.20792291514687,0.26261401176452637,0.39277175068855286,-0.881342351436615
1766,1766,1,0.99558467,358.4854846230274,78.58060587697047,839.3985527687931,-0.19909152518083145,1.287188934677835,0.24315643310546875,0.41091275215148926,-0.878649890422821
1767,1767,1,0.9960223,361.0313266696073,79.28803896748592,833.6867558301543,-0.1740241184248229,1.3705112247329714,0.2236930876970291,0.44087839126586914,-0.8692454695701599
1768,1768,1,0.99097085,364.8403205841949,79.48859366870435,832.902633001591,-0.18576972393792157,1.4913871334983448,0.22248269617557526,0.4787456691265106,-0.8492962121963501
1769,1769,1,0.9905539,363.8856668968452,81.41879195353253,819.286335335848,-0.18489942141253196,1.6543638595559071,0.22005914151668549,0.5321118831634521,-0.8175762295722961
1770,1770,1,0.9903874,360.8247886978897,82.2892845429573,804.2763292679807,-0.14695876854571485,1.9067017231118992,0.19308370351791382,0.6094928979873657,-0.7689194679260254
1771,1771,1,0.98838145,356.17224222424005,82.42593150668985,787.7787231361127,-0.12207718531885561,2.120502479479823,0.1768255978822708,0.670544445514679,-0.7204880118370056
1772,1772,1,0.99108183,359.0966928089262,84.06531395063185,790.5463933033576,-0.11744734709817645,2.416215716816145,0.15799783170223236,0.7294394373893738,-0.6655485033988953
1773,1773,1,0.99289024,369.4409804552009,87.6938458892159,805.336090847756,-0.1475128453200911,2.7601779377197455,0.14845852553844452,0.7779285907745361,-0.6105630993843079
1774,1774,1,0.99021965,364.86375191296383,87.50504121603262,795.859746373907,-0.1558971423539494,2.8418033268142193,0.15491220355033875,0.7935184836387634,-0.588498592376709
1775,1775,1,0.9929721,350.73260179626413,85.64231451813926,768.8790290155408,-0.15334574436349083,2.9209145574348385,0.16628322005271912,0.8157312273979187,-0.5540148615837097
1776,1776,1,0.9931076,358.5619831266924,87.58954777474473,785.589492022702,-0.2535706481115698,3.100311098005403,0.19919754564762115,0.8247101306915283,-0.5293142199516296
1777,1777,1,0.9932922,363.9057308517575,88.89689136660463,802.0041804170623,-0.3953469609643249,3.188825146447568,0.25467708706855774,0.8176547288894653,-0.5163142085075378
1778,1778,1,0.9920661,359.31036809392964,89.04011730599753,792.9293732712589,-0.4179725569194941,3.167408849829477,0.27131974697113037,0.8156073689460754,-0.5110482573509216
1779,1779,1,0.9942059,362.1800109631592,90.11077939490615,803.4160411107205,-0.3767464663519553,3.14631815102926,0.25018972158432007,0.8130102753639221,-0.5257561206817627
1780,1780,1,0.9906837,362.7791000005607,90.68397115353123,805.0176488560513,-0.2649971707036243,3.095382885651463,0.19961048662662506,0.8148564100265503,-0.5442101955413818
1781,1781,1,0.9897367,372.0236610188975,91.18863479639352,829.8355243143,-0.14362557149170285,3.0621308273636525,0.1308342069387436,0.8075708746910095,-0.5750753879547119
1782,1782,1,0.9937663,364.7278234342028,89.81653860095243,815.9284149730371,0.008195017212241536,2.8454455251508595,0.06706251949071884,0.7887449860572815,-0.6110515594482422
1783,1783,1,0.99297637,351.31695028904664,87.44937099582462,789.381987733092,0.1036314485228994,2.5127410295656647,0.03635522723197937,0.7504698038101196,-0.6599041223526001
1784,1784,1,0.9922678,358.78383067180965,88.76270363747518,808.4371856184661,0.11122472851821016,2.400211795425159,0.025402333587408066,0.7187708616256714,-0.6947828531265259
1785,1785,1,0.9916632,369.258636892717,89.71865838840002,833.0234128656784,0.037938172897797495,2.3157640270668973,0.05757300183176994,0.6883924007415771,-0.7230499982833862
1786,1786,1,0.9912515,371.4189256740215,91.13572855496334,833.8690092562603,-0.050543258136410286,2.1901648503345625,0.11029957234859467,0.6592257022857666,-0.7438114285469055
1787,1787,1,0.9896437,368.6579124204952,90.52669878901429,828.4325784510569,-0.12810336146594267,2.20162962472651,0.158596009016037,0.6623532772064209,-0.7322127819061279
1788,1788,1,0.98737246,377.7023372621434,92.10962825918519,846.3777206112014,-0.21931699748016775,2.372259132550398,0.19081030786037445,0.6844977140426636,-0.7036010026931763
1789,1789,1,0.98473305,375.3428346423337,91.50314744422907,841.6876832205944,-0.2888505461370374,2.567259888180428,0.22149118781089783,0.7193161845207214,-0.658426821231842
1790,1790,1,0.988267,362.0098977824475,89.42717949851594,811.972167121149,-0.289577201829761,2.765568621711944,0.22838877141475677,0.7649143934249878,-0.6022828817367554
1791,1791,1,0.99038297,348.9445309714459,86.64755821508015,787.7603680164789,-0.30286140679430634,2.9733152164347407,0.2383553832769394,0.8028078675270081,-0.5465219616889954
1792,1792,1,0.99181974,353.49849435035804,87.83393983831418,796.2452802700094,-0.33949557651760426,3.1461867896572944,0.24100647866725922,0.818151593208313,-0.5220573544502258
1793,1793,1,0.9911032,355.422080429304,87.73515570278566,801.9168871731032,-0.37058776079397626,3.242985893455058,0.24740339815616608,0.8247987031936646,-0.508427619934082
1794,1794,1,0.9901444,358.4695227745254,88.64004158712753,805.7536265382386,-0.39059890793306634,3.2393633014968533,0.253750205039978,0.8214825987815857,-0.5106635093688965
1795,1795,1,0.98991126,355.55965353677897,88.34394869232601,801.8069783131663,-0.3867254077531483,3.000697789523609,0.2691134810447693,0.7937020063400269,-0.5455411672592163
1796,1796,1,0.990437,357.83106951814415,88.71337142659941,805.0415563794351,-0.3804690269583394,2.9073793124553062,0.2694266438484192,0.7805435657501221,-0.5640577077865601
1797,1797,1,0.9932689,362.8210649967561,89.48464999802373,815.912259501858,-0.3967348893253723,2.789399110285698,0.27833327651023865,0.7576937675476074,-0.590280294418335
1798,1798,1,0.99538946,359.0005423487003,87.80737275509115,809.0003406136872,-0.37529976104548485,2.6507394669167796,0.28070399165153503,0.7406654953956604,-0.6104260683059692
1799,1799,1,0.9949591,367.35837367050976,90.18530741959246,826.9572938400825,-0.41644566343885164,2.682171682953009,0.28849712014198303,0.7344824075698853,-0.6142516732215881
1800,1800,1,0.9942094,377.4262624103778,91.94616573259229,850.3265614979955,-0.44533084622433133,2.697398171413786,0.2885407507419586,0.7251647114753723,-0.62520432472229
1801,1801,1,0.99538416,371.2962296113886,90.15190595791277,836.4192577857701,-0.4064730530501305,2.6445998570678495,0.2806512117385864,0.7256795167922974,-0.6281912326812744
1802,1802,1,0.99510217,362.0545981961236,88.60939605581119,818.9110595939404,-0.3523410002412616,2.6673239299765727,0.26399460434913635,0.7412190437316895,-0.6171719431877136
1803,1803,1,0.99564266,359.93613694490733,87.98326418938474,813.8533751227598,-0.30927555439967935,2.729093170353164,0.2416965812444687,0.7570428848266602,-0.607016384601593
1804,1804,1,0.9934895,363.30078279755634,91.88234665226646,819.0874101100281,-0.28329663167439606,2.9475338404070857,0.21405619382858276,0.7879322171211243,-0.5773584842681885
1805,1805,1,0.99059415,359.3865841835562,91.29317069256496,808.0088753082731,-0.24369052090464505,3.090601048273029,0.19243267178535461,0.8137251734733582,-0.5484715104103088
1806,1806,1,0.9874419,353.47020786066315,90.45727347238336,797.3077480401497,-0.20803046476427686,3.0527056645972634,0.1831987351179123,0.8153180480003357,-0.5492675304412842
1807,1807,1,0.98512065,359.15110734989815,90.38801641366312,811.1558716934543,-0.23517759219796272,3.0160409037221156,0.19160141050815582,0.8037604093551636,-0.5632568001747131
1808,1808,1,0.9915946,351.5136587520121,88.35325420065833,801.7022063698955,-0.19879337653317256,2.6860127091410617,0.1971898376941681,0.7625558972358704,-0.6161369681358337
1809,1809,1,0.99157107,340.10184408395304,86.08071533477774,783.5016240019439,-0.11094396851204878,2.299979562725975,0.1811496615409851,0.7073371410369873,-0.6832708120346069
1810,1810,1,0.9953461,347.3858846766988,87.76585288399356,799.5315843611357,-0.0769641924581603,2.1165719887864114,0.15899300575256348,0.6606085896492004,-0.7337012887001038
1811,1811,1,0.9952916,347.7824939379273,87.82657374073369,801.2196986431658,-0.003346444832740738,1.9697942229428527,0.11873716861009598,0.6270221471786499,-0.7698991894721985
1812,1812,1,0.99537826,345.2779689684099,87.99363168883588,796.9315114083153,0.059842189123647166,1.9355037645781756,0.08341103792190552,0.6216157078742981,-0.7788687348365784
1813,1813,1,0.9917191,349.9059963927207,89.69653248495086,803.7217584904593,0.06550223058841172,1.9836905353693586,0.07264836877584457,0.6288841366767883,-0.7740975022315979
1814,1814,1,0.9905952,360.0557826369201,91.22747495498139,824.270515337162,0.08851194244392092,2.1115964014271453,0.042643409222364426,0.6472694277763367,-0.7610675692558289
1815,1815,1,0.99129313,346.47217053535564,88.96978776879672,793.3960470016408,0.15204082771989683,2.111781300801349,0.02009071409702301,0.6657066941261292,-0.745943009853363
1816,1816,1,0.9927287,347.8992206505148,88.431730697774,796.1722888014756,0.09588420529424638,2.138129372758775,0.0526915118098259,0.6708629727363586,-0.7397069931030273
1817,1817,1,0.99316436,350.33815283841113,88.24607315186309,800.153983968347,0.05221898020146473,2.158104218467339,0.07597636431455612,0.6730675101280212,-0.7356682419776917
1818,1818,1,0.99139714,353.3507994758059,89.34274824763996,808.0117990998311,-0.008418767680632763,2.198333628628504,0.10749978572130203,0.6760101914405823,-0.7290089726448059
1819,1819,1,0.9919744,350.40740693178213,89.12715043279717,801.4238661137989,-0.02611140454983127,2.2711451471236397,0.11951186507940292,0.6946703195571899,-0.7093307375907898
1820,1820,1,0.9932541,340.57416414333824,87.20060987225868,778.1436873572217,-0.03487662136850617,2.3076311272159855,0.13653264939785004,0.7149480581283569,-0.6857172250747681
1821,1821,1,0.99498725,354.78751344645775,88.60606190142799,805.2339221759072,-0.14917672395388154,2.4833794921710997,0.17623624205589294,0.7295656800270081,-0.6608136892318726
1822,1822,1,0.99539006,352.76258488946314,87.305380421138,795.9856897496412,-0.2273315613618095,2.561649767334955,0.21794265508651733,0.7434197664260864,-0.6323196291923523
1823,1823,1,0.99459755,378.70057368157285,91.68643548275436,851.0807183976776,-0.3994525603658359,2.804776419911258,0.2592887282371521,0.7465265989303589,-0.6127539873123169
1824,1824,1,0.9942111,375.46742389499445,91.999695462214,845.884273152206,-0.4547617982254863,2.830878520402137,0.2875398099422455,0.7471482753753662,-0.5992414355278015
1825,1825,1,0.993602,375.2030014789306,90.94588750516131,842.7017222639441,-0.4925475609642397,2.7580979905294196,0.3100086450576782,0.733820915222168,-0.604484498500824
1826,1826,1,0.9948547,378.1283157691648,89.2236051293,845.5380820399249,-0.5263167501784985,2.899883032950366,0.31298208236694336,0.7523767352104187,-0.579630434513092
1827,1827,1,0.99248123,378.77743551187905,88.49622907665594,844.7808371276891,-0.5549171191619419,3.059266983490215,0.3147946000099182,0.7725844979286194,-0.5513779520988464
1828,1828,1,0.9909841,379.0302526800678,88.2886597965453,839.4436834620042,-0.5593378274178901,3.0990502531446955,0.31472256779670715,0.7795639634132385,-0.5415069460868835
1829,1829,1,0.9941953,379.75891701325077,90.94534599886269,838.6716299143324,-0.6261934619530192,3.3909543078240754,0.323666512966156,0.8072687983512878,-0.4935150444507599
1830,1830,1,0.99194616,369.5530203897329,91.21568146312397,811.6271364911818,-0.591943100400683,3.271348534340313,0.32939624786376953,0.8043188452720642,-0.4945395588874817
1831,1831,1,0.99403363,349.7294555886809,89.86542407861934,761.6637862464772,-0.5287802275276409,2.8865308261070894,0.35382336378097534,0.7766334414482117,-0.5212001800537109
1832,1832,1,0.99345595,343.71712840734057,89.7441578955809,741.1558638076689,-0.5255578423651305,2.816506246041643,0.36670076847076416,0.7735214233398438,-0.5169092416763306
1833,1833,1,0.9942821,339.2039190172445,88.93286567301111,728.213218749845,-0.5230615130112705,2.69897141309027,0.38137173652648926,0.7604429125785828,-0.5256255865097046
1834,1834,1,0.9945075,337.43504411300484,88.38131170454771,724.3319475348598,-0.5016558009427695,2.535744230378418,0.38730981945991516,0.738174319267273,-0.5523493885993958
1835,1835,1,0.9931778,333.67761013751374,87.71254454263374,719.8448442036562,-0.4644513726576984,2.38416841622045,0.38638371229171753,0.7174274325370789,-0.5796598792076111
1836,1836,1,0.9934424,349.6599899459348,89.98624543562863,758.1442668290932,-0.49822740750871425,2.378771660413914,0.37979549169540405,0.6977928876876831,-0.6073223948478699
1837,1837,1,0.99243635,362.7392767854564,90.39326055352952,791.5147365295248,-0.5189973163937978,2.326049551697246,0.3736262321472168,0.6729400753974915,-0.6384004950523376
1838,1838,1,0.9923005,366.22798361066316,90.2569339244609,806.8467387763573,-0.5181514846940196,2.2999017594792406,0.36798927187919617,0.6617423295974731,-0.6532082557678223
1839,1839,1,0.9948349,360.6523645046077,87.99672395658767,801.7722542252578,-0.5103308285339283,2.2771831196462857,0.37158653140068054,0.66019606590271,-0.6527363657951355
1840,1840,1,0.99412185,354.77299320218555,88.2946583973466,790.901274551417,-0.4940882214878592,2.2299315463945812,0.3753315508365631,0.655507504940033,-0.6553137898445129
1841,1841,1,0.99339914,362.708129468484,90.41337559806557,806.6656808386393,-0.5174469927700732,2.2952229703543465,0.3712575137615204,0.6599482297897339,-0.6531739830970764
1842,1842,1,0.99389327,351.2032934246233,89.35465414541001,778.4283401468814,-0.45342383754041876,2.2256805685635532,0.36235782504081726,0.66375732421875,-0.6543111205101013
1843,1843,1,0.99402434,353.48849225118994,90.49435198349863,784.217261625804,-0.4527448266148255,2.277196503068048,0.35502249002456665,0.6718196272850037,-0.6500904560089111
1844,1844,1,0.9943778,360.2748552938576,91.4538648136047,798.7803320696463,-0.4788336919898594,2.409490913777816,0.34904754161834717,0.6896408200263977,-0.6344771981239319
1845,1845,1,0.9950734,361.34843961153956,90.9648533412403,801.9657766977783,-0.47823466949514176,2.482658797070366,0.34186649322509766,0.7026140689849854,-0.6240679621696472
1846,1846,1,0.99507433,366.6920502516893,92.08662604864146,815.8383184159176,-0.49742620195722,2.557234271611465,0.3383941054344177,0.7085236310958862,-0.6192606091499329
1847,1847,1,0.99513197,370.0649879002894,92.1442024183582,819.7854713782432,-0.4916926339772495,2.4778073841915487,0.3371191918849945,0.6936602592468262,-0.6365423798561096
1848,1848,1,0.99490356,353.5958269917657,89.68092344079012,787.4663124530848,-0.4263589662621749,2.295478626745151,0.3393639028072357,0.677593469619751,-0.6524564027786255
1849,1849,1,0.9944864,353.39651731083455,89.49997004033884,785.7182580350842,-0.4074234716490794,2.142324547460231,0.34058406949043274,0.6478145122528076,-0.6814242005348206
1850,1850,1,0.99418855,355.7926864325911,89.79476572197592,788.34824964183,-0.3954990704398362,1.999599983259723,0.3406016230583191,0.6149247288703918,-0.7112370729446411
1851,1851,1,0.9930795,346.88954083420737,89.051839628195,768.8981391396293,-0.3562244453391462,1.8729904162442124,0.3418101370334625,0.5955380797386169,-0.7269802093505859
1852,1852,1,0.9921681,344.34226476985094,89.40134563423844,763.1399492792149,-0.3585449286175991,1.8356623842640405,0.34997889399528503,0.5875576138496399,-0.729582667350769
1853,1853,1,0.99234205,352.25561359640983,90.76903001550306,779.0040860142398,-0.4070482655255672,1.8780370535365762,0.36111992597579956,0.5863113403320312,-0.7251423597335815
1854,1854,1,0.99144405,357.87956613665125,91.56291071751099,794.4293096929964,-0.45307548613021914,1.9603280643203902,0.3700186312198639,0.5953585505485535,-0.7131861448287964
1855,1855,1,0.9921496,358.55210046770526,91.3154099062644,800.3294209273889,-0.4798703098289978,2.037670335746724,0.3761569857597351,0.6086189150810242,-0.6986336708068848
1856,1856,1,0.99533844,365.41728685158137,91.89156408384476,817.1272589058408,-0.5280156271500449,2.1172321741655824,0.38357946276664734,0.6151790618896484,-0.6887826919555664
1857,1857,1,0.9946584,373.6985507624923,92.65718630979518,835.847024054034,-0.5828764430635972,2.1861964670966403,0.3925945460796356,0.6175462603569031,-0.6815468668937683
1858,1858,1,0.9937691,375.118417300188,92.44177918415045,839.399182716936,-0.5969576632856141,2.2144383574196485,0.3949699103832245,0.6210266351699829,-0.6769968271255493
1859,1859,1,0.99331915,376.97284703430097,92.29728006555167,841.2205836580703,-0.5917863580358133,2.21574292883145,0.3903459906578064,0.6216664910316467,-0.6790882349014282
1860,1860,1,0.9929396,374.8739812859953,92.29306474276103,838.1307565797873,-0.5802775379731401,2.286586603126411,0.3829858899116516,0.6388285756111145,-0.667248010635376
1861,1861,1,0.99369204,356.52415761360044,88.79404588788465,798.8967133584159,-0.5365128947659561,2.302022666985729,0.3869858384132385,0.6618574261665344,-0.6420177817344666
1862,1862,1,0.99559337,344.3003909609476,80.6708460163138,772.4414373604099,-0.5080521626397752,2.2719973716809823,0.3913396894931793,0.672620415687561,-0.6280406713485718
1863,1863,1,0.99472284,335.16058743924276,70.77270386918819,754.6463523676149,-0.4641937689073467,2.2279064478376562,0.3836905360221863,0.6807119250297546,-0.6240295767784119
1864,1864,1,0.9914466,338.8761547764486,63.966621913465794,765.6516026763173,-0.4482839966825322,2.226294403099456,0.3678347170352936,0.6823054552078247,-0.6317886710166931
1865,1865,1,0.9909377,320.3478775559365,56.3332458632492,723.7267356676815,-0.34682303144912535,1.9945473788978987,0.35988155007362366,0.6655613780021667,-0.6538451313972473
1866,1866,1,0.9924368,313.4268871146052,54.097417069842265,711.2127301758105,-0.37719113478142935,1.9512498758393588,0.3893016278743744,0.6573910117149353,-0.64519864320755
1867,1867,1,0.9939116,337.53825547047137,57.39947917922475,763.6215759398041,-0.5098219102130036,2.0861272034317606,0.4082501530647278,0.6495715975761414,-0.6413958072662354
1868,1868,1,0.9956632,332.4810852055983,59.16038648063716,755.6278079374897,-0.46739269590821086,1.9662282210006057,0.40414130687713623,0.6294459700584412,-0.6636773943901062
1869,1869,1,0.99554574,333.17697482552217,58.93809597994015,757.612580673586,-0.47453860594634334,1.796081700136247,0.4188931882381439,0.586707592010498,-0.693038821220398
1870,1870,1,0.9954716,337.1760610931586,59.08560516280367,766.0573282480904,-0.5295359856539519,1.7384072904779122,0.4435321092605591,0.5620665550231934,-0.6981120705604553
1871,1871,1,0.9953425,345.64027855158656,60.22626821157986,782.690535716138,-0.5716435396511484,1.646007356818034,0.4566945433616638,0.526649534702301,-0.7169870138168335
1872,1872,1,0.99660385,346.83257139122,60.307606586551834,788.7714251053432,-0.5121646586666421,1.5461111293290064,0.4308023154735565,0.5036789178848267,-0.748810350894928
1873,1873,1,0.9954373,360.51415846538595,63.324095285351284,820.1383120331701,-0.41957953787466834,1.5491112972830616,0.3593013882637024,0.5002119541168213,-0.7878391742706299
1874,1874,1,0.99666214,349.2050732771333,64.60917283559411,796.5484957910948,-0.1387119720093758,1.4557823966883092,0.2192532867193222,0.5001171231269836,-0.8377415537834167
1875,1875,1,0.9964684,356.86141126474377,67.27418615706951,824.1859721557885,0.14007874044834817,1.212185063939762,0.029726499691605568,0.4083303213119507,-0.9123501181602478
1876,1876,1,0.99435556,326.97550604135193,66.57569315841306,773.5599763966178,0.4433162857877524,0.8580080039767717,-0.1397303193807602,0.2904990613460541,-0.9466180801391602
1877,1877,1,0.9933415,329.69956763970885,66.80933313984443,792.1432441490952,0.6339570948921573,0.737684305816823,-0.2644278407096863,0.22605277597904205,-0.9375383257865906
1878,1878,1,0.9937024,318.0559591411735,63.61226276975251,768.7586337925198,0.7724516714077337,0.6898213316207271,-0.34349867701530457,0.20927377045154572,-0.9155398607254028
1879,1879,1,0.99343574,320.37633539994016,61.95595297717168,776.1140031553841,0.7797312564311486,0.992279012931506,-0.34863919019699097,0.31867924332618713,-0.8814160823822021
1880,1880,1,0.99286944,325.4054458139474,63.01624256539602,787.5540387141565,0.5944619907352477,1.3535319028771384,-0.23573030531406403,0.4534675180912018,-0.8595338463783264
1881,1881,1,0.99061286,336.7793470627803,70.34745146975146,808.4192778020852,0.33088157761311976,1.6964313447949855,-0.07700897008180618,0.5586101412773132,-0.8258476257324219
1882,1882,1,0.9881223,361.5676735929449,83.72943791936233,860.158477802326,-0.03725567313476325,2.5266059407100023,0.10047254711389542,0.7165014147758484,-0.6903122663497925
1883,1883,1,0.9890119,377.15689615939345,92.39217312393073,870.4851002314655,-0.32351944624580564,2.8923538895279215,0.21729853749275208,0.7564716935157776,-0.6168727874755859
1884,1884,1,0.9968887,379.7786720388317,92.6847914958441,869.6518030229381,-0.4311270621184756,2.608883069409581,0.28143763542175293,0.7027133107185364,-0.6534423232078552
1885,1885,1,0.9983895,389.0184373171476,96.29647833653767,884.4636734648475,-0.41794005786077876,2.4288502674232975,0.27419185638427734,0.6631959676742554,-0.696412205696106
1886,1886,1,0.99633825,394.8655461089316,99.1315680013483,898.0709016223855,-0.4281222414169682,2.3466052630440073,0.27581730484962463,0.6388826966285706,-0.7181600332260132
1887,1887,1,0.99776053,391.01388372147056,100.14272315523239,890.3083878787365,-0.3618211000623489,2.319974530030807,0.24908892810344696,0.640473484992981,-0.7264630198478699
1888,1888,1,0.99544275,396.5965993601035,102.0235459032276,905.4711187509229,-0.3306335362632993,2.336254433190083,0.2245519608259201,0.6383194923400879,-0.7362911701202393
1889,1889,1,0.9954745,394.4164120658215,101.4130904140872,902.2623635086408,-0.29317380810627436,2.298625119473108,0.20928646624088287,0.6340553760528564,-0.7444279789924622
1890,1890,1,0.99645776,397.837066048997,102.48876177323991,907.8640558176845,-0.22016954201140043,2.2746167390031236,0.1673988699913025,0.6292113065719604,-0.7589932680130005
1891,1891,1,0.9963792,388.33367010850105,101.23223558424831,887.905801882721,-0.15356102601296923,2.1902779653692463,0.14608602225780487,0.6227142810821533,-0.7686910033226013
1892,1892,1,0.9967057,387.67913714880234,101.28923247579638,886.9239462554657,-0.1445911983182279,2.1584233653610387,0.14293208718299866,0.6161074638366699,-0.7745851278305054
1893,1893,1,0.9979596,385.6908677797739,99.13606637054738,882.0526361463311,-0.1489952368251181,2.1075649552042632,0.14958706498146057,0.6079009771347046,-0.7797949314117432
1894,1894,1,0.99667144,388.19671502413144,98.47723333355968,888.6354974696769,-0.2205892394312609,2.1014205498471474,0.18613500893115997,0.6011582612991333,-0.7771502733230591
1895,1895,1,0.9981166,372.8215504274704,94.6891037402363,856.6117727796212,-0.2452543434494391,2.0033848826966736,0.2250077873468399,0.5931920409202576,-0.7729778289794922
1896,1896,1,0.998317,371.084805721898,93.34034971662477,851.9796149316259,-0.2994444238355532,1.9603647947836598,0.2596330940723419,0.5822083353996277,-0.7704700827598572
1897,1897,1,0.99774396,388.05954146270705,96.8890595239269,888.2706908520737,-0.41194980111362695,2.028912302820572,0.2915172874927521,0.5739272236824036,-0.7652615904808044
1898,1898,1,0.9973429,385.8561794904524,96.38786505412257,884.3690066096943,-0.4250858026254284,1.9954960460544116,0.30287525057792664,0.5666376948356628,-0.7662821412086487
1899,1899,1,0.99716055,397.05170587409793,96.92807108532763,909.6272753755769,-0.45718281201694794,2.037984531582451,0.30037084221839905,0.5645768642425537,-0.7687849998474121
1900,1900,1,0.9972263,375.28539755794804,93.09291996621175,863.1651020006578,-0.3638869914962038,2.0289526206640014,0.28421497344970703,0.5898139476776123,-0.7558713555335999
1901,1901,1,0.99741995,388.6261836325254,93.5474964828541,894.2026601157858,-0.32737858753947063,2.1964213900100553,0.2375146746635437,0.6178761720657349,-0.7495437860488892
1902,1902,1,0.9963134,381.6176773858239,87.86800664216706,880.0590857040949,-0.11162759615916641,1.9163414665988103,0.13789412379264832,0.5708645582199097,-0.8093817830085754
1903,1903,1,0.99556714,340.6961918204435,75.40370989953294,808.3163955759546,0.22434312776263854,1.3693705326558283,-0.00869712047278881,0.45830103754997253,-0.8887544870376587
1904,1904,1,0.9932435,310.28940927233486,64.26326984062617,757.8557638569038,0.5230577108458996,0.9045741995767281,-0.17693433165550232,0.31353959441185,-0.9329454302787781
1905,1905,1,0.9943204,291.30188879227336,54.53022368628277,724.5267982136171,0.766515244392035,0.5717811366419684,-0.3237687945365906,0.1885514259338379,-0.9271580576896667
1906,1906,1,0.9971214,291.59556148717405,51.333444251375134,726.6995145162908,0.9206106429316221,0.23977159055065642,-0.40792161226272583,0.05248143896460533,-0.9115073680877686
1907,1907,1,0.9972799,295.2563645717266,51.375146561344714,736.8858893849639,1.0302210481126486,-0.08106622011796052,-0.45085644721984863,-0.06751424819231033,-0.8900395035743713
1908,1908,1,0.9961062,302.64190068316566,50.698274990898234,756.9721676281956,1.0392628985472125,-0.1101227174895677,-0.4512062966823578,-0.0748879462480545,-0.8892720341682434
1909,1909,1,0.9956031,304.0441811888871,49.72569736664904,758.4550143907181,0.9509560081875655,-0.07984801120942994,-0.40878379344940186,-0.06315068155527115,-0.9104437828063965
1910,1910,1,0.9948931,299.43423358576,50.21953307065877,745.0610766188069,0.7503472316040695,-0.03509611449775942,-0.29634520411491394,-0.047071151435375214,-0.9539202451705933
1911,1911,1,0.9949373,296.13678796632934,53.927135461774604,726.2880753732603,0.5470189914609371,0.09862504057577826,-0.16617347300052643,0.0038981351535767317,-0.9860888719558716
1912,1912,1,0.9976871,324.83794050261156,58.857900310070285,780.1821624026043,0.3313019182958976,0.256529770951744,-0.04648711904883385,0.06422780454158783,-0.996851921081543
1913,1913,1,0.9971746,347.0289490284863,60.27390691396412,820.3450116814907,0.09593879740660881,0.3937149132739076,0.08528544753789902,0.1165965348482132,-0.9895108342170715
1914,1914,1,0.99529606,363.94846195479835,63.39909974705023,853.2366232008662,-0.17597422415189815,0.5844158672472395,0.23282326757907867,0.18026988208293915,-0.9556652903556824
1915,1915,1,0.99458706,360.2646113905241,66.36997295943418,839.74989197292,-0.3328284789851506,0.729511940889431,0.33291342854499817,0.22926141321659088,-0.9146627187728882
1916,1916,1,0.9973641,345.22876826024816,66.82641386384155,805.7924100098511,-0.2975194056749864,0.802875425231597,0.3402149975299835,0.2637630105018616,-0.9025978446006775
1917,1917,1,0.99729925,348.63113574874495,70.30548274432137,811.721135855024,-0.2892178840733271,0.8686459296834951,0.3282225728034973,0.282265305519104,-0.9014412760734558
1918,1918,1,0.9984528,366.73733210510164,74.91685929753409,849.4032693809078,-0.3274179475803403,0.9265003967537954,0.3165159523487091,0.2862522006034851,-0.9043657183647156
1919,1919,1,0.99830806,364.28375215651835,74.84721119144315,839.084106300043,-0.29426258186832044,0.8889112380897317,0.3042181134223938,0.27726754546165466,-0.9113583564758301
1920,1920,1,0.99807394,358.2496030528368,73.81425435156247,823.4451179090111,-0.25407507995346046,0.8288230629785706,0.2933349311351776,0.2623651921749115,-0.9193036556243896
1921,1921,1,0.997973,362.33969460845384,73.50265362659913,831.9554317312096,-0.259767020202014,0.7920220252055681,0.2899584174156189,0.24724869430065155,-0.9245496988296509
1922,1922,1,0.9977182,362.20753485906766,73.1487368198794,830.4789096485443,-0.2569094305576734,0.7550681649397395,0.2894737124443054,0.23481132090091705,-0.9279378056526184
1923,1923,1,0.9979698,356.6119564568264,72.86877506898075,815.8685168256685,-0.25363908459245876,0.7279002903366045,0.29926326870918274,0.22875681519508362,-0.9263433218002319
1924,1924,1,0.99792814,358.14271326587453,73.23745820124587,820.4675232184591,-0.2738211371093129,0.7510361647069927,0.3078090250492096,0.2352394163608551,-0.9219089150428772
1925,1925,1,0.9984395,365.50359181337666,74.68934600017421,838.4475944461695,-0.31306100956822264,0.8462175170650029,0.3149881958961487,0.26223450899124146,-0.9121488332748413
1926,1926,1,0.99863416,366.82891685436124,74.398666245994,841.4080060311861,-0.3249442733073338,0.9906655305037542,0.31613782048225403,0.31147101521492004,-0.8961264491081238
1927,1927,1,0.99816066,357.19799121201186,76.70314412058814,821.5043470387826,-0.2979267873901753,1.1589426956066937,0.31302210688591003,0.3733445107936859,-0.8732874989509583
1928,1928,1,0.99806994,362.7657034667591,82.8815500101271,832.7979219262611,-0.28379466316554947,1.3857270660894678,0.2878139615058899,0.43767768144607544,-0.8518223762512207
1929,1929,1,0.9981806,372.44334077078344,87.3862755493122,854.7152731370784,-0.2700215638839507,1.5989832288463124,0.2556978166103363,0.4900672733783722,-0.8333382606506348
1930,1930,1,0.9980095,378.0125096066428,90.02445350331317,866.4723665701591,-0.23832615483730585,1.736977985993162,0.22376415133476257,0.5235317349433899,-0.8220974206924438
1931,1931,1,0.99826306,382.774112905895,92.28972871807684,877.0993256969032,-0.17452405707901708,1.8098018324300171,0.1774025559425354,0.5393881797790527,-0.823157787322998
1932,1932,1,0.99792886,397.03546610845586,95.1191583436273,911.0725096798227,-0.12946375612664007,1.9030371426181967,0.12868711352348328,0.5472102165222168,-0.827043354511261
1933,1933,1,0.99763703,395.69987641625795,95.5860232689267,910.3112979762172,-0.04949565433054011,1.9218290009960575,0.08396222442388535,0.5528997182846069,-0.8290067911148071
1934,1934,1,0.99686545,396.279754638601,95.8188912037051,912.4107118267652,-0.003381699917367007,1.9105734076956946,0.05681604892015457,0.548825204372406,-0.8340041637420654
1935,1935,1,0.9972583,394.67198431171533,96.68500730039159,907.2881875465159,0.045990987492279284,1.876314709884018,0.03067885711789131,0.5413857102394104,-0.8402144312858582
1936,1936,1,0.9982116,409.4257061972644,99.63973509130513,937.0871711268315,0.04513809985545587,1.8932283173273239,0.014233801513910294,0.5289834141731262,-0.8485128283500671
1937,1937,1,0.99745077,388.5134189130552,98.01508340690492,888.1380222555999,0.13082943414696663,1.7479297209452982,-0.010922017507255077,0.513530433177948,-0.8580018877983093
1938,1938,1,0.9966786,383.13464953108337,97.54630163924043,869.4727160449315,0.11566149352812727,1.674759410435169,0.0055481623858213425,0.5029765963554382,-0.8642822504043579
1939,1939,1,0.9958261,376.95897963680505,96.95875042579439,851.3829856729511,0.062462795000047776,1.6344143495010846,0.04749003052711487,0.5017552375793457,-0.8637050986289978
1940,1940,1,0.99575824,383.9468543163676,98.63915434985995,867.5276412820502,0.01588045872190902,1.6894996361405126,0.06644786149263382,0.5085873603820801,-0.8584425449371338
1941,1941,1,0.99605286,387.1122216118791,98.80658544692074,874.3827211129434,-0.01946255630370234,1.7520160313761817,0.08262583613395691,0.5228416323661804,-0.8484159708023071
1942,1942,1,0.99731547,393.6893600308995,99.48055703200009,891.7055243873461,-0.08106437481965087,1.8411361277933334,0.10839135944843292,0.5377700924873352,-0.8360949158668518
1943,1943,1,0.9969055,387.9934526882246,98.07929045691992,878.3842070745203,-0.09671504497536182,1.868663808208344,0.12457797676324844,0.5523611307144165,-0.8242436051368713
1944,1944,1,0.99697006,382.57971889304736,96.86675199724709,866.5231436895941,-0.14385059828744398,1.8688349355740952,0.15985597670078278,0.5578381419181824,-0.8144094347953796
1945,1945,1,0.9959286,385.9211688840973,98.59757562909788,874.1804786231058,-0.1917719038685907,1.9023400350908435,0.181917205452919,0.5600446462631226,-0.8082426190376282
1946,1946,1,0.996494,387.429994496506,98.71354038789512,878.6237519915463,-0.21365777211441422,1.9340420529574587,0.19093114137649536,0.5651770234107971,-0.8025709986686707
1947,1947,1,0.9977812,385.5434419934015,97.47188091966028,877.2090758089186,-0.23796538651330948,1.9542716241827847,0.20600402355194092,0.5706456899642944,-0.7949376702308655
1948,1948,1,0.9972964,392.9145855711049,98.40095283265225,894.2138380974629,-0.3038210559017554,2.0343307094939407,0.22836469113826752,0.5790092945098877,-0.7826862931251526
1949,1949,1,0.9980064,381.2951052584399,96.21391027222059,869.2000707971007,-0.29238261162904805,2.0247626560893353,0.23905880749225616,0.589492678642273,-0.7715888619422913
1950,1950,1,0.998063,394.0890777177204,97.55017681719657,895.5161976996466,-0.3240999420265382,2.1166472438350636,0.23420283198356628,0.5975071787834167,-0.7668991088867188
1951,1951,1,0.9976921,398.96258533183936,97.95273639644104,904.1556835562887,-0.29943606320580146,2.140746609530393,0.21370817720890045,0.6006379723548889,-0.770430326461792
1952,1952,1,0.9974222,401.5374920512932,99.83475271460657,909.0401720039555,-0.28780062251363503,2.166989266075959,0.20332029461860657,0.6039175391197205,-0.7706779837608337
1953,1953,1,0.99655825,395.2914890387421,99.07668467614872,892.7772754315052,-0.28518327203933064,2.154177094057046,0.21135923266410828,0.6087803244590759,-0.7646658420562744
1954,1954,1,0.9938957,402.6206688456423,99.56359184407295,904.0536529283858,-0.37076167339415955,2.1480499307842384,0.24753932654857635,0.5977836847305298,-0.7624821662902832
1955,1955,1,0.9954947,381.1331239241819,96.47154975375652,855.4525716161521,-0.3249439412874176,1.9297874518867721,0.2644205391407013,0.5704219341278076,-0.7776249647140503
1956,1956,1,0.99600923,378.9273692401196,91.8610036677067,848.8614069073257,-0.35197190164731823,1.7633565111208622,0.2902180552482605,0.5312454104423523,-0.7959597110748291
1957,1957,1,0.99636084,347.6050936540816,79.73097427917223,778.847902489722,-0.29838869141852525,1.3669460681586945,0.33071938157081604,0.45610979199409485,-0.8261891603469849
1958,1958,1,0.9966587,345.3720811697246,73.33710368792515,772.4294603454108,-0.2892611598225157,1.1030902143058423,0.34003445506095886,0.3764720857143402,-0.8617687225341797
1959,1959,1,0.99788034,348.5383510226139,67.82219858938812,780.3292047323994,-0.28876622661009727,0.8907549773852311,0.3391071856021881,0.3036312162876129,-0.890401303768158
1960,1960,1,0.99776125,348.5875953161192,64.14267437741772,781.0894313609011,-0.2865647822516064,0.7744163841699743,0.33980241417884827,0.2647450566291809,-0.9024657011032104
1961,1961,1,0.99554753,346.85573626940817,62.92069877579963,778.6414418787298,-0.28325973698175966,0.7270510850648555,0.34159108996391296,0.24911677837371826,-0.9062319397926331
1962,1962,1,0.993131,345.55663404943635,62.593770655029,779.3577732191533,-0.29994739846983426,0.740331938300021,0.3526184856891632,0.25357645750045776,-0.9007547497749329
1963,1963,1,0.99573094,343.11253915501806,60.89832039053419,775.8072297384033,-0.3201389043286335,0.7588194674466358,0.3683367073535919,0.26251745223999023,-0.8918591141700745
1964,1964,1,0.9974464,350.7065187087323,60.67227239343407,796.6741490854234,-0.36095187320475475,0.7908053398727136,0.3743896782398224,0.26754239201545715,-0.8878363966941833
1965,1965,1,0.99592716,340.98596870560374,58.16133669581077,786.9832969577765,-0.3357875990470933,0.7660293171831217,0.37465205788612366,0.26418280601501465,-0.8887313008308411
1966,1966,1,0.9955414,342.9317228589907,56.77478750551984,801.251662385775,-0.3550077164240775,0.8035084557643731,0.3766227960586548,0.2744772732257843,-0.8847697377204895
1967,1967,1,0.99609816,334.736562946171,55.5805607231035,797.3702393861141,-0.3468533153407328,0.7929755437534899,0.38239729404449463,0.2725515067577362,-0.8828862309455872
1968,1968,1,0.9956928,326.8174571619556,54.73744185690108,787.3428926545017,-0.3504563720882368,0.7958964535484891,0.39687713980674744,0.27635931968688965,-0.875279426574707
1969,1969,1,0.99700433,325.32991227907297,53.86734360546441,792.7111298763593,-0.3863024130123758,0.8044331884214186,0.4155437648296356,0.27683737874031067,-0.8664205074310303
1970,1970,1,0.99709284,313.94028324119193,52.52681935773546,771.9139027566163,-0.3762116474536942,0.7259757803074325,0.4327639937400818,0.25518032908439636,-0.8646377325057983
1971,1971,1,0.99622107,315.0338631235048,52.32580603911939,775.414868697915,-0.388507267952195,0.6649679546788133,0.437882661819458,0.23196172714233398,-0.8685922622680664
1972,1972,1,0.9970325,323.80014833919563,52.78497543474234,800.2771576649699,-0.44098675979551255,0.645258087146161,0.44566017389297485,0.21742045879364014,-0.8683981895446777
1973,1973,1,0.9966593,313.81503237142687,52.753492714811095,778.7662655376795,-0.4084726677855913,0.4789130504840577,0.4504837393760681,0.1622788906097412,-0.8779123425483704
1974,1974,1,0.9970066,309.12977649631335,53.31153055906591,767.2830924658724,-0.40132929305119797,0.2752912123245084,0.4570752680301666,0.08845746517181396,-0.8850183486938477
1975,1975,1,0.99579525,309.28127250267414,53.401101751455826,768.3546965225469,-0.37861715233737286,0.09366516170313147,0.4422733187675476,0.021842779591679573,-0.8966143131256104
1976,1976,1,0.9939634,311.34867976737047,54.21131721617915,776.3584115595867,-0.3715987767318825,-0.0171086784174264,0.43051138520240784,-0.0190135445445776,-0.902384877204895
1977,1977,1,0.99388003,312.82944325146957,54.90150459145543,780.5232522284499,-0.3545909939808008,0.028207038149791572,0.418863445520401,-0.004100137855857611,-0.9080399870872498
1978,1978,1,0.9943235,306.77765774604717,54.869170740766286,765.1543837099034,-0.32006082313100126,0.06587211757646534,0.41394123435020447,0.008900772780179977,-0.9102600812911987
1979,1979,1,0.9940586,310.57525293476385,54.98386148603291,774.6762075424837,-0.31105594563210864,0.054747818988566455,0.40034911036491394,0.0044517237693071365,-0.9163519144058228
1980,1980,1,0.994062,306.1130657525162,54.751790520733074,764.0247286527424,-0.2735787847196125,0.1283681840178364,0.38963577151298523,0.03149521350860596,-0.9204303622245789
1981,1981,1,0.9938313,309.67822996592605,55.65644481798413,773.9365579267936,-0.26181459341220314,0.21578610856475824,0.37530502676963806,0.06259438395500183,-0.9247854948043823
1982,1982,1,0.9939972,313.9111063063045,55.53061648798439,784.7258868294224,-0.25539650119111806,0.3352562328803294,0.3626236915588379,0.10674971342086792,-0.9258015751838684
1983,1983,1,0.99452716,310.91712016581886,56.22335518164298,776.3130216648893,-0.20943203103147837,0.4356283355194982,0.34163805842399597,0.14534005522727966,-0.9285256266593933
1984,1984,1,0.99443,307.29374626235057,55.57064649871844,767.7435816639401,-0.17471766112341927,0.5358726268070019,0.32683947682380676,0.18680468201637268,-0.9264340400695801
1985,1985,1,0.99466103,304.02360619007123,55.39904460324626,761.8155942900654,-0.1450528406347593,0.6530668991090174,0.312417209148407,0.23450303077697754,-0.9205453991889954
1986,1986,1,0.9941127,314.63116093389084,56.304424866198424,788.5521845775369,-0.1520581674153619,0.8169479494570917,0.2911456525325775,0.2881701588630676,-0.9122456312179565
1987,1987,1,0.9942101,295.62647764849345,54.43130639019989,743.3664506831457,-0.07006383045690119,0.7564955616435998,0.2777661383152008,0.28351736068725586,-0.9178583025932312
1988,1988,1,0.9945722,301.43211651039843,55.33972813988591,759.5684112572249,-0.06768229639155583,0.7616041178189782,0.26325327157974243,0.2793070375919342,-0.9234095811843872
1989,1989,1,0.99396825,297.1231096818335,54.64788595579393,749.5703203096954,-0.03420715072459555,0.7160109096844567,0.2501643896102905,0.26602134108543396,-0.9309406280517578
1990,1990,1,0.9938008,305.96376359169403,55.70261894708875,772.4048028919716,-0.04608457566809523,0.6764196104110307,0.24067915976047516,0.24220815300941467,-0.9398982524871826
1991,1991,1,0.9936085,300.647473526808,54.90218335879033,760.014113482117,-0.022308778631846615,0.6422078581020286,0.23559917509555817,0.2333928942680359,-0.9434091448783875
1992,1992,1,0.9937319,301.50361756673516,55.4492429536805,761.4975584218561,-0.018163582615632726,0.6407326119709796,0.23125918209552765,0.2317643016576767,-0.9448833465576172
1993,1993,1,0.9928806,303.7429235606183,55.68218147010513,766.6063413177776,-0.020155969236480793,0.633524282505816,0.2283664345741272,0.22722706198692322,-0.9466871619224548
1994,1994,1,0.99342513,309.9230904362493,55.629377133584974,783.706432842173,-0.036333039101579694,0.6654166389266086,0.22598934173583984,0.23504053056240082,-0.9453490376472473
1995,1995,1,0.99317753,312.47003122107805,55.41150525362684,786.9651224401529,-0.046728410641499254,0.6863017620984377,0.22843867540359497,0.24246232211589813,-0.9428827166557312
1996,1996,1,0.9932128,318.2076735810621,55.70133984886187,803.6523516893902,-0.07824621122445823,0.7211186895366586,0.23671217262744904,0.25028249621391296,-0.9387896656990051
1997,1997,1,0.99199814,305.9970485103365,54.71307988423947,770.0366717319138,-0.06743038025943338,0.7323351702518045,0.25453054904937744,0.26559391617774963,-0.9298785328865051
1998,1998,1,0.99180907,308.0746435665436,53.86901954147621,774.4859485424867,-0.10878715508391977,0.745514500313829,0.27743232250213623,0.26948291063308716,-0.9221768975257874
1999,1999,1,0.98990726,309.8540423984844,54.12520962047555,778.4911016150107,-0.15571758182740858,0.7304599516018471,0.3043736219406128,0.2610756754875183,-0.9160764813423157
2000,2000,1,0.9935191,308.9963326247634,53.72220905362203,776.5049070724307,-0.1998667823387663,0.6870278211246251,0.3345445394515991,0.2443644106388092,-0.9101461172103882
2001,2001,1,0.9938356,309.79242711480794,52.857856421543424,775.2380309635697,-0.25284467911148695,0.703884617055229,0.3658291697502136,0.25043049454689026,-0.8963557481765747
2002,2002,1,0.9928409,311.2449940221628,52.85259865262427,778.3297626340574,-0.3056572318751158,0.7381019578832654,0.39301297068595886,0.26025354862213135,-0.8819347620010376
2003,2003,1,0.99270976,305.8359841435454,52.30952428112312,765.1643615808972,-0.32327832406470286,0.8188230626092503,0.4125436544418335,0.2926982343196869,-0.8626329302787781
2004,2004,1,0.9944342,308.5611580429363,52.71644141193905,768.5629183618681,-0.36990801595517064,0.8792245256922607,0.4322687089443207,0.31043893098831177,-0.8466235399246216
2005,2005,1,0.99526066,314.3636623994436,52.89640755683795,782.4186676060814,-0.4156189870113571,0.9433357564050144,0.44251367449760437,0.3259558379650116,-0.8354247212409973
2006,2006,1,0.9953152,310.92920314221817,52.47007214681597,775.6964201182121,-0.40993837376156456,1.0083672471881506,0.4434961974620819,0.35064372420310974,-0.8248394727706909
2007,2007,1,0.99791807,307.54943386159243,52.06030215388713,765.9726967659786,-0.3806530017752649,1.0834573121327224,0.432471364736557,0.3816820979118347,-0.8168765902519226
2008,2008,1,0.998071,301.33695085543,51.02725882424405,749.7821106905094,-0.3496651720472544,1.0530770797930897,0.4302142560482025,0.3800569474697113,-0.8188238739967346
2009,2009,1,0.99829453,302.6880805238509,50.721150855776195,753.5843190058536,-0.35576524306001867,1.0389672652294264,0.4310263991355896,0.37381455302238464,-0.8212667107582092
2010,2010,1,0.9975575,303.6580675421522,49.371370187654435,755.5180463628236,-0.3385882350102948,1.010531149351897,0.42060545086860657,0.36625704169273376,-0.830028235912323
2011,2011,1,0.99697375,303.81868574184875,47.84918338826183,755.4448247833303,-0.32706017039003304,0.9824888836568068,0.4148581326007843,0.3590717613697052,-0.8360384106636047
2012,2012,1,0.9977303,300.63241589945943,47.22659032784307,744.341158408968,-0.3043849213807169,0.9006118589282922,0.41330406069755554,0.33576422929763794,-0.8464291095733643
2013,2013,1,0.9989222,301.4571493269922,45.88148398615608,747.3331199244003,-0.29950125335501,0.8600618493469415,0.4094197750091553,0.32194262742996216,-0.8536559343338013
2014,2014,1,0.9988741,296.16151062201305,44.71231853603755,731.311453346791,-0.27978178828952655,0.7804282647558284,0.41347214579582214,0.2996840178966522,-0.8597850203514099
2015,2015,1,0.9986532,307.72832166441447,45.18527981440195,762.6616465840343,-0.323589246624188,0.7916681128336804,0.4115222692489624,0.29220321774482727,-0.8632882833480835
2016,2016,1,0.99829775,298.120492438112,45.15048061142054,736.5853949024813,-0.2687390252815067,0.7451186969218393,0.40340474247932434,0.2849496006965637,-0.8695219159126282
2017,2017,1,0.9986395,300.64632193215346,45.38827450911239,741.859892345104,-0.27597211033769087,0.7680127008607802,0.4018452763557434,0.2915613055229187,-0.8680509328842163
2018,2018,1,0.9983183,302.6635514620862,47.29329478604867,747.5606583052116,-0.27200320243450815,0.8022496786897051,0.3939839005470276,0.3007045090198517,-0.8685352206230164
2019,2019,1,0.99825555,312.1034103394391,47.352373266595215,770.1515824702118,-0.3016310319229319,0.8596953914489336,0.38934600353240967,0.3137108087539673,-0.8660226464271545
2020,2020,1,0.9982389,310.1524112713921,47.20486874068276,763.8469304634891,-0.2971072821643585,0.8779490787728933,0.39095959067344666,0.3226161599159241,-0.8620147705078125
2021,2021,1,0.9983687,311.15824401044136,47.49807845548611,766.5461519989495,-0.29750435122547425,0.9243548170981197,0.38745465874671936,0.33806949853897095,-0.8576642274856567
2022,2022,1,0.9986033,315.67554730458426,48.286347238616905,779.365396611744,-0.3208582463312453,0.964242305160527,0.38934922218322754,0.3457831144332886,-0.8537219762802124
2023,2023,1,0.99846977,309.1021495464103,47.8911577003137,765.2924802010384,-0.3066034144967442,0.9490922261287517,0.3946361541748047,0.3459358215332031,-0.8512289524078369
2024,2024,1,0.9982936,311.41069620270713,49.02627276705363,771.008284413636,-0.3159290670411249,0.9717216423651273,0.3944443166255951,0.35027384757995605,-0.8495422005653381
2025,2025,1,0.9986338,312.710440005681,48.417178838993095,774.5180069660634,-0.3085588078680191,0.9732694225974495,0.38723358511924744,0.35087648034095764,-0.8526053428649902
2026,2026,1,0.99883,313.26851027916933,48.91249613777644,775.06845329594,-0.3087053139561841,0.9976258615170103,0.3856944441795349,0.3586873412132263,-0.8500489592552185
2027,2027,1,0.9987079,324.4723766038682,48.24259923642912,801.2745106019257,-0.3489507374363258,1.050973207699972,0.38385409116744995,0.36687105894088745,-0.8473851680755615
2028,2028,1,0.99868196,317.12308849496054,47.69761000559842,784.0495645731289,-0.33531507026193724,0.9932240277684263,0.39288538694381714,0.3540109097957611,-0.8487151265144348
2029,2029,1,0.9986285,318.817949143024,47.900800381322654,787.174475239698,-0.34175584316344504,0.9449870747459946,0.3951163589954376,0.33591723442077637,-0.8550103306770325
2030,2030,1,0.99886996,321.0199109781372,47.47962234402117,791.6696483658657,-0.3493996078622973,0.9348659156433248,0.39546093344688416,0.33119478821754456,-0.8566916584968567
2031,2031,1,0.9986946,314.2567932938896,47.222392569152,774.5547127068212,-0.32513805964740267,0.8895120719964158,0.3976256251335144,0.3219550848007202,-0.8592082262039185
2032,2032,1,0.99877197,320.88926148837305,47.746584925795354,788.8326642270358,-0.35304992883096825,0.9078321987745952,0.39971351623535156,0.3222847282886505,-0.8581151366233826
2033,2033,1,0.99886876,307.92291427307964,47.690307427891526,759.2153348936072,-0.30925445307933885,0.8742947866500731,0.40258440375328064,0.32128241658210754,-0.8571484684944153
2034,2034,1,0.99839824,316.14539188555153,47.41678189637008,779.1344101899058,-0.3405575203365943,0.9269593035382112,0.40115320682525635,0.3326692283153534,-0.8534678816795349
2035,2035,1,0.9984831,326.2168310592755,47.65152884944539,805.4834360683689,-0.3775783186489694,0.8671344316232812,0.4018557369709015,0.3022894561290741,-0.8643686175346375
2036,2036,1,0.99826705,324.19268612471654,47.17861839973426,800.7655468902225,-0.3538905894002619,0.7569971619635324,0.39566484093666077,0.2667180299758911,-0.8788121938705444
2037,2037,1,0.998288,300.46166569825243,45.511653030701005,748.7353627318031,-0.2475135557656749,0.5541758719590326,0.3865591585636139,0.20886345207691193,-0.8983028531074524
2038,2038,1,0.9983613,312.1643049071272,46.21229274824075,784.4108252860011,-0.27967612928826263,0.4357849814390845,0.3779836595058441,0.15571798384189606,-0.9126227498054504
2039,2039,1,0.9971311,317.3240547343733,47.02632606720331,802.2971635311966,-0.284861879555502,0.25332473058302435,0.36807358264923096,0.08516769856214523,-0.9258878231048584
2040,2040,1,0.99538815,312.5806613368357,46.858521651452726,798.0142560401946,-0.26377716493419284,0.08623147993519438,0.3616652190685272,0.024683291092514992,-0.9319812059402466
2041,2041,1,0.9951348,299.5672709051343,46.804091064640915,772.0639188229005,-0.213037147575905,-0.031194792628297018,0.3554636240005493,-0.01899239607155323,-0.9344971776008606
2042,2042,1,0.99629515,299.513855373117,46.98779376643509,772.9770008540272,-0.23013905054644795,-0.11558496778200011,0.36354926228523254,-0.049343258142471313,-0.9302672147750854
2043,2043,1,0.9973869,297.5499899800538,46.876544570815895,771.0218546399855,-0.23271411333044495,-0.13375463314226615,0.36758852005004883,-0.055710479617118835,-0.9283183813095093
2044,2044,1,0.99748576,307.61702273865177,47.534416407202905,797.0934093513064,-0.26178752547964435,-0.10826792053897688,0.3631475865840912,-0.04530501738190651,-0.930629551410675
2045,2045,1,0.99722457,301.2683835046835,46.915170765234016,781.0206434595121,-0.23082048727700574,-0.09290184563569837,0.35915639996528625,-0.04071556404232979,-0.9323888421058655
2046,2046,1,0.99592423,298.04206945550936,47.06925521143302,770.9687468029223,-0.210108244021129,-0.06651677536212307,0.35525161027908325,-0.03234994038939476,-0.9342107772827148
2047,2047,1,0.99682486,306.09480010575686,47.52686599369386,791.7579270560706,-0.22355821469031603,-0.05733901925863984,0.3460127115249634,-0.02860218472778797,-0.9377937316894531
2048,2048,1,0.99612695,300.96448433252857,47.577907438490854,773.978836543793,-0.17854174956089397,-0.005402418787218903,0.33289870619773865,-0.011288844048976898,-0.9428949952125549
2049,2049,1,0.9974443,303.077258337658,48.013984385082914,776.5569548303542,-0.1792028969480951,0.014544568256856153,0.3301542103290558,-0.004412866197526455,-0.9439167380332947
2050,2050,1,0.9977912,301.4779523212286,48.24231713357907,771.1015834267038,-0.16098455110727009,0.054208769211732934,0.3234683871269226,0.009754917584359646,-0.946188747882843
2051,2051,1,0.99647874,299.77628344515557,47.94693905646119,767.3511455264575,-0.15388546592850066,0.07023307276162644,0.32268592715263367,0.016110245138406754,-0.9463689923286438
2052,2052,1,0.9964701,303.7244610165839,47.896877395239244,776.231533572237,-0.1670536473325806,0.05544663845543925,0.32262280583381653,0.010729214176535606,-0.9464668035507202
2053,2053,1,0.99688333,303.31437036157257,48.737299829425474,775.5528857497426,-0.16739543024654285,0.03849942546648442,0.3233826160430908,0.003327419515699148,-0.9462624192237854
2054,2054,1,0.9972549,299.0205546957125,48.19326822885589,764.7559488691094,-0.1533570870656784,0.04070356270604319,0.3239457905292511,0.0046028816141188145,-0.9460644721984863
2055,2055,1,0.99672514,296.0361711347527,48.2857091799842,759.1388934804423,-0.16045676311373655,0.003168809098627139,0.3335639536380768,-0.009587997570633888,-0.9426787495613098
2056,2056,1,0.9952577,302.7942141579554,48.39370917926274,777.429004865201,-0.19514774059439835,-0.019023147395456488,0.33924600481987,-0.016890425235033035,-0.9405460953712463
2057,2057,1,0.9955434,298.76598590790513,48.59727878476698,765.9686158692979,-0.19247859841512763,-0.025063262938556118,0.3467298746109009,-0.01966385543346405,-0.9377588629722595
2058,2058,1,0.9959116,299.46196621332865,49.02185743459507,768.288118729702,-0.20593294548025076,-0.008747508095782595,0.35329675674438477,-0.013769971206784248,-0.9354099631309509
2059,2059,1,0.99604493,301.1008276035185,49.346856555578654,772.4558176200293,-0.21771102930445316,0.04453246762676604,0.35750696063041687,0.005860842764377594,-0.9338920712471008
2060,2060,1,0.99536276,300.1330635674747,49.47478297074457,767.4247310051687,-0.21029872904873165,0.12312272338795928,0.3572235703468323,0.03513151407241821,-0.9333579540252686
2061,2061,1,0.9962392,299.16092081794034,49.4810164735188,765.2424934126278,-0.209835877692526,0.19445930588719632,0.3595474362373352,0.06233618035912514,-0.9310423731803894
2062,2062,1,0.99701536,304.06774791957815,50.058602337290836,774.6045656573748,-0.2265607789634265,0.32197645010015924,0.3604625463485718,0.10950340330600739,-0.9263238310813904
2063,2063,1,0.9969404,295.3942480685874,49.818557230735145,753.8176224801185,-0.19818226510613554,0.4676566053872284,0.36142498254776,0.16923418641090393,-0.9169142246246338
2064,2064,1,0.996212,308.1410958661574,51.11073472660231,782.7252763572307,-0.2483086172109029,0.588721087441667,0.3635992109775543,0.2075129598379135,-0.9081486463546753
2065,2065,1,0.99577516,299.51785422174675,50.41404249867611,759.31102795351,-0.21773020916077412,0.6593025048366051,0.3636394441127777,0.24121138453483582,-0.8997685313224792
2066,2066,1,0.995342,303.9092141034602,51.26490623984147,769.5393115527958,-0.2488035609384303,0.7243707876687105,0.37176504731178284,0.26110604405403137,-0.8908503651618958
2067,2067,1,0.9951379,312.5123688708823,51.259013917043966,788.8074742267163,-0.2997747651205106,0.7946952375894086,0.3822605013847351,0.27990561723709106,-0.8806416988372803
2068,2068,1,0.99632394,302.37890024632924,50.96067873461626,762.7718685386735,-0.2798566254556341,0.8262975880752482,0.3920193612575531,0.2996315062046051,-0.8697941303253174
2069,2069,1,0.99656725,301.4192625696506,50.53333099677466,757.2951710783142,-0.2958296291146021,0.9119003744500221,0.40193501114845276,0.3320174217224121,-0.85335373878479
2070,2070,1,0.9974686,309.54593456794265,50.587455517313344,777.0642341300082,-0.3660556497179777,0.9627051377155684,0.4221985638141632,0.3395075500011444,-0.8405253887176514
2071,2071,1,0.9984976,309.90328372436426,50.55595539251636,776.3982518417732,-0.38838408694752546,1.0470636669468807,0.4309259355068207,0.36694490909576416,-0.8244114518165588
2072,2072,1,0.99887043,300.87736365631696,49.536748082680276,754.8016682577614,-0.3617391042408174,1.1327457609174523,0.4310997724533081,0.40549436211586,-0.8060566782951355
2073,2073,1,0.999146,306.1694431026745,49.746306068005794,765.3347454760692,-0.3824132175161353,1.2341009439090718,0.4274390935897827,0.4332866966724396,-0.7934471964836121
2074,2074,1,0.99915326,311.3614700545157,49.393110639664336,778.0424484345705,-0.40155340517177734,1.3144332967958903,0.42298582196235657,0.45280489325523376,-0.7848889827728271
2075,2075,1,0.9990237,307.62010038764146,49.70242394567177,766.7857187896942,-0.37513098561270847,1.3100508130467232,0.41752371191978455,0.457712322473526,-0.7849671840667725
2076,2076,1,0.9990081,307.64174854155596,50.262697555257915,767.5142905738481,-0.3517148697210929,1.2845509323386513,0.40608304738998413,0.4511111378669739,-0.7947297096252441
2077,2077,1,0.9989869,304.1970154736229,50.211288899253994,758.4049581464559,-0.33619583745997234,1.3248723286498894,0.402540385723114,0.4686143696308136,-0.7863599061965942
2078,2078,1,0.9989492,303.6672879065504,50.312681854005724,757.356604979324,-0.33321936846284855,1.4164336788616576,0.3966832458972931,0.4973510801792145,-0.7715467214584351
2079,2079,1,0.9988514,309.5057477167954,49.220215290960624,772.9177405627515,-0.3510472277008133,1.613124189083323,0.3827180564403534,0.5471386909484863,-0.7444233894348145
2080,2080,1,0.99796057,304.8020092785115,49.76222573671969,761.4665483417639,-0.3430218380579516,1.8196136354341033,0.3734363615512848,0.6059455871582031,-0.7024067640304565
2081,2081,1,0.9978962,321.1370866673397,49.704922319841245,800.8700145727543,-0.4202775303313966,2.11301759239696,0.3658616840839386,0.6497876048088074,-0.6662742495536804
2082,2082,1,0.9979972,309.62654914832393,50.40211580445128,772.8891917391674,-0.36814517032588057,2.3147744494481377,0.3438854515552521,0.7056878209114075,-0.6194735765457153
2083,2083,1,0.9980172,316.1967844908943,49.98308292397696,789.0144253928421,-0.39872715834729966,2.520911883450211,0.3345944285392761,0.733184814453125,-0.5920191407203674
2084,2084,1,0.997929,313.8352414514316,49.58362717644752,781.734610905527,-0.3771493069710208,2.520252796939844,0.32787901163101196,0.7383183240890503,-0.5893908143043518
2085,2085,1,0.9977418,319.2991412832594,51.018585924166906,791.223022572137,-0.38498424769079714,2.550531872912813,0.32312774658203125,0.7389348149299622,-0.5912392735481262
2086,2086,1,0.9978497,316.6654253482654,51.667253303524745,787.3270107904422,-0.35073719214030874,2.302571087827339,0.32668161392211914,0.6997412443161011,-0.6353277564048767
2087,2087,1,0.9977106,321.82557919295624,52.28425997059492,793.9598584419263,-0.3441929651253509,2.04446160965507,0.33404073119163513,0.6451411843299866,-0.6871751546859741
2088,2088,1,0.99762934,326.76425797313385,52.76393137916957,801.676747110906,-0.34929189126405297,1.7968504269918837,0.3452671468257904,0.5831112861633301,-0.7353718876838684
2089,2089,1,0.9966047,309.94269349155087,52.654435142765756,758.2079800655841,-0.24098211161795122,1.536884181880111,0.33104756474494934,0.5411398410797119,-0.7730299234390259
2090,2090,1,0.99562633,314.4270473326219,52.7393584689214,765.0887051151664,-0.2431508677918358,1.4149502394828608,0.3318529427051544,0.5018240213394165,-0.7987780570983887
2091,2091,1,0.9964528,311.5674419206883,52.75732022864784,757.7571492389296,-0.2255582678856471,1.2706589300039504,0.3343367278575897,0.46040740609169006,-0.8223405480384827
2092,2092,1,0.9969086,313.1201669140158,51.88082526028136,760.4726505410704,-0.22450627166174064,1.1092725277798383,0.3380250334739685,0.4059043228626251,-0.8491058945655823
2093,2093,1,0.9967534,308.044255212082,49.50010689951653,756.4271001626171,-0.19946633065825137,1.023837120457284,0.33297812938690186,0.3809371888637543,-0.8625615239143372
2094,2094,1,0.99623376,304.0274292448144,48.623968112657245,755.3082212205251,-0.18311233956313402,0.8908572370679237,0.33241066336631775,0.3342251479625702,-0.8819278478622437
2095,2095,1,0.9957212,300.57619639503315,49.43955600902706,755.9983782185737,-0.0876849027989019,0.6833378005697985,0.28004375100135803,0.25673288106918335,-0.9250209331512451
2096,2096,1,0.99477684,300.62255289054656,50.21444918818318,756.0384280384432,-0.12130145230988326,0.5183093310177321,0.30495861172676086,0.1898452341556549,-0.9332518577575684
2097,2097,1,0.99661034,298.7688826129094,51.040843904430254,746.4275356533813,-0.11823620339519592,0.4716131215104031,0.30955788493156433,0.17220501601696014,-0.9351573586463928
2098,2098,1,0.99402666,302.63201345303503,51.94040589442446,754.4109044721486,-0.16612350273799587,0.5007199822529713,0.33243700861930847,0.18048149347305298,-0.9256954789161682
2099,2099,1,0.9928181,301.05074179063155,52.68254216278001,750.365251422047,-0.20875388493509955,0.49430539247399075,0.3629331886768341,0.17699375748634338,-0.914851188659668
2100,2100,1,0.9917529,307.86660840362265,54.013907540827425,766.774816676684,-0.24554447860291384,0.48235804942577604,0.3705745339393616,0.16715097427368164,-0.9136384129524231
2101,2101,1,0.99185795,319.06531739854955,55.673854799073695,793.829937199076,-0.25577659755485194,0.6081508215745746,0.3514901399612427,0.2073829025030136,-0.9129332304000854
2102,2102,1,0.9922835,308.1389206642803,55.81164146001308,765.5833257385821,-0.04680791095267815,0.7335678869250934,0.23937153816223145,0.2667762041091919,-0.9335586428642273
2103,2103,1,0.9933743,303.40949569110904,55.00291167964224,760.7821821528632,0.19638369654801016,0.6283916583504878,0.07528233528137207,0.22724111378192902,-0.9709242582321167
2104,2104,1,0.9934988,303.1317733504566,55.971712252577795,767.5255926973135,0.427223214562753,0.45381058882200337,-0.09051491320133209,0.1465245634317398,-0.9850571751594543
2105,2105,1,0.9958554,303.3652195138438,56.053838722002844,780.6637447109782,0.6844839415502444,0.2716187469744231,-0.2583196759223938,0.06312525272369385,-0.9639949202537537
2106,2106,1,0.99419975,292.9703692600304,56.70331117610425,759.5942232485235,0.9135981443107686,0.1730353282461978,-0.3877681791782379,0.019384877756237984,-0.9215530753135681
2107,2107,1,0.99440444,289.59655195432424,56.53227146935103,755.9442568076712,0.9788155555594469,-0.01748330457781158,-0.4128677248954773,-0.0502198301255703,-0.9094054102897644
2108,2108,1,0.9943077,286.15548298096485,56.01766172927636,749.3372100090374,1.0179240394364641,-0.23267044257628214,-0.42114436626434326,-0.12429166585206985,-0.898436963558197
2109,2109,1,0.99392396,283.54254186693385,55.95583092156186,743.7820106496646,1.0448903447414357,-0.3024367548697272,-0.43050265312194824,-0.1478670835494995,-0.8903947472572327
2110,2110,1,0.99395233,289.46021740824654,56.56865927353619,759.5404836178113,1.0611439187937242,-0.31158694637458123,-0.4364096522331238,-0.1483055055141449,-0.8874413371086121
2111,2111,1,0.99349785,283.2181293729265,56.00861891575763,742.8052998940649,1.061009984012697,-0.2888781005788812,-0.43948954343795776,-0.14327599108219147,-0.886747419834137
2112,2112,1,0.99364674,284.5460072458481,55.970205799949525,749.4517168998267,0.9815317133496094,-0.20899290776555504,-0.4020087420940399,-0.11680500209331512,-0.908155083656311
2113,2113,1,0.99504316,286.598711554131,56.971782228296036,749.6901752420957,0.824543196522755,-0.12034573101731347,-0.3207263946533203,-0.08762223273515701,-0.9431102275848389
2114,2114,1,0.9951493,296.0282996291674,58.798478287797344,768.0406691768862,0.6433120440848401,-0.020408364186361886,-0.21719028055667877,-0.04998452216386795,-0.9748486280441284
2115,2115,1,0.9954204,293.86454157650707,57.724016613338556,755.9124116709736,0.4829657137796195,0.0840632853184574,-0.11131152510643005,-0.005693943705409765,-0.9937692880630493
2116,2116,1,0.99380726,298.96650095844274,59.13804004297459,758.489357577163,0.3133766768751883,0.18608992226526694,0.002220934024080634,0.037510961294174194,-0.9992937445640564
2117,2117,1,0.9952834,314.12798873699967,61.16338483729769,787.6203970159571,0.1265841796383612,0.3003215897196825,0.11206106096506119,0.08243516832590103,-0.9902760982513428
2118,2118,1,0.99715865,310.7223812750246,60.43667123618375,773.6987980175344,-0.0109280845941507,0.3752921912161731,0.21428188681602478,0.11677186191082001,-0.9697667360305786
2119,2119,1,0.99675304,315.38202945740846,60.95379279242723,782.7154191041501,-0.10553349420223519,0.33942784572321877,0.26894357800483704,0.10149762034416199,-0.957793116569519
2120,2120,1,0.995174,314.2914897374241,60.998574836636294,778.5171003945552,-0.14446598108725445,0.3018889128021767,0.2968314290046692,0.08757378906011581,-0.9509058594703674
2121,2121,1,0.99717665,315.6752796496467,60.10361355425801,778.8926239346715,-0.18540204041736555,0.28119007160705756,0.3207571506500244,0.08101779967546463,-0.9436901211738586
2122,2122,1,0.99470115,312.1230822318424,58.417660215655445,768.4890467650213,-0.19619706915080243,0.2949080834907115,0.33571961522102356,0.08948347717523575,-0.9377020001411438
2123,2123,1,0.9958199,312.120687982853,58.15080171124183,767.322616395517,-0.2069913122276366,0.332135226873458,0.3429011404514313,0.10439889132976532,-0.9335522055625916
2124,2124,1,0.99113727,315.29983885313044,58.882919066227224,772.0174931366663,-0.2273036915841372,0.3780636354306998,0.34973418712615967,0.1206616535782814,-0.929046094417572
2125,2125,1,0.99786323,311.7681425094446,60.29853649920648,766.2849073257103,-0.21293322542589835,0.40089987529017473,0.3474048972129822,0.12841038405895233,-0.9288813471794128
2126,2126,1,0.9974975,313.64897471074727,61.30894931034294,774.2460701120772,-0.1929920367485445,0.46574019527246313,0.3293001651763916,0.1511615514755249,-0.9320470094680786
2127,2127,1,0.9970591,314.43740287078293,62.18218486650519,775.4367178473798,-0.16812704651012958,0.5169490179375886,0.31190475821495056,0.16996586322784424,-0.9347872138023376
2128,2128,1,0.9963827,321.2704970193433,64.72533823991107,787.7882969868419,-0.12733562394092066,0.6283215066286045,0.2719464600086212,0.2079196274280548,-0.9395820498466492
2129,2129,1,0.9960484,324.49631909256306,67.35495061793037,792.4699104544587,-0.06986738152489164,0.7511200874948227,0.22696316242218018,0.25142475962638855,-0.9408896565437317
2130,2130,1,0.9977665,332.6638389019798,71.43570052930728,809.4298942976126,-0.02014616379847524,0.9283044438603503,0.17608021199703217,0.30842623114585876,-0.934809684753418
2131,2131,1,0.9980065,332.52426395913227,75.93891881251197,805.7138568887482,0.03606091763259089,1.1001872112241309,0.1355237513780594,0.36779096722602844,-0.9199799299240112
2132,2132,1,0.995216,329.2009724205899,79.00146856857667,793.1949638615787,0.10857272129363923,1.2573889545489565,0.08832674473524094,0.4259374141693115,-0.9004307985305786
2133,2133,1,0.9933983,341.58598783000735,82.45442881138615,816.063421481627,0.10519827840746677,1.3885130203522593,0.06989666819572449,0.4555440843105316,-0.8874649405479431
2134,2134,1,0.99171245,344.08687814425645,84.43939471402963,819.6247318827845,0.15052250362043096,1.4442379866545971,0.03524506464600563,0.469421923160553,-0.882270336151123
2135,2135,1,0.9909458,355.22846336578533,87.21548106178382,842.5065084000788,0.15996101722603379,1.4889713383380545,0.013890063390135765,0.4691212475299835,-0.8830245137214661
2136,2136,1,0.9947336,369.3078416252656,90.02750920845615,869.4807938464638,0.12381151059886278,1.4887057243456883,0.01955115608870983,0.45389503240585327,-0.8908406496047974
2137,2137,1,0.99451435,372.90377128162595,91.40297079479262,874.3859808837313,0.08649804601744145,1.4463345071213272,0.03935585543513298,0.4377885162830353,-0.8982162475585938
2138,2138,1,0.99157894,363.2655725543575,90.37913514214749,848.2293258150221,0.07838436707440297,1.3424300855020954,0.059474337846040726,0.4176093637943268,-0.9066781401634216
2139,2139,1,0.9919986,350.3328447430677,88.07113934086419,815.61864429526,0.0305420192485788,1.1840991698025949,0.1138835921883583,0.3807440996170044,-0.9176406860351562
2140,2140,1,0.9954183,353.1872650528449,85.89819618134152,818.5799412859477,-0.03461653426314241,1.0487002321487182,0.15647797286510468,0.3333483934402466,-0.9297276735305786
2141,2141,1,0.9961791,350.5659728592737,81.69447622502791,807.8483696243643,-0.11533230160044144,0.9133203748189551,0.21833056211471558,0.2914190888404846,-0.9313467144966125
2142,2142,1,0.9972699,353.6820834311765,77.744700062857,813.1848327075622,-0.18292945311184408,0.7812083743294,0.2589905261993408,0.2444445788860321,-0.934436023235321
2143,2143,1,0.996813,348.3524013766831,75.2625412385397,801.6126342174588,-0.21018721603216378,0.6849963489881538,0.2877161204814911,0.2137376368045807,-0.9335607886314392
2144,2144,1,0.99676895,348.3525604674299,74.88548770650321,801.1134845564342,-0.23010940339415087,0.6465386510808676,0.3008725643157959,0.19951379299163818,-0.9325609803199768
2145,2145,1,0.9960679,343.3256562031234,73.66127228919368,789.5697000319451,-0.22939323152841104,0.6362259989628354,0.3105814754962921,0.19950367510318756,-0.9293747544288635
2146,2146,1,0.9956066,351.33540845631956,75.00655022577287,808.995664212843,-0.25623423323562644,0.6577047371228066,0.31054675579071045,0.20148371160030365,-0.9289591312408447
2147,2147,1,0.99624145,357.8392135140925,75.1418126101381,823.4296213698179,-0.2808082998441076,0.6794121518297479,0.3125326335430145,0.2059834897518158,-0.927304744720459
2148,2148,1,0.9967597,355.61639036804144,74.57110935422504,819.3274625844386,-0.2777993114626386,0.6805717531396365,0.31464684009552,0.207941472530365,-0.9261520504951477
2149,2149,1,0.99699354,350.51030397051954,74.09755506492569,808.8126673584933,-0.2562402158771848,0.6960467871461592,0.31095120310783386,0.21679259836673737,-0.9253703355789185
2150,2150,1,0.9966432,346.81782401173314,73.69316596203599,800.8792686418657,-0.2201380295270944,0.7465287124028674,0.2948974072933197,0.23863525688648224,-0.9252506494522095
2151,2151,1,0.9959341,343.87715703801024,73.18570820913813,794.9195711615204,-0.16795210535007143,0.8426260687711156,0.2653076946735382,0.27798566222190857,-0.9232203364372253
2152,2152,1,0.9952311,338.58587057623885,73.2769665929372,786.688414614225,-0.08674482471804135,0.9774826597591513,0.21762214601039886,0.33268675208091736,-0.9175838828086853
2153,2153,1,0.9970804,368.4237009784836,78.87731477570269,860.3386729027084,-0.09944860785958551,1.2239768871306773,0.16741079092025757,0.3846043348312378,-0.9077736735343933
2154,2154,1,0.9946903,355.2510196819034,79.04006134563987,839.7339712457662,-0.015119261355647248,1.3305941030909023,0.13044245541095734,0.4287714958190918,-0.8939462304115295
2155,2155,1,0.99533635,342.39584136076087,77.70442283798516,814.2470984294587,0.06218754969894814,1.394585279877935,0.097325898706913,0.46326693892478943,-0.8808583617210388
2156,2156,1,0.9960679,344.1656587918035,78.0719306492367,821.4480381061262,0.07312266330054487,1.4605835496248192,0.08562875539064407,0.48038846254348755,-0.8728657960891724
2157,2157,1,0.9963044,345.7654144299326,78.15602153527841,827.7675014449796,0.01635664647720722,1.4293393867523962,0.1207210123538971,0.46692514419555664,-0.8760179281234741
2158,2158,1,0.99719954,338.8697768028621,75.92708435116191,813.189545486417,-0.024183475300150362,1.2573070998516036,0.16242580115795135,0.4188169836997986,-0.8934261202812195
2159,2159,1,0.9983701,329.29605088709167,71.24849018169992,788.5974454512203,-0.07106283220930021,1.0522814492255252,0.21610429883003235,0.3611829876899719,-0.9071084856987
2160,2160,1,0.99844664,344.8759700401165,70.7680081284994,823.2871306058037,-0.1753103516130659,0.9026204579965238,0.25848233699798584,0.2931734621524811,-0.9204543232917786
2161,2161,1,0.9984457,352.5553455097059,71.63758590845471,839.9747798908805,-0.2450933921202372,0.76671684612818,0.289790540933609,0.2376054972410202,-0.9271273612976074
2162,2162,1,0.99849176,344.94923974815515,70.58484098702375,823.895796895919,-0.2680641195808529,0.6706793783427148,0.3189026415348053,0.2072942852973938,-0.9248406291007996
2163,2163,1,0.9983198,348.1513117973969,69.70918941847584,830.69378194127,-0.30205722061058926,0.6486991017827511,0.3330259323120117,0.19845841825008392,-0.9217961430549622
2164,2164,1,0.99733377,354.44760312971215,70.33504652232695,844.2434644878376,-0.32871569463376443,0.6526247859687309,0.33651357889175415,0.19615894556045532,-0.9210213422775269
2165,2165,1,0.9971213,350.5169545828383,70.3426194665809,831.8819641351178,-0.32050848524633974,0.6435085373035272,0.3407849669456482,0.19544187188148499,-0.9196021556854248
2166,2166,1,0.99747014,340.83940308640496,69.63021758654101,808.3782432519009,-0.28748387922226337,0.6402861688655909,0.34115657210350037,0.20023417472839355,-0.9184326529502869
2167,2167,1,0.99767596,345.34222291175803,70.1904706701035,817.9260268281851,-0.3133275961548788,0.684937180435418,0.3470671474933624,0.21342168748378754,-0.9132335782051086
2168,2168,1,0.9975962,352.1252129778725,71.86963581168999,832.9059639261317,-0.3426523303250474,0.7748455163440688,0.34954914450645447,0.2396514117717743,-0.9057497382164001
2169,2169,1,0.9966594,354.4304625966299,72.28369028408254,842.3638034395663,-0.2605360100876774,0.9089656997408015,0.29342854022979736,0.2860977351665497,-0.9121665358543396
2170,2170,1,0.99756444,347.62205781549693,73.97751857283619,829.2588170611925,-0.11091922664715644,1.0715106962057739,0.20927667617797852,0.3489236831665039,-0.9134853482246399
2171,2171,1,0.997391,333.6014021870341,74.18417958225734,803.257829509424,0.07987574887908289,1.2183100364168908,0.10183843225240707,0.4128008186817169,-0.9051101803779602
2172,2172,1,0.998662,325.27383936384575,76.307558648116,798.7836118223271,0.2361966623198104,1.3833725282022793,0.0028031046967953444,0.466714471578598,-0.884403645992279
2173,2173,1,0.99858415,317.3987829116199,78.067257441937,798.5840317373915,0.3663194256296165,1.5052149235163872,-0.07647980749607086,0.49942559003829956,-0.8629744648933411
2174,2174,1,0.9973894,309.8230531627823,77.40507806928628,793.972683234048,0.4834216462271717,1.5479731086254391,-0.14484791457653046,0.508935272693634,-0.8485304713249207
2175,2175,1,0.99740666,303.6741618009885,76.09183815164381,784.0068416884454,0.5636719724294252,1.5866893526638919,-0.1904584914445877,0.5213225483894348,-0.8318343758583069
2176,2176,1,0.99622947,301.1629344142112,74.60356513777403,779.9148590880701,0.5268816976853548,1.634099532335583,-0.16395652294158936,0.5425673127174377,-0.8238562345504761
2177,2177,1,0.99552274,294.3074658040982,72.95147547312679,762.9049769394496,0.42870736131914,1.4841078696819272,-0.09213781356811523,0.5155133605003357,-0.8519135117530823
2178,2178,1,0.9938565,303.5132563732009,69.9299029925512,774.8787791666829,0.28627098647998517,1.2875085900822663,-0.001941436785273254,0.45239919424057007,-0.8918133974075317
2179,2179,1,0.9967449,308.8051443949803,66.30451723205988,779.6727652267422,0.13795103439424805,1.0701889148378119,0.09982708841562271,0.3786154091358185,-0.920154869556427
2180,2180,1,0.99752575,319.7928620999308,64.72247689030074,799.3793970219444,-0.02606948950985784,0.8257763470807914,0.20018455386161804,0.2808678150177002,-0.9386370182037354
2181,2181,1,0.9983176,336.00561050331913,64.43129939824459,832.6844188196482,-0.1969341492164411,0.6169989648618125,0.28345757722854614,0.19347862899303436,-0.9392644762992859
2182,2182,1,0.9982911,336.3031216008153,63.68072119237101,827.8310228032782,-0.2629794155902187,0.459935079393613,0.32543691992759705,0.13775978982448578,-0.9354747533798218
2183,2183,1,0.99851173,337.1377168424351,63.56348792777728,829.1355854283864,-0.31043065081387133,0.4129310291845863,0.3515065312385559,0.12060162425041199,-0.9283848404884338
2184,2184,1,0.9983798,336.68686833427745,64.1381920251434,825.9886212585693,-0.31103251628770473,0.4468293083090583,0.35351043939590454,0.13248813152313232,-0.9260006546974182
2185,2185,1,0.99820065,336.90462187930297,63.93599511570647,823.4680935240089,-0.24621082820301968,0.5341094751274738,0.3160245418548584,0.16533665359020233,-0.9342334866523743
2186,2186,1,0.99814653,333.424571718408,64.01028481546628,812.6548843393648,-0.1026940419309302,0.7054862930623776,0.23236192762851715,0.23254325985908508,-0.9444212913513184
2187,2187,1,0.99854314,333.33689163990664,65.16239011678417,817.8567067700134,0.04704850794741708,0.9328308381283894,0.12814386188983917,0.314639151096344,-0.9405218362808228
2188,2188,1,0.9924138,317.755738518698,68.69620399251038,798.2579918149481,0.24099465030815972,1.1403341448105293,0.013114948756992817,0.39148393273353577,-0.9200915098190308
2189,2189,1,0.9939891,305.59891086644603,70.59956648016937,791.271708283315,0.38657638972201275,1.2983816139809488,-0.07391003519296646,0.44276881217956543,-0.8935844302177429
2190,2190,1,0.9962698,295.35866505914436,71.05496916838528,774.5021374358571,0.5014464193582369,1.3595652119872268,-0.14140234887599945,0.465304970741272,-0.8737829327583313
2191,2191,1,0.9959274,297.9492843506559,71.68350039823302,783.5424303455694,0.576125532113856,1.4096407132191477,-0.1924273669719696,0.47010430693626404,-0.8613789081573486
2192,2192,1,0.9955456,299.37848769301013,72.30544626294278,788.0796444425441,0.5753922294873953,1.4407674712153389,-0.19263143837451935,0.47702306509017944,-0.8575209379196167
2193,2193,1,0.99706537,289.4604243130741,71.29977687929377,761.857861515448,0.5625757174213065,1.3593589921971716,-0.17752501368522644,0.46747294068336487,-0.8659988045692444
2194,2194,1,0.9965682,290.3824357574535,73.0583664578332,768.369055155464,0.5652314076460078,1.3503203352563078,-0.17938420176506042,0.45885375142097473,-0.8702152371406555
2195,2195,1,0.9970836,287.35325094021977,71.28986044796846,761.2341639652738,0.5666805569870346,1.305857610497854,-0.1779109686613083,0.44956231117248535,-0.8753522038459778
2196,2196,1,0.99702424,289.54608308348685,71.12149545583264,769.3229948733414,0.5734695731376166,1.3032472411848715,-0.18358956277370453,0.4438621997833252,-0.8770867586135864
2197,2197,1,0.9975228,288.37481819328076,70.52535668861431,764.0606849824591,0.5805877854243209,1.292832819919304,-0.18797729909420013,0.44315439462661743,-0.8765151500701904
2198,2198,1,0.99800605,293.52108875274234,70.21119047372582,775.3887346185038,0.6000966072780293,1.333217417303267,-0.20464156568050385,0.4490664303302765,-0.8697477579116821
2199,2199,1,0.9967224,298.48033944550394,70.41901424919773,782.7804644077893,0.6093962071248105,1.3830267585056288,-0.2147310972213745,0.4600655436515808,-0.8615278601646423
2200,2200,1,0.99530196,307.9453772786735,72.02181173266125,800.7197804937404,0.5577074972405188,1.432906606851644,-0.1891016662120819,0.46888601779937744,-0.8627783060073853
2201,2201,1,0.9948704,308.02012567567743,70.75520325809084,791.0409212501621,0.41713086937737287,1.3055122834572672,-0.09796103090047836,0.4433857798576355,-0.8909617066383362
2202,2202,1,0.9960376,317.0654455631256,70.95953826694283,805.4316662133193,0.2746650670305175,1.1497104215089862,-0.009441240690648556,0.3880259692668915,-0.9216001033782959
2203,2203,1,0.9950878,332.9584441992843,68.47455704492322,827.9359459035412,0.08696868600788306,1.016846589000761,0.09896622598171234,0.3371275067329407,-0.9362428784370422
2204,2204,1,0.998321,325.4708375273331,64.91709968228524,801.6887868077711,-0.05884142391084396,0.8113543110350255,0.21458929777145386,0.2744360566139221,-0.9373560547828674
2205,2205,1,0.9985695,339.2391500245655,64.51972757836639,832.2056047965151,-0.2515320517224061,0.707920184838379,0.31142112612724304,0.225630521774292,-0.9230968356132507
2206,2206,1,0.9982888,343.19806549305895,65.00056476067175,838.1844036807762,-0.34134578656165065,0.6389807981412398,0.3575165271759033,0.19763991236686707,-0.9127542972564697
2207,2207,1,0.9983512,345.2255283141133,66.29318674452925,841.6852695016264,-0.3897838166119387,0.6525794507825141,0.38060683012008667,0.19924190640449524,-0.9030177593231201
2208,2208,1,0.9977023,342.3507186388406,66.20944041274022,831.229144364251,-0.352865692811755,0.7021049111659611,0.3668394088745117,0.21968156099319458,-0.9039739370346069
2209,2209,1,0.9982085,338.4648684440361,66.95171618230857,819.6628658256569,-0.27774428983053423,0.8406169361020974,0.33001548051834106,0.27288582921028137,-0.9036720395088196
2210,2210,1,0.99853504,346.25870350176024,70.40336919466377,837.531152850319,-0.21094265987299485,1.0527619062867277,0.27074694633483887,0.3401610255241394,-0.9005479216575623
2211,2211,1,0.9982992,341.8627108936318,74.14686099896313,827.9230648806985,-0.08422417518205894,1.2470668618147434,0.19472794234752655,0.40929552912712097,-0.8913798928260803
2212,2212,1,0.99729556,339.9351735831747,76.58477916324169,821.9827392272122,0.015653507430039338,1.396529895725297,0.1298573613166809,0.4604869782924652,-0.8781166672706604
2213,2213,1,0.99618405,355.2138495313856,80.62888824010236,856.2252926467085,0.043175712022958716,1.5218363658854195,0.08699449151754379,0.47961556911468506,-0.8731557130813599
2214,2214,1,0.9970156,356.7265124646545,81.73073383509477,856.2963864016657,0.11267817472202948,1.5282739263546483,0.04122078791260719,0.4801934063434601,-0.8761935830116272
2215,2215,1,0.9969319,373.58654036073705,84.7479994679005,891.3687763520725,0.09045956763258162,1.576392532047816,0.03313487395644188,0.47514608502388,-0.8792828321456909
2216,2216,1,0.9948632,362.61369656960863,83.72272379405729,860.5190596819644,0.10562460250337397,1.4926808042514803,0.03915267437696457,0.4656181335449219,-0.8841192126274109
2217,2217,1,0.9921976,364.81989384554646,85.76999175952744,863.7319657487693,0.09277328773267357,1.5115555640232472,0.04421238228678703,0.4681047201156616,-0.8825662732124329
2218,2218,1,0.9926878,373.67050462420383,87.45293144906854,880.1620211496038,0.05474381453264574,1.5570904106390375,0.05586438626050949,0.47284549474716187,-0.8793727159500122
2219,2219,1,0.9932533,368.8374464126248,85.85198974877932,863.3493871944269,0.04350589582547758,1.5778065902347673,0.06911841779947281,0.4886589050292969,-0.8697327375411987
2220,2220,1,0.9924379,376.31885937689486,88.70010005252385,878.8207050606051,-0.007388161785909402,1.676314627620642,0.08851201087236404,0.5073145031929016,-0.8572033643722534
2221,2221,1,0.9931657,364.2317012128489,86.96912563919278,851.9487027238924,-0.012369348912965141,1.6889851811553904,0.10774821788072586,0.525432288646698,-0.8439853191375732
2222,2222,1,0.99362504,370.64845287077395,87.83329267097126,869.5737595166347,-0.05460308207442191,1.7531918886492341,0.12246116995811462,0.5334046483039856,-0.8369485139846802
2223,2223,1,0.9939359,375.12943673097084,87.68652421292272,881.1141447863,-0.10595241519190243,1.7766159928073086,0.1457844376564026,0.5333836674690247,-0.8332159519195557
2224,2224,1,0.9946061,370.33671284537036,86.9920825646082,867.8476116643351,-0.13226677657725852,1.7267675253227455,0.17009910941123962,0.5258135795593262,-0.8334184885025024
2225,2225,1,0.9949303,375.92657524558473,88.2446066722922,877.1615555547277,-0.15783259694803983,1.7119338743590216,0.17800427973270416,0.5157936215400696,-0.8380163908004761
2226,2226,1,0.9947631,366.4276626562659,87.98479741813664,849.0117659843808,-0.13834597315758024,1.610374464494114,0.18538729846477509,0.500647246837616,-0.8455672264099121
2227,2227,1,0.99752873,366.66729010787964,89.23472673161825,845.0229194915028,-0.13924784040655652,1.5921230331071827,0.18715918064117432,0.49614498019218445,-0.8478276133537292
2228,2228,1,0.9977436,370.28834830330834,89.76922230474146,850.1699733134784,-0.1594501108267187,1.609990903190772,0.19374831020832062,0.4980659484863281,-0.8452171087265015
2229,2229,1,0.9977034,372.9139580126021,89.9621295901354,854.4241359003,-0.18714381218784235,1.6404046889789266,0.20549947023391724,0.5038923621177673,-0.8389650583267212
2230,2230,1,0.99784684,372.1476558614475,90.32720068197916,851.9187275977796,-0.18959106689965682,1.6569837355101826,0.20776943862438202,0.5093995928764343,-0.8350712060928345
2231,2231,1,0.9975236,367.8679593648478,88.94360003003924,846.7013593955077,-0.16667950602162418,1.6488587129197283,0.2000662237405777,0.5112847089767456,-0.8357999324798584
2232,2232,1,0.9967714,380.1084353022373,90.02462175951239,883.9990628547042,-0.21053322842335637,1.7136895833257377,0.20287926495075226,0.5100603103637695,-0.8358699083328247
2233,2233,1,0.9932662,370.54401498214855,87.15778064907306,864.8323512386597,-0.16891168516151267,1.6561667805646094,0.19443053007125854,0.5061314105987549,-0.840254545211792
2234,2234,1,0.99280626,375.58263630655796,87.53953242294726,873.4023038498641,-0.15990062994112245,1.6530699702376686,0.18208765983581543,0.5015853047370911,-0.8457282781600952
2235,2235,1,0.9966396,378.38875512115777,87.92077173362914,878.7129327007237,-0.15868382338156042,1.646829024194474,0.17756471037864685,0.4972285032272339,-0.8492553234100342
2236,2236,1,0.99515057,372.0403566309033,89.16961215622486,861.5271598669477,-0.13020661245340379,1.615219569188885,0.17180094122886658,0.49562975764274597,-0.8513727784156799
2237,2237,1,0.99609226,372.0394470520649,89.2452807640402,862.8500210628281,-0.06100817735334291,1.5593944499319423,0.13099656999111176,0.4799186885356903,-0.8674778938293457
2238,2238,1,0.99532074,358.87464145970756,83.63019607671554,833.7231982288076,0.1122253782540949,1.2933866017505014,0.04425011947751045,0.41457656025886536,-0.9089379906654358
2239,2239,1,0.9961836,349.28754503985897,76.71184227419492,821.2352758393362,0.31767374856093766,0.9612959195535503,-0.07736032456159592,0.3046806752681732,-0.9493076801300049
2240,2240,1,0.9939043,328.3451624057247,67.86726043471924,788.3668870084111,0.5341986158280817,0.6570901381369506,-0.19804374873638153,0.20117458701133728,-0.9593265652656555
2241,2241,1,0.9945927,313.34648485520535,60.11616539854456,762.1873539694775,0.7072845886722754,0.38219541358729003,-0.2942693531513214,0.10114642977714539,-0.9503551721572876
2242,2242,1,0.9960879,303.6059109057207,55.92037621124715,748.3595065230755,0.8448146869790842,0.10892148573259808,-0.3626810312271118,-0.0016768333734944463,-0.931911826133728
2243,2243,1,0.99564004,295.34167425669114,55.11282088370084,739.6053689869683,0.9368597917070899,-0.07434495729285127,-0.4009622633457184,-0.06944531202316284,-0.9134586453437805
2244,2244,1,0.9949287,284.2146268092555,53.09750638168916,723.1050945059034,0.9380943078484382,-0.10226298476615829,-0.39602524042129517,-0.07884062081575394,-0.9148486852645874
2245,2245,1,0.9942095,287.0670250068778,51.46824494839836,741.0332282575037,0.9366254750051041,-0.1343067901852533,-0.38849544525146484,-0.086520716547966,-0.9173796772956848
2246,2246,1,0.9941346,282.0867566459928,50.03386057031228,737.142347388261,0.8973416717605305,-0.1878389947359431,-0.3600095212459564,-0.10462743788957596,-0.9270632266998291
2247,2247,1,0.9953501,279.7435042557794,49.21921814926634,735.4366360045665,0.78713404727375,-0.12741513508685987,-0.2952495217323303,-0.08194288611412048,-0.9518997669219971
2248,2248,1,0.9947694,279.7546825283023,48.658507070161285,738.8388370448359,0.6686921607647354,0.17455050000310066,-0.22854475677013397,0.038536179810762405,-0.9727703928947449
2249,2249,1,0.9960829,263.3087060944252,51.28710710665283,694.8419491513399,0.6191169118851428,0.6218637670828916,-0.19369158148765564,0.23502716422080994,-0.9524945020675659
2250,2250,1,0.9966395,287.1035632616318,58.88697080237284,748.5185841968727,0.4599948659488412,1.2635548935227727,-0.10436960309743881,0.462910920381546,-0.8802388906478882
2251,2251,1,0.99448794,321.89810397829035,68.30691757517583,828.4285751994289,0.28005981295478677,2.1931223931670023,-0.030166536569595337,0.6739291548728943,-0.7381798624992371
2252,2252,1,0.9929397,324.24753119466,71.9306018391347,825.2865858578929,0.18856399033486917,2.7140384259580346,0.01310818176716566,0.7706138491630554,-0.6371675729751587
2253,2253,1,0.9954567,340.6056064207673,70.29373923733915,855.7918123718581,0.08167690500428404,2.689134573609173,0.05340135470032692,0.7529515027999878,-0.6559057831764221
2254,2254,1,0.99702245,340.9644849521922,70.37882005725389,846.0288345104527,0.01579413263189237,2.5507599766390148,0.09213386476039886,0.7340978384017944,-0.6727643013000488
2255,2255,1,0.99867165,331.95434544084856,71.90048408269934,818.7945495052994,-0.04976668387347378,2.321977108445405,0.14782603085041046,0.7025395035743713,-0.6961219310760498
2256,2256,1,0.9986915,354.8082470250672,78.305831738154,864.6972023022312,-0.21509510023114967,2.315427911627196,0.20949919521808624,0.668647825717926,-0.7134565114974976
2257,2257,1,0.99725205,360.02166780109195,83.32424067787183,871.6165856191545,-0.2520115162494043,2.253737582963729,0.2261887788772583,0.6480095982551575,-0.7272704243659973
2258,2258,1,0.99777126,350.6479689469804,81.46646945870246,846.7271228092496,-0.22125742344744145,2.061565211389081,0.2321876734495163,0.619460940361023,-0.7499046921730042
2259,2259,1,0.9976351,364.61431274620935,84.13821401965502,877.5710022069347,-0.2474295660048157,2.006332670875965,0.22902905941009521,0.5895804762840271,-0.7745583653450012
2260,2260,1,0.9975381,381.0159882645715,86.62859520804004,909.8803181591269,-0.27237265462750104,1.992516541019526,0.22062711417675018,0.5697557330131531,-0.7916452288627625
2261,2261,1,0.99567753,368.19799106183996,87.37399916432469,874.0769771145375,-0.2550627982992312,1.8461583718676684,0.237372487783432,0.5489267706871033,-0.8014572858810425
2262,2262,1,0.9950787,365.43298112862857,88.17861876562667,861.0918621411747,-0.2725336821584538,1.7710641290959075,0.2561667561531067,0.5333175659179688,-0.8061953783035278
2263,2263,1,0.9949655,355.325599846967,87.00819723173647,829.40673001108,-0.2584315469975236,1.7006832960724818,0.26957982778549194,0.5297654867172241,-0.8041611909866333
2264,2264,1,0.99657744,364.79843276744754,87.52855403897972,845.2601192056483,-0.34843653629625515,1.77505856504827,0.30250686407089233,0.5373603105545044,-0.7872315049171448
2265,2265,1,0.9967084,367.8811783258738,87.79341794428422,850.1536693262468,-0.39423220229241984,1.824938805214432,0.3202474117279053,0.5450549125671387,-0.7748269438743591
2266,2266,1,0.9961482,355.4994464733716,86.90023939532396,823.4775919064087,-0.39338043867167277,1.811428633261357,0.3403013050556183,0.5523802042007446,-0.7609673142433167
2267,2267,1,0.99616903,352.9435473216213,86.69046386568145,819.3694288748071,-0.39975410957945706,1.8139420273452933,0.34727081656455994,0.5540250539779663,-0.7566104531288147
2268,2268,1,0.99592185,363.16014451915424,87.95955561874928,844.5531997234249,-0.4403505574126173,1.9095006959321703,0.34599217772483826,0.5642310976982117,-0.7496217489242554
2269,2269,1,0.9965407,364.39866877321646,87.92294930873753,844.8457382966444,-0.44088510335472125,1.9205826768553425,0.34436699748039246,0.5671080946922302,-0.7481976747512817
2270,2270,1,0.99692553,360.71283311185994,87.00591074329571,831.9853184704975,-0.4222387648710078,1.875488094686234,0.344309538602829,0.5633591413497925,-0.7510509490966797
2271,2271,1,0.99741745,359.72819294966206,86.98411265604504,826.453223165374,-0.38080482678093014,1.8269359926514137,0.3276328444480896,0.5569745302200317,-0.7631750702857971
2272,2272,1,0.99794847,365.45517857795704,87.50976796254004,842.2609604590374,-0.372626478086812,1.8352031373207902,0.31274083256721497,0.5529703497886658,-0.7722803354263306
2273,2273,1,0.99744403,374.0387531551869,89.36632130302576,860.9331294642315,-0.38270440836870157,1.865836471345721,0.30335864424705505,0.55142742395401,-0.7771109342575073
2274,2274,1,0.9975253,379.8888443813128,90.40326406401651,874.964281875251,-0.3813636690105258,1.8787722453603346,0.2928016781806946,0.5485016703605652,-0.7832069396972656
2275,2275,1,0.9977976,377.3022611898621,89.82343510724702,868.6216294995135,-0.3865786598215906,1.8874631026843445,0.2992144525051117,0.5532914996147156,-0.7773926258087158
2276,2276,1,0.9982205,365.5172597920021,87.67696714363963,842.3035161092249,-0.37681636734643204,1.8513286463843386,0.314116507768631,0.5566843152046204,-0.7690470814704895
2277,2277,1,0.99655163,374.55371168480366,88.18903895228625,869.2403774941937,-0.4188639381862803,1.8570861418410334,0.3198321461677551,0.5435214042663574,-0.7760745882987976
2278,2278,1,0.995369,355.96041881522325,84.23181373307477,829.9055728783911,-0.3551479394077288,1.6044852005898862,0.3273279666900635,0.4977792799472809,-0.8031639456748962
2279,2279,1,0.995989,372.7224768212875,82.21395894262992,868.7853418796152,-0.4128876953393042,1.4457905508677604,0.3360164165496826,0.4350484013557434,-0.8353597521781921
2280,2280,1,0.99655426,347.64069150766676,72.84712101020243,815.5611113637998,-0.30614601941421915,1.1209110032427463,0.3310779929161072,0.36513593792915344,-0.8700937032699585
2281,2281,1,0.9971194,340.58282718181084,68.58065189151348,801.0099000566747,-0.2609513694596422,0.8922122145468891,0.3235009014606476,0.2963202893733978,-0.8986331224441528
2282,2282,1,0.9978079,358.9377549328016,69.75171454748272,843.8959738200097,-0.3127377466728482,0.7996215365975593,0.3204272985458374,0.24930818378925323,-0.9138773679733276
2283,2283,1,0.9980742,350.8659308167334,68.74253430584325,825.6527654137802,-0.2755955987156193,0.7346092295687285,0.3150476813316345,0.2324853390455246,-0.9201605916023254
2284,2284,1,0.99797136,353.1084033369027,68.83487326242776,831.3526760758499,-0.27848739533999634,0.7364669399962245,0.31222352385520935,0.2316804677248001,-0.9213255047798157
2285,2285,1,0.99747556,339.5651146624493,67.93614808766658,797.5721735766574,-0.2229508465632978,0.6990817141905621,0.30658599734306335,0.22806806862354279,-0.9241158366203308
2286,2286,1,0.99719834,348.07223039870627,68.2904112753423,817.0158997315583,-0.23773603378378072,0.6847918313557966,0.29920563101768494,0.21768024563789368,-0.9290271401405334
2287,2287,1,0.9974975,342.8747433297388,68.04116273889157,802.605214532558,-0.2133119155737682,0.6685725677764042,0.29542112350463867,0.21565638482570648,-0.9307087659835815
2288,2288,1,0.99713576,340.4163774146485,67.98093905084359,796.0960415415589,-0.200411957514926,0.7022478016525361,0.2919731140136719,0.23015159368515015,-0.9283220767974854
2289,2289,1,0.99798656,349.0250985221983,70.24108418785563,820.8240706741486,-0.2587142958513549,0.874546370679726,0.3061583936214447,0.2826194167137146,-0.9090617895126343
2290,2290,1,0.99750143,343.2715561310677,71.85741802685904,811.0069428591954,-0.26260449782221124,1.1300424081283278,0.3113824427127838,0.37271517515182495,-0.874142050743103
2291,2291,1,0.9965725,350.9627762332391,75.70686542641303,833.8274654708947,-0.3137551404640459,1.5052854951401156,0.3113439679145813,0.4766712486743927,-0.8221006989479065
2292,2292,1,0.99743783,344.7314911886702,79.36595920635062,825.308675724308,-0.28231829350175336,1.8246026276817497,0.28815314173698425,0.5679864883422852,-0.7709469199180603
2293,2293,1,0.99708647,343.4558637260429,80.83639226527048,828.4845706158009,-0.2497834973522566,2.0770366159895834,0.25813305377960205,0.6296218037605286,-0.7327644228935242
2294,2294,1,0.99789906,341.05265708617543,83.74938024755296,828.8137572221402,-0.1496590757383128,2.174419516435736,0.20075039565563202,0.6557269096374512,-0.7278197407722473
2295,2295,1,0.99760264,344.8081061107136,84.18553833778923,840.4624612241041,-0.08209260039357202,2.148125968061132,0.15776564180850983,0.647129237651825,-0.7458779215812683
2296,2296,1,0.99721223,342.8976879657555,84.53339855078143,836.7835850338014,-0.0038518699699898354,2.0050115536739375,0.11943560838699341,0.6176382899284363,-0.7773404121398926
2297,2297,1,0.99829096,347.53674526485753,85.53866831109315,851.6961780304322,0.025163667842963852,2.011453032859901,0.0953904539346695,0.6112074851989746,-0.7857010364532471
2298,2298,1,0.99853957,339.3091279982181,84.28095372293694,832.7265548198658,0.026579302355303806,2.0291100602320995,0.1049204096198082,0.6262180805206299,-0.772555947303772
2299,2299,1,0.99879265,348.88591595522627,85.11741845129819,859.7960015345408,-0.08100366217974937,2.3180231066211636,0.14440791308879852,0.6733161211013794,-0.7251150012016296
2300,2300,1,0.9988281,352.22898536979255,83.89606957161483,869.37743510704,-0.19669772944535677,2.6593834243650676,0.18758787214756012,0.7278777360916138,-0.6595489382743835
2301,2301,1,0.99873835,364.61121023351615,82.1346038197838,900.6614706980134,-0.35573537838916347,3.0370138612898954,0.23085202276706696,0.7641111612319946,-0.6023632884025574
2302,2302,1,0.9985575,364.94114416413095,80.20306378102568,901.9832268466838,-0.4800679726943817,3.1490815913810803,0.2785521447658539,0.7696762084960938,-0.5744625926017761
2303,2303,1,0.9988833,365.30750818666303,78.9318563429983,908.3919006520954,-0.5396642231467631,2.936631235856851,0.3142613172531128,0.7328659892082214,-0.6034462451934814
2304,2304,1,0.9979608,359.65502209298756,78.07840544610633,902.5042557728747,-0.4670949990062669,2.3268115736777677,0.3225291669368744,0.6353980302810669,-0.7016012668609619
2305,2305,1,0.99680245,335.14090454649556,72.69202140802288,848.3854832941888,-0.29273021068631083,1.676354857049342,0.3037298321723938,0.5199258923530579,-0.798389196395874
2306,2306,1,0.9976646,328.882376844809,70.02788105950712,837.5216438873844,-0.2259822483613788,1.3348692979767267,0.28984078764915466,0.4301639795303345,-0.854956865310669
2307,2307,1,0.99658906,331.8997811111174,68.13147695494446,839.9360091799966,-0.21126778874134278,1.082135653151405,0.28522929549217224,0.34995731711387634,-0.892285943031311
2308,2308,1,0.9960055,331.1200321958391,66.21281280754572,834.1185518244041,-0.2080037712580081,0.8946411019138684,0.29056277871131897,0.28967544436454773,-0.9119547605514526
2309,2309,1,0.99796546,323.751150982866,65.98291718852809,807.4761198383854,-0.20253010974724758,0.782320332650977,0.307005912065506,0.25740787386894226,-0.9162361025810242
2310,2310,1,0.9983931,329.27086786065973,65.9344404161899,815.324024738332,-0.18961418989968418,0.8055014438701913,0.28958410024642944,0.26442527770996094,-0.9199023842811584
2311,2311,1,0.99848866,341.6376417124693,66.9455021847521,842.01886510971,-0.19575595205884358,0.9309853029787066,0.26814067363739014,0.3003499209880829,-0.915363609790802
2312,2312,1,0.998408,334.38295569250414,64.86462794422947,826.8782540044209,-0.06822148044102055,1.0210291656642698,0.1989157795906067,0.3419845700263977,-0.918411135673523
2313,2313,1,0.99591583,314.1659357532853,62.715919083501014,795.7469621424575,0.21504249110764814,0.8121282169325932,0.04157467558979988,0.2783229649066925,-0.9595873355865479
2314,2314,1,0.9957753,299.00866043026207,62.190935521720775,781.2975319894813,0.4468608719199163,0.5759258926144112,-0.09948486089706421,0.1836424171924591,-0.9779459238052368
2315,2315,1,0.9958553,280.00031920069415,59.36346437551058,755.124951306545,0.670196889481359,0.38754766716421396,-0.2311236411333084,0.10807393491268158,-0.9669032692909241
2316,2316,1,0.99579537,274.6025127066957,56.98623960035249,747.2802561040585,0.8707092505274651,0.26146653278525395,-0.35143640637397766,0.054465729743242264,-0.9346261024475098
2317,2317,1,0.99697626,286.48359502248314,56.340373169640735,780.2506962131378,0.9428170890142121,-0.03372092583592176,-0.3791651129722595,-0.05410270765423775,-0.9237460494041443
2318,2318,1,0.9963781,278.057316435604,53.42847777844161,762.8081856889171,1.0006502730240419,-0.21983053408706227,-0.39920416474342346,-0.11591915041208267,-0.9095047116279602
2319,2319,1,0.9954265,282.5724102479907,54.89556634015188,780.035279096679,0.9967141017937243,-0.24220725693602205,-0.3930419981479645,-0.12262353301048279,-0.9113075733184814
2320,2320,1,0.9952276,273.7935104593389,54.93782022733745,756.4094247150628,0.9164347918988618,-0.17575466484529212,-0.35429108142852783,-0.10434813797473907,-0.9292950630187988
2321,2321,1,0.99483407,272.7671905090101,55.98730006735732,751.201109223039,0.7783157126115556,-0.14679192106417177,-0.2748163342475891,-0.09624356776475906,-0.9566677212715149
2322,2322,1,0.995274,278.78724113207363,55.09495483813097,754.5156951087024,0.6179292881160064,-0.11168434784468619,-0.17903442680835724,-0.08056063205003738,-0.9805389642715454
2323,2323,1,0.9963981,286.0502791407134,53.38693001514358,756.5725789723097,0.4619901076118238,-0.08460713454174651,-0.08172762393951416,-0.06549018621444702,-0.9945006966590881
2324,2324,1,0.99618524,306.3452229337583,55.058703642734315,791.649418132597,0.2707175267817302,-0.017004977525394527,0.024914046749472618,-0.035673417150974274,-0.999052882194519
2325,2325,1,0.99434596,313.81261295180417,57.70085406317958,798.0579637010669,0.08364697510729356,0.045686868111687796,0.14173337817192078,-0.01102004200220108,-0.989843487739563
2326,2326,1,0.9971643,323.3984362558603,58.73693028666344,807.6141286458293,-0.09866497871835594,0.13057274154310755,0.24681806564331055,0.023157697170972824,-0.9687851071357727
2327,2327,1,0.9968892,341.9161747416081,61.08206654427835,844.1527503971737,-0.28146867190447533,0.20992154946724448,0.32384970784187317,0.050249435007572174,-0.9447731375694275
2328,2328,1,0.9981194,340.1650923021063,61.470187391529585,831.9396454547192,-0.2998693222487175,0.29805895840117347,0.3410850167274475,0.08190115541219711,-0.9364578127861023
2329,2329,1,0.99789655,344.66846187428973,62.86072685865624,835.2131222233501,-0.3370207647687441,0.4020185499138686,0.3561415672302246,0.11701689660549164,-0.9270761609077454
2330,2330,1,0.9987111,335.0664189458179,62.62660622866391,806.11216185312,-0.3191463622889897,0.4713660445445504,0.3677738308906555,0.14615942537784576,-0.9183570742607117
2331,2331,1,0.9988569,329.44570992830046,63.79554671711742,789.7156271511288,-0.29589580685479777,0.5152854733850819,0.3671034872531891,0.16381828486919403,-0.9156411290168762
2332,2332,1,0.99767107,333.64693337867317,65.22271886785086,796.3365725794055,-0.3036734404906013,0.5778291819772864,0.3638119697570801,0.1842268705368042,-0.9130724668502808
2333,2333,1,0.99824584,338.95011235780953,66.25289490740455,805.3453783737515,-0.3101170043108784,0.6436671260132145,0.35737648606300354,0.20555683970451355,-0.9110590219497681
2334,2334,1,0.99807787,341.06238481020927,67.10089333708123,805.7755722775141,-0.30564794177595783,0.6915179330760907,0.3516729474067688,0.22225433588027954,-0.909356415271759
2335,2335,1,0.99778026,340.7198754607371,67.09037643767721,799.6229357028293,-0.30343518624234356,0.7190249076576124,0.35276246070861816,0.23396313190460205,-0.9059911370277405
2336,2336,1,0.99693066,344.2638394242694,67.57786781575831,804.8169903645708,-0.3110315994759651,0.7681181520008362,0.3504047393798828,0.2500136196613312,-0.9026127457618713
2337,2337,1,0.9975867,341.07350509633136,67.80768467118428,793.773419055775,-0.29566635840196526,0.7929722780059695,0.34875935316085815,0.26218628883361816,-0.8997917771339417
2338,2338,1,0.9974396,336.61008266593655,67.75083678954542,783.094442129432,-0.28889767237540104,0.8392036319674329,0.35292547941207886,0.28227320313453674,-0.8920568823814392
2339,2339,1,0.9978756,353.0802444351917,69.89735099340582,819.5166930243922,-0.36367048093395343,0.9795966519331756,0.36069291830062866,0.31652480363845825,-0.8773327469825745
2340,2340,1,0.99847287,349.7760845491752,72.01380582308751,813.8301178581474,-0.38582810992059147,1.1764336208288322,0.3725576400756836,0.3807799220085144,-0.8462904095649719
2341,2341,1,0.998632,355.0951362911103,74.91723014515486,817.7209530404003,-0.45057518849046563,1.4713001475262042,0.388250470161438,0.4645857810974121,-0.7958779335021973
2342,2342,1,0.9969632,351.61547438094004,79.69758735298767,811.6569585687125,-0.4773362780688994,1.7341145559503435,0.3942357003688812,0.5339916944503784,-0.747951328754425
2343,2343,1,0.9981775,353.09637815682373,83.32231277856188,815.6597365356887,-0.5107402179376507,1.903350496765895,0.3986755907535553,0.5698474645614624,-0.7185622453689575
2344,2344,1,0.99775094,362.88715889562013,85.27551269416267,838.7527954151337,-0.5694328511458867,2.0675696385389397,0.40088513493537903,0.5933640003204346,-0.6980044841766357
2345,2345,1,0.99757737,349.0925691521938,83.89534220359995,806.5664138491684,-0.49196606756793126,1.9013293638571536,0.39627310633659363,0.5741257071495056,-0.7164826393127441
2346,2346,1,0.99712807,353.5899921092536,84.44976923108474,816.2498227949313,-0.48265984234725606,1.8066663729455914,0.39034342765808105,0.547243595123291,-0.7403758764266968
2347,2347,1,0.99612844,363.7582344111304,86.63343542398131,838.3684509521939,-0.4928103266084137,1.7745353247240152,0.3810881972312927,0.5285018682479858,-0.7585892081260681
2348,2348,1,0.9958956,363.0768915277511,87.76842126130585,837.5086438026791,-0.46192990834824715,1.7158076458639502,0.36976903676986694,0.5149529576301575,-0.7733656167984009
2349,2349,1,0.9968131,359.99692086442747,87.07014778409412,828.3858301468314,-0.41199488423984254,1.6630733430586022,0.3521663546562195,0.5088549256324768,-0.7855224609375
2350,2350,1,0.997191,356.8847080663424,87.35833514617423,823.2373007048385,-0.3712425773977316,1.6197728868855248,0.3371441662311554,0.5014582872390747,-0.7967894673347473
2351,2351,1,0.99712557,357.548871530186,88.28813501236935,822.962661882311,-0.3439979353634873,1.5965895145490765,0.3227396607398987,0.49631813168525696,-0.8059203028678894
2352,2352,1,0.9969989,359.4993616998691,88.16902872104235,826.9551922027931,-0.31613094186698076,1.5990858890323971,0.3036233186721802,0.49766045808792114,-0.8124942779541016
2353,2353,1,0.9968664,356.2959206986379,87.82984592910553,818.3350608569943,-0.2807431149870952,1.5831906839091403,0.2898785471916199,0.49931690096855164,-0.8164882659912109
2354,2354,1,0.99722964,355.2905739556758,87.46115067237645,813.1490002488086,-0.2582302228685899,1.5861009860976654,0.2790442109107971,0.5043858289718628,-0.8171470761299133
2355,2355,1,0.99786144,374.57599972574764,90.26339218017505,852.550421641918,-0.3151788138289353,1.688697893273412,0.2763979136943817,0.5119100213050842,-0.8133586645126343
2356,2356,1,0.9966685,364.061354478487,89.51410725692381,826.7938572156859,-0.28886537620845715,1.656483254711313,0.2807542383670807,0.5158483386039734,-0.8093686103820801
2357,2357,1,0.99564433,368.5139277784715,90.88962187268169,834.5729939958004,-0.3139247208839926,1.6776025467035645,0.287479430437088,0.5159660577774048,-0.8069291710853577
2358,2358,1,0.9949975,370.62013516140115,91.30490012778212,838.6229420568501,-0.3333511023654201,1.6742866830333119,0.2953294813632965,0.5117519497871399,-0.8067777752876282
2359,2359,1,0.9961662,373.86524559324965,91.77277461131736,845.1188407883938,-0.35419440354129367,1.6783312275893167,0.30164796113967896,0.5085281133651733,-0.8064786195755005
2360,2360,1,0.9970481,375.79891863589364,91.85155507205745,850.0810835881506,-0.36270148504718247,1.6878706944083897,0.30253323912620544,0.5085544586181641,-0.8061302900314331
2361,2361,1,0.9974497,367.9197318341657,90.27035668898448,835.5716733619216,-0.33987713320414054,1.67291909637021,0.3025670647621155,0.5127668380737305,-0.8034446835517883
2362,2362,1,0.9976349,373.1149007248477,91.25505519305587,846.8687035891302,-0.3501682845918629,1.7116562781613602,0.2980937361717224,0.5176050066947937,-0.8020132184028625
2363,2363,1,0.99721164,382.25275269601167,92.47239413718655,865.2180284679516,-0.3766932897760479,1.739738571631066,0.2971743047237396,0.5154622793197632,-0.8037326335906982
2364,2364,1,0.99714774,371.8093330263205,90.8689282976477,842.5477195830836,-0.3525619706394886,1.6989870428362202,0.30248892307281494,0.5160508155822754,-0.8013688325881958
2365,2365,1,0.99759847,360.72965342568506,89.22684794718744,819.9468971145101,-0.322661571315123,1.6508109707655485,0.30580636858940125,0.5148372054100037,-0.8008902668952942
2366,2366,1,0.9967429,360.6063420081087,89.11844089956408,819.9958001321173,-0.33225382783570007,1.6423965296974534,0.31174197793006897,0.5117447972297668,-0.8005836606025696
2367,2367,1,0.99705446,373.94939929284163,90.66378896817548,849.0001949235079,-0.38370147828150336,1.7148353086195478,0.31475046277046204,0.5156928300857544,-0.7968645095825195
2368,2368,1,0.9971968,366.43291891031686,89.32756742294998,834.9818755341106,-0.3620388265971932,1.7050097543775469,0.3148730993270874,0.5209221839904785,-0.7934072017669678
2369,2369,1,0.9973137,362.9426161954489,89.40206599139874,827.5942554466009,-0.3379738481939865,1.7063354478020556,0.30723145604133606,0.5259565114974976,-0.7930817008018494
2370,2370,1,0.9969819,367.7372223498562,90.05861082228961,835.9478317335047,-0.32645168013677456,1.746227437870472,0.29164576530456543,0.5341254472732544,-0.7935066223144531
2371,2371,1,0.9968309,373.090019340968,91.56474361390053,846.0880748679659,-0.32972933775599506,1.777445100034364,0.2839951515197754,0.5371776819229126,-0.7942209839820862
2372,2372,1,0.99642414,372.38239205588934,91.41490550925614,845.0871178392081,-0.3124888331114812,1.774178075186818,0.2754904627799988,0.537955105304718,-0.7966864705085754
2373,2373,1,0.99678886,361.4073458024845,90.41797458296384,821.6724751145667,-0.25727352276030796,1.7257962177297934,0.26363709568977356,0.5389329791069031,-0.8000292181968689
2374,2374,1,0.997603,379.6593232501352,94.05067665832944,863.4305893695799,-0.29549797987681614,1.8178391368807172,0.2523948550224304,0.5408433079719543,-0.8023623824119568
2375,2375,1,0.99778557,365.9186603579587,90.51322232761363,842.0458550089079,-0.23319621098733714,1.7786230389438156,0.2375970035791397,0.5452690720558167,-0.8038839101791382
2376,2376,1,0.9979265,368.3266348813393,90.02842933471618,850.5459269879135,-0.24346777947835377,1.7992504567910086,0.2380875200033188,0.5467372536659241,-0.802740752696991
2377,2377,1,0.99764097,371.30172935662364,90.21166302625197,857.437008734015,-0.24683582923112468,1.8110909721420672,0.23485133051872253,0.5465667843818665,-0.803809404373169
2378,2378,1,0.99728775,368.3279402488068,88.938859082176,851.95221373184,-0.2291037989431727,1.8241721866272194,0.22835510969161987,0.554341197013855,-0.800349771976471
2379,2379,1,0.9964516,356.28516054403576,88.18568453850845,827.4074599138415,-0.2166671509285107,1.8221577667742304,0.23951159417629242,0.5658769011497498,-0.7889344692230225
2380,2380,1,0.9960944,369.50803889118566,89.07915245148256,859.4352998931344,-0.22836973199706098,1.9416948816398119,0.22029750049114227,0.5809863209724426,-0.783532977104187
2381,2381,1,0.99583364,365.7900277814603,87.30673868962005,856.1828834617559,-0.185339222486689,1.9780660690864602,0.19876240193843842,0.5946769118309021,-0.7790076732635498
2382,2382,1,0.99430853,371.2873389897295,87.7098927463851,871.993434626675,-0.16483116491095517,2.019851187000867,0.1771298199892044,0.5980092883110046,-0.7816712260246277
2383,2383,1,0.99764156,369.99046680272176,85.5096741693978,874.6693093555109,-0.09732243418396713,2.0043762691847817,0.1400078535079956,0.5965815186500549,-0.7902457118034363
2384,2384,1,0.9975019,369.27450615748904,86.04239336006924,875.807005378666,-0.03564365876730384,2.0037253088008713,0.10511016845703125,0.5966948866844177,-0.7955546379089355
2385,2385,1,0.99760073,369.57179753279223,85.56149188094257,876.7282773668852,-0.0015071475016232255,2.003779550881335,0.08480468392372131,0.5969765186309814,-0.7977638840675354
2386,2386,1,0.997572,365.8730852463386,84.49823007256482,868.915163726368,0.054322496152080624,1.9816379000035957,0.05704256147146225,0.5964664220809937,-0.8006085157394409
2387,2387,1,0.9969125,368.359273032823,85.37779578335267,875.2831960384252,0.05189442980617504,1.9828028539985212,0.055392179638147354,0.5928194522857666,-0.8034281730651855
2388,2388,1,0.9975243,376.39318677843784,86.41247862973644,895.0371930138671,0.01009835115713166,2.0234048850599105,0.06897936761379242,0.5919507741928101,-0.8030169010162354
2389,2389,1,0.9976513,358.0341860946591,82.8942220406856,859.4430465932761,0.03121100588527814,1.9446055870976113,0.08093198388814926,0.5931065082550049,-0.8010460138320923
2390,2390,1,0.9976586,359.8659472255227,83.26252166241063,867.7813336674714,-0.007882460532802595,1.99921395680086,0.09993764013051987,0.6015786528587341,-0.7925374507904053
2391,2391,1,0.9974954,361.4085225556805,83.48171370011922,873.7367551669489,-0.08923277584346717,2.0552007205251357,0.14292338490486145,0.6100784540176392,-0.7793441414833069
2392,2392,1,0.998035,365.43550969035476,83.87021491106465,885.4946169753102,-0.1874497188632851,2.1353775308966076,0.18890799582004547,0.6190677285194397,-0.7622787952423096
2393,2393,1,0.99842983,366.1605722521884,84.07963876728054,891.0229912036494,-0.30274808846066237,2.244633133963872,0.24363447725772858,0.6339044570922852,-0.7340350151062012
2394,2394,1,0.99846125,366.4321309313368,85.97934833150487,895.1858465478484,-0.41984327380138103,2.3829671026763997,0.294218510389328,0.6506920456886292,-0.7000253200531006
2395,2395,1,0.9986815,358.8305827444887,84.78356707484194,877.5658652610715,-0.4632012575061048,2.4559880432365175,0.32091838121414185,0.6680740714073181,-0.6713334321975708
2396,2396,1,0.9988765,359.20416004657795,86.36036036926038,876.2031752684443,-0.5110153227995351,2.539121564480385,0.33824601769447327,0.6787381768226624,-0.6518467664718628
2397,2397,1,0.9983512,362.00794134540894,86.35961755392026,881.3508654592491,-0.5768370336183771,2.595567166442771,0.3604821264743805,0.6805570721626282,-0.6378830075263977
2398,2398,1,0.9986998,354.5008518618785,86.59922445064309,862.7207333196117,-0.5430153839898639,2.4492260405416593,0.36540305614471436,0.6631442904472351,-0.6532383561134338
2399,2399,1,0.9985384,358.8548846694686,87.67728193792429,871.5816556323944,-0.5289552946017001,2.338026208281843,0.36042550206184387,0.6393747329711914,-0.6791859269142151
2400,2400,1,0.997761,374.58757362668035,91.24564269886359,905.2376784020781,-0.5517888275095395,2.3375321003348484,0.3500092923641205,0.6239525079727173,-0.6986965537071228
2401,2401,1,0.9976525,367.4029165424088,89.88196184124122,885.2750968741203,-0.5096466301105147,2.2302548798067217,0.3475024402141571,0.613404393196106,-0.7092087864875793
2402,2402,1,0.99757475,371.4689878539627,89.8358597807648,891.5166223652449,-0.48930879426986057,2.2034721133501884,0.3342113196849823,0.6076273918151855,-0.7204803228378296
2403,2403,1,0.9971119,375.00984372910074,90.68594187801916,898.4205902721815,-0.45090560453681616,2.2499582289614106,0.30861857533454895,0.6180571913719177,-0.723021388053894
2404,2404,1,0.99667466,379.8257376490201,91.14088545926332,909.2044348528256,-0.36588682939352474,2.2542002035989674,0.2598438858985901,0.6210030317306519,-0.7394838929176331
2405,2405,1,0.99694616,356.933544958469,87.73177518804663,854.9586638166356,-0.19014549446898263,2.1050587171989465,0.20589163899421692,0.6238624453544617,-0.7539259195327759
2406,2406,1,0.9980635,365.3137934635027,87.66374371330085,875.9035474560604,-0.1060527798876145,2.1054235940000687,0.1467587798833847,0.6177178621292114,-0.7725843191146851
2407,2407,1,0.99762017,361.8526918857029,87.0793171700064,869.019537746561,-0.02636881269711468,2.045053558001718,0.10742400586605072,0.6091501712799072,-0.7857456207275391
2408,2408,1,0.99737847,363.1392533921914,87.71393193058994,868.6703804781849,0.03440817616503192,2.0151301163379034,0.07126935571432114,0.6023627519607544,-0.7950344681739807
2409,2409,1,0.99721706,367.7670329572405,91.68951991942531,873.8351076147509,0.05510614984055985,2.042513907440032,0.053237494081258774,0.6036260724067688,-0.795488178730011
2410,2410,1,0.9969351,368.488076928069,91.90384093868722,874.4459745410946,0.04311522717095885,2.017697087414692,0.05998368188738823,0.5971558690071106,-0.7998793125152588
2411,2411,1,0.9973085,372.9795268428173,92.38449975035161,884.0089377433911,-0.0386539173478314,2.0148041855068284,0.10218615084886551,0.5907707810401917,-0.8003423810005188
2412,2412,1,0.9969771,365.9132114660493,91.15937471445993,867.5826661462094,-0.07185838411658081,1.9106371626395404,0.13397131860256195,0.5729780793190002,-0.8085467219352722
2413,2413,1,0.99676466,373.87615722803025,92.13592884489947,888.2781512823555,-0.15313361111659285,1.92852291270604,0.16897501051425934,0.5646156072616577,-0.8078717589378357
2414,2414,1,0.9967771,361.1317490282888,89.70236674480476,862.5664923571973,-0.1767758449808163,1.8443930903277916,0.2032867819070816,0.5553169846534729,-0.8064103126525879
2415,2415,1,0.9973774,368.10391285649575,91.4494502950181,887.0111749798701,-0.23631404044611184,1.8897794200728304,0.22326545417308807,0.5517147779464722,-0.8035940527915955
2416,2416,1,0.9979067,360.79522125831255,89.59465503178775,875.1975298954254,-0.20758622257559348,1.8952235089001492,0.21677568554878235,0.5607618689537048,-0.7990959882736206
2417,2417,1,0.99809414,358.66708018014833,89.43541236012665,870.7071265070007,-0.1695445566293377,1.9198998798034757,0.19743365049362183,0.5709320902824402,-0.7969043850898743
2418,2418,1,0.9977537,360.9418831327277,90.5844311253117,875.9472814650981,-0.11249112447136288,1.9933521651498867,0.15915913879871368,0.5882412791252136,-0.7928685545921326
2419,2419,1,0.9972108,370.82690605353696,91.67548379063528,892.2876418573566,-0.11607063344237407,2.0859200685276433,0.1455475240945816,0.6022331118583679,-0.784940242767334
2420,2420,1,0.9974286,367.5105422881823,92.47991022160875,876.3543773078999,-0.03502545605401873,2.0439277521690813,0.10598478466272354,0.6014745831489563,-0.7918305397033691
2421,2421,1,0.99769837,382.64638279549905,94.79980167469712,903.3598818236806,-0.011392568137021488,2.0745491423060396,0.0732620358467102,0.594241738319397,-0.8009428381919861
2422,2422,1,0.9964675,371.6956240838462,93.41335373670637,872.792559352325,0.06581699922169497,1.9646852505104304,0.04414611682295799,0.5837781429290771,-0.8107121586799622
2423,2423,1,0.99722433,382.1273633106925,94.47457652442675,893.45101273486,0.0430934114569415,1.9982493385928228,0.04449944198131561,0.58095782995224,-0.8127163052558899
2424,2424,1,0.9965982,380.1985905929812,93.58102351880905,888.0637097220056,0.02157058822777985,1.980657883133615,0.05976387858390808,0.5800772309303284,-0.8123661279678345
2425,2425,1,0.9972652,380.1030079986781,93.1280129468622,887.6995948574886,-0.004803117725553443,1.94273371977385,0.07614611089229584,0.5710353255271912,-0.8173863887786865
2426,2426,1,0.9965294,374.18726529401437,92.25180512102925,879.0128714234303,0.01577831927370707,1.8742675148300816,0.0726686418056488,0.558342456817627,-0.8264217972755432
2427,2427,1,0.99447906,366.2987134092487,89.25756876777643,863.3052416259939,0.026520608134315934,1.7959598946861222,0.0779212936758995,0.5477124452590942,-0.8330302238464355
2428,2428,1,0.9952297,366.94954157584357,89.41966266611685,867.8507215606147,0.04041170345766565,1.7956867792109306,0.06841038912534714,0.5451575517654419,-0.8355377316474915
2429,2429,1,0.9955101,371.7526555110676,89.77240595196122,878.5385803723533,0.028935340931230267,1.8418770597496574,0.06818351149559021,0.5518929362297058,-0.831122875213623
2430,2430,1,0.9957527,359.22892871250156,88.25218926226061,851.444550408922,0.10067140369452571,1.844672945751729,0.0402681827545166,0.5674806833267212,-0.8224015235900879
2431,2431,1,0.9961175,368.2042818065086,89.5752504330756,875.810937399168,0.12136871928829036,1.9545560141964384,0.015011118724942207,0.5817286372184753,-0.8132444620132446
2432,2432,1,0.99627835,373.5093812011948,91.34749218907308,886.9379887568281,0.14035980123122116,2.0255994005097118,-0.0031200358644127846,0.5917955636978149,-0.8060820698738098
2433,2433,1,0.9963659,369.6369421472543,90.25027539361838,878.707705505623,0.17499431035268276,2.0389840684547034,-0.019332803785800934,0.5993195176124573,-0.8002764582633972
2434,2434,1,0.99660206,366.6577390504453,90.01039649000899,871.0570863736356,0.1838626542079462,2.0261858462401316,-0.021244674921035767,0.6002497673034668,-0.7995303869247437
2435,2435,1,0.99686384,371.27086887266546,91.06479683784539,881.8977265157009,0.1594922021557834,2.0168116519751877,-0.011773400008678436,0.592054545879364,-0.805811882019043
2436,2436,1,0.99694425,369.8747423061191,90.84489383793557,879.5515762999154,0.18905218358677336,2.0199790809936125,-0.027650965377688408,0.5933974385261536,-0.804434597492218
2437,2437,1,0.9969994,370.1568696982429,91.32398406315035,881.5576568194288,0.17979071204012623,2.0379484964358765,-0.022668877616524696,0.5966464281082153,-0.8021840453147888
2438,2438,1,0.9971781,367.9815721016501,91.45999909175858,877.1178554333763,0.17763974363134663,2.0311443470766672,-0.019011329859495163,0.5973458290100098,-0.8017584085464478
2439,2439,1,0.9976428,368.01039014065776,90.70717406020374,875.9842725223189,0.18148576639066533,2.023568906364294,-0.0212399959564209,0.5965299010276794,-0.8023098111152649
2440,2440,1,0.99701345,367.7407698950921,92.91325473470626,868.0264172145926,0.18302359372447832,1.9913777801096877,-0.021708548069000244,0.5912061929702759,-0.8062282204627991
2441,2441,1,0.9961731,366.9475684107685,94.67252719746233,864.7729567115633,0.2133778578850851,1.9823003111555886,-0.039002787321805954,0.5883995294570923,-0.8076291680335999
2442,2442,1,0.9962949,379.3285697967813,97.3665327357002,887.9456609791855,0.1613298359728994,2.049676702690992,-0.022084400057792664,0.5922206044197083,-0.8054731488227844
2443,2443,1,0.9969103,379.06302682903146,97.24780398834407,886.1220434265214,0.05221638002610648,2.0381957022408463,0.042170219123363495,0.5924674868583679,-0.8044899106025696
2444,2444,1,0.997431,380.79612898448823,97.28370353691912,889.9675504484838,-0.03357359263258487,2.053498254781977,0.08954476565122604,0.5941289663314819,-0.7993701100349426
2445,2445,1,0.99740475,380.8684500792386,95.8403937234272,890.6938861279517,-0.14492353971418315,2.0818137352045647,0.15183472633361816,0.5993015170097351,-0.7859923243522644
2446,2446,1,0.996407,371.02541849687776,93.28752043678678,871.9567046296976,-0.22651508113865593,2.105476731307094,0.20914503931999207,0.6115668416023254,-0.7630493640899658
2447,2447,1,0.99705184,378.1805469007007,93.89014983880226,900.5243488250677,-0.3398819176142867,2.200361907414801,0.2528471052646637,0.6130749583244324,-0.7484700679779053
2448,2448,1,0.99697626,364.48933087361075,88.57857767429505,874.3420092501738,-0.37161096657607534,2.0854198615153487,0.2925776541233063,0.598341703414917,-0.7459125518798828
2449,2449,1,0.9987571,360.78459963527644,83.88872335293728,868.4526521942512,-0.36984630724091766,1.917811558339038,0.30423083901405334,0.5636765360832214,-0.7679272890090942
2450,2450,1,0.9985446,346.8875073559237,75.64596606124628,834.6266283824917,-0.2864634373263596,1.583400336808776,0.2965890169143677,0.5003176331520081,-0.8134599924087524
2451,2451,1,0.99727136,340.2777720527587,69.09775571226557,816.4837222784046,-0.2482688052336341,1.2806301454811992,0.29862067103385925,0.4235512614250183,-0.855236828327179
2452,2452,1,0.9974105,350.98788229814204,66.24547896047618,834.1506655858999,-0.2809836789549063,1.0843025103097204,0.3066680133342743,0.3543654978275299,-0.8833911418914795
2453,2453,1,0.99809283,355.84745277652365,65.076723878152,836.1767632507394,-0.30009163105611314,0.9845689604359592,0.3144887387752533,0.3209480941295624,-0.8933583498001099
2454,2454,1,0.99839157,344.2131742180036,63.142011676127765,806.3689834070483,-0.297422309739125,0.9022171067142775,0.3382719159126282,0.30329257249832153,-0.8908343315124512
2455,2455,1,0.99698836,337.1822692081828,61.47020710052112,788.0708211596702,-0.3021738230392961,0.8642965930337628,0.3567257225513458,0.29662901163101196,-0.8858656883239746
2456,2456,1,0.9960013,340.3639835301196,59.57001568903314,799.6813518449585,-0.3401291790905335,0.8707705346398485,0.37022581696510315,0.29599258303642273,-0.8805233240127563
2457,2457,1,0.9961565,334.98687165332893,56.9528731849212,796.4940465355281,-0.3466832382833071,0.8410691901126214,0.3814099431037903,0.2884105443954468,-0.8782629370689392
2458,2458,1,0.99668944,339.3491043728775,55.667235441120546,815.0474598644643,-0.38429165883609545,0.8267225272788518,0.39029228687286377,0.2780298888683319,-0.8777079582214355
2459,2459,1,0.9969541,332.3402907684527,53.09068296034548,808.2903942612908,-0.38053457656754536,0.7583516362387445,0.39944571256637573,0.258258581161499,-0.8796281814575195
2460,2460,1,0.99927706,317.5335185310168,51.029771291368526,779.6972119039964,-0.33354851024370075,0.6566775020388576,0.40297913551330566,0.23187193274497986,-0.8853492140769958
2461,2461,1,0.9989311,311.2947911437227,49.723366313994944,774.2915780853,-0.31155072336546025,0.5648897307207981,0.40082699060440063,0.200861856341362,-0.8938636183738708
2462,2462,1,0.9972072,328.1682561806966,49.80545312845194,824.5587894003078,-0.3706659613015917,0.4888770548548298,0.39477401971817017,0.16324801743030548,-0.9041590094566345
2463,2463,1,0.9972957,323.871360928858,49.58386891453765,819.2243493603002,-0.3439855630504044,0.370217240071644,0.3873668313026428,0.12237580120563507,-0.9137675166130066
2464,2464,1,0.9978613,324.2028252567885,50.066511848535924,826.1705948322561,-0.3370413840418521,0.19928151667253013,0.3798375725746155,0.06073831394314766,-0.9230570197105408
2465,2465,1,0.9962865,306.0407643333496,50.02189304412472,782.7653218504087,-0.23227376744149728,0.05039484072173082,0.35641247034072876,0.0074019478633999825,-0.9342993497848511
2466,2466,1,0.9972294,310.5314950954086,49.9745819049003,796.274866698553,-0.20240430397183262,-0.005152408076973402,0.32777735590934753,-0.013351715169847012,-0.9446607232093811
2467,2467,1,0.9974132,303.73913958443353,49.929037854216574,781.3432080254171,-0.1445678505275817,-0.07793854028205136,0.3051932454109192,-0.041635118424892426,-0.9513798356056213
2468,2468,1,0.9977982,310.30639645162813,50.430534297920666,799.3758196067632,-0.13196749776177508,-0.1538267809988011,0.28261837363243103,-0.06880636513233185,-0.9567615389823914
2469,2469,1,0.9977233,298.7102401487624,51.320030893901134,771.8645207682943,-0.05998637904702511,-0.23367862379643958,0.2591286897659302,-0.1033053994178772,-0.9603022336959839
2470,2470,1,0.9971226,292.6135538672424,50.85934849878356,757.1905632275474,-0.011787872764519642,-0.2935046056329348,0.2390843629837036,-0.12794238328933716,-0.9625327587127686
2471,2471,1,0.99644095,299.4177116759873,52.33458144950172,774.7316300702893,-0.007566743437899422,-0.3380590948710104,0.2224605679512024,-0.14308874309062958,-0.9643841981887817
2472,2472,1,0.99665654,296.09561129993904,52.028657647397665,768.2199861206497,-0.0034509036674182795,-0.41940223458446796,0.22423499822616577,-0.17203649878501892,-0.9592299461364746
2473,2473,1,0.9966365,297.785855857988,52.84599650523683,772.3592951240274,-0.007396916153043785,-0.4553859268476153,0.2229415625333786,-0.18423447012901306,-0.9572641849517822
2474,2474,1,0.9964563,298.4809010349372,53.05506547069823,773.7438515449863,-0.0030749968914974253,-0.4467947145301974,0.21918407082557678,-0.1815207302570343,-0.9586493372917175
2475,2475,1,0.9969158,292.18382477996806,53.081992653130136,758.0796409495538,0.05306226290622818,-0.39565046555889977,0.19542062282562256,-0.16938762366771698,-0.9659806489944458
2476,2476,1,0.9973863,292.565687360305,53.53390964815543,760.8254636141437,0.11559666135634039,-0.3278083442152997,0.15347282588481903,-0.1477343738079071,-0.9770469069480896
2477,2477,1,0.9972773,289.93254657120855,54.052389434882606,756.7254581442841,0.20571970593716507,-0.19702890227519568,0.09583824127912521,-0.1037374958395958,-0.9899765253067017
2478,2478,1,0.9966865,294.2056154198186,53.62530298020889,769.7591664048106,0.270140041154164,-0.05307015665490934,0.042658377438783646,-0.048693567514419556,-0.9979023933410645
2479,2479,1,0.9973447,292.04571221417694,54.32891074415136,768.2819631851485,0.33174688220379983,0.08893439502572315,-8.180559962056577e-05,0.004356515593826771,-0.9999905228614807
2480,2480,1,0.9978974,293.0912470525183,54.98182468065562,772.9302457023192,0.38598066624906663,0.24227484141248937,-0.04281870275735855,0.06303716450929642,-0.9970922470092773
2481,2481,1,0.9979803,298.20755783670626,55.39306871811544,786.8795018349556,0.4300656782575799,0.3438296824306878,-0.08160778880119324,0.10005860030651093,-0.9916291832923889
2482,2482,1,0.99784994,299.32809559038355,55.68785231846916,791.9412452839138,0.41933630720386145,0.3165334166485388,-0.07456821203231812,0.08862239867448807,-0.993270218372345
2483,2483,1,0.99764425,298.317555321002,55.86889662780741,789.3688319351864,0.40912700912198036,0.2857317613420312,-0.06577920913696289,0.07688861340284348,-0.9948674440383911
2484,2484,1,0.99759054,298.4892968968193,55.691400354421006,789.181683951411,0.3941326951598,0.23074135724546987,-0.05451653152704239,0.05599984899163246,-0.996941328048706
2485,2485,1,0.9976065,297.67461049929534,55.61039338077413,787.2928692044055,0.3894084585021229,0.20757454083713403,-0.04983619973063469,0.04730036109685898,-0.9976366758346558
2486,2486,1,0.9975674,298.84111989010546,54.59852153188003,788.7382894731865,0.38737972355909295,0.24819938807307257,-0.0506182536482811,0.06448942422866821,-0.996633768081665
2487,2487,1,0.99709,294.53174464047635,55.239160691833284,776.3928456646794,0.39348165259226736,0.28515642597027646,-0.0506923533976078,0.07930827885866165,-0.995560348033905
2488,2488,1,0.99742067,297.4743164289645,54.654184985972826,783.1384408161092,0.4029601485393975,0.33399215566090995,-0.06175585463643074,0.09845810383558273,-0.9932231307029724
2489,2489,1,0.9967885,293.86113118925294,54.063985237449,773.7795846912305,0.4063350012142768,0.4137296551403022,-0.06151352450251579,0.1325392723083496,-0.9892670512199402
2490,2490,1,0.99663925,299.23534313824297,53.52573869884035,786.5447641557797,0.3437053128635712,0.5571370042546844,-0.025662578642368317,0.1897912621498108,-0.9814890027046204
2491,2491,1,0.9959335,296.2585861717446,53.75280330277882,776.1806932954693,0.29148300014887574,0.7015122197407343,0.013513063080608845,0.25128671526908875,-0.9678183197975159
2492,2492,1,0.9980166,296.11947677957914,51.8904612009859,772.2882199773038,0.22588846630273504,0.774868372510957,0.06013353168964386,0.2853579521179199,-0.9565326571464539
2493,2493,1,0.99739766,301.52604773995375,48.24029707852153,782.556610048177,0.13043784812261444,0.7300015817572908,0.12054482102394104,0.2698418200016022,-0.9553294777870178
2494,2494,1,0.9956815,298.08423614775614,45.586915957212874,766.6737391346014,0.06149463563885463,0.6970555468544302,0.17717881500720978,0.265537828207016,-0.9476799368858337
2495,2495,1,0.9969892,308.44475476849857,45.274222983981325,790.107122237091,-0.0336196798735671,0.6785960727507969,0.22326044738292694,0.25095221400260925,-0.9419011473655701
2496,2496,1,0.9960687,317.79871502023065,47.39406137106081,811.5175447835878,-0.10187642265670989,0.6763501085821101,0.2502218782901764,0.24091936647891998,-0.9377349615097046
2497,2497,1,0.99680305,313.0045447704553,48.901775202154575,800.4694762835164,-0.11413638649364298,0.5777812434097013,0.2687995433807373,0.20470738410949707,-0.9411916732788086
2498,2498,1,0.99716336,310.3285100187831,52.43842224532521,790.0754506448185,-0.12390180955728823,0.5201872163547484,0.2826458811759949,0.18058593571186066,-0.9420722126960754
2499,2499,1,0.993476,317.1101580132415,55.0493249333668,801.927238211923,-0.16547295845135057,0.5559668908444206,0.2964252829551697,0.18826274573802948,-0.9363168478012085
2500,2500,1,0.9949883,323.4945710024189,58.84851518428882,815.7516207708259,-0.20805137800625909,0.5790547011936191,0.31021755933761597,0.18903395533561707,-0.9316819310188293
2501,2501,1,0.9973278,327.77844697727943,60.96621762199178,822.8841758525464,-0.24769123145598712,0.6056096180266989,0.32627904415130615,0.19432328641414642,-0.9250840544700623
2502,2502,1,0.9989279,344.050884917787,64.92013511954993,861.3795927741143,-0.34517975767279385,0.6891922695921276,0.3492787480354309,0.2100309282541275,-0.9131765365600586
2503,2503,1,0.99728584,343.7258800745737,66.48126273738401,857.7526650655369,-0.3500629013148599,0.7330226731329751,0.3531694710254669,0.22397445142269135,-0.9083539247512817
2504,2504,1,0.9984328,339.7615813437845,68.34621942512496,849.8090767988796,-0.33781179218173374,0.7669275268787306,0.35314854979515076,0.2354283183813095,-0.9054609537124634
2505,2505,1,0.99815375,341.02260448362,67.59178001976952,850.2003458285864,-0.35137628240332897,0.7667463998301475,0.3590995967388153,0.23584327101707458,-0.9030090570449829
2506,2506,1,0.9980107,338.50102638917963,63.026258347018,846.6334190343799,-0.34160062965973204,0.748460972538993,0.35752901434898376,0.2355772852897644,-0.9037014842033386
2507,2507,1,0.99657995,328.1353684906881,59.854108684496076,819.7572165812522,-0.28716993068052565,0.7135945286395518,0.34840771555900574,0.23437272012233734,-0.9075689911842346
2508,2508,1,0.99652123,332.16226147820373,59.54969313527054,828.4755307461593,-0.2930002900127492,0.7426030598381533,0.34355467557907104,0.2429562360048294,-0.9071617722511292
2509,2509,1,0.99692106,329.0152629920681,60.151092725295086,822.1209868269402,-0.2710255071525741,0.7399065127660347,0.33678820729255676,0.24333901703357697,-0.9095932841300964
2510,2510,1,0.99700755,334.15690423761373,60.73533919042538,835.4276829326062,-0.287698175600246,0.7745902150627789,0.3353288769721985,0.2513221800327301,-0.9079601764678955
2511,2511,1,0.9970553,330.7710192587169,58.531776686231716,822.2005218103482,-0.2557119336396841,0.7820604814449228,0.3249267637729645,0.26082468032836914,-0.9090617299079895
2512,2512,1,0.99768794,333.2176523937955,57.093724678261616,828.3639758727653,-0.26335375439903336,0.8292797848345915,0.3233563303947449,0.27730974555015564,-0.9047319889068604
2513,2513,1,0.99794954,332.73430758233616,56.56803452324201,825.4660286469875,-0.2587381243389985,0.8703279608038169,0.32122647762298584,0.2932804822921753,-0.9004443883895874
2514,2514,1,0.99803954,332.2287068062116,56.53627671805081,825.5551823372607,-0.25675650627184443,0.9303900926936239,0.31908711791038513,0.3141694664955139,-0.8941370248794556
2515,2515,1,0.99887556,325.7398803192196,55.642468472421534,806.9479075851453,-0.22802385267064512,0.9528868332517095,0.3150527775287628,0.3299544155597687,-0.8898718357086182
2516,2516,1,0.99810106,316.3173738014076,54.020410812313656,785.2777830373789,-0.20501853231382683,0.994957904929029,0.31797993183135986,0.3546393811702728,-0.8792722225189209
2517,2517,1,0.9979862,323.7088107535008,54.148592062629945,802.2117677596244,-0.23739654210257297,1.0718306379956855,0.32062166929244995,0.37380945682525635,-0.870326578617096
2518,2518,1,0.99808735,325.32481510126485,53.94857038841889,806.9824238331963,-0.26999277455401594,1.1279553621081242,0.33427178859710693,0.3893803358078003,-0.8582804203033447
2519,2519,1,0.9987895,327.26762985952683,53.77391414479143,810.1473173236551,-0.29301986945768976,1.16940446651708,0.34270310401916504,0.40081414580345154,-0.8496485352516174
2520,2520,1,0.99895966,320.48284487836605,53.105317795029066,794.1374524421157,-0.29675700392590487,1.1605478085009941,0.3581133186817169,0.4038233458995819,-0.8418322801589966
2521,2521,1,0.99902976,319.0266684103806,53.18981870635932,788.8029770923326,-0.3078692181809197,1.1454243195835694,0.36862456798553467,0.3999120891094208,-0.8391580581665039
2522,2522,1,0.99868137,320.37022779940463,52.53531760803372,793.7126425745679,-0.3215122954488042,1.1532472881706461,0.37258633971214294,0.40042296051979065,-0.837162435054779
2523,2523,1,0.9986071,329.62978612502974,55.05157839261242,816.0014777498013,-0.3766508925435577,1.1800389789973722,0.3842204809188843,0.3953965902328491,-0.8342878222465515
2524,2524,1,0.99803585,325.6412794756988,55.15160974030541,807.0786399043058,-0.370268752510853,1.1543369541716098,0.38928404450416565,0.3902394473552704,-0.8343687057495117
2525,2525,1,0.99790996,324.0840216847832,56.20413914812514,805.124492489373,-0.3497355827225946,1.1136759252160964,0.3822121024131775,0.37778130173683167,-0.8433238863945007
2526,2526,1,0.9977519,322.1880928796625,56.5047692173462,801.0169803330182,-0.32828264985958716,1.0605556685873234,0.3759008049964905,0.36240819096565247,-0.8528534173965454
2527,2527,1,0.99772066,330.73294478276483,56.844227118079765,822.3295634776501,-0.3465795136203384,1.0307730471108563,0.3699899911880493,0.34453290700912476,-0.8627887964248657
2528,2528,1,0.99776363,330.675618138425,57.41188153133245,822.3180859488774,-0.33467700165904,0.969882150184311,0.36541470885276794,0.3241003453731537,-0.8726001381874084
2529,2529,1,0.9976285,332.4714826146057,57.70301758885478,827.0506228057826,-0.3327959978418033,0.9314128276672252,0.3618036210536957,0.3094868063926697,-0.8793838620185852
2530,2530,1,0.99692434,331.6359732559152,57.25623328761835,827.3779096481389,-0.32079240217429067,0.9051911788094557,0.35647737979888916,0.3013492822647095,-0.8843712210655212
2531,2531,1,0.99702877,326.17531297121155,57.013053043634216,813.2607762129901,-0.29694337044659097,0.8747466005468704,0.3549099266529083,0.29595082998275757,-0.8868213295936584
2532,2532,1,0.99729663,327.0967795697536,57.10872522067703,816.5155180638344,-0.2993777987404774,0.8661444695558856,0.3542882204055786,0.29181236028671265,-0.888439953327179
2533,2533,1,0.9971112,329.76572904415906,57.388610354579036,824.0174497799584,-0.306337910329873,0.8681165467766037,0.3525216579437256,0.2898715138435364,-0.8897769451141357
2534,2534,1,0.997282,328.14863557826243,57.694842329135945,818.9881046487159,-0.2948997381479379,0.8897849585786158,0.3491442799568176,0.29892534017562866,-0.8881114721298218
2535,2535,1,0.9971681,329.8261147087743,57.92598703539628,824.3516802382801,-0.29459534547859684,0.9218962565088353,0.3443674147129059,0.30824562907218933,-0.8867895603179932
2536,2536,1,0.9975915,326.6734305143797,56.94269856763017,815.0992971942475,-0.28120470938070474,0.9261749267641833,0.34326863288879395,0.3140956163406372,-0.8851613402366638
2537,2537,1,0.9972367,321.76625792106034,56.26276190574862,801.5565466376917,-0.2492179038699715,0.8943022356582205,0.3357762396335602,0.30907225608825684,-0.8897913694381714
2538,2538,1,0.9974433,320.5427059431435,56.35089535314762,798.8685592488677,-0.23247406316302913,0.8744877100753787,0.32870301604270935,0.3033725619316101,-0.8943821787834167
2539,2539,1,0.9976802,326.93631288382727,56.81309888402163,817.3233818756526,-0.25212121256650566,0.8719416015907882,0.3266192674636841,0.2957833409309387,-0.897681474685669
2540,2540,1,0.9982363,324.79831010040704,55.90414557083776,810.8310214525167,-0.23844211557535672,0.8205950196852771,0.3243667483329773,0.28094416856765747,-0.9032478332519531
2541,2541,1,0.9983552,321.9758894820629,55.839007185526505,803.8275775537882,-0.22234008352202367,0.7742113520388322,0.32147032022476196,0.2667006254196167,-0.9085855484008789
2542,2542,1,0.9983948,324.1098745580328,55.52650976418988,808.9353986984047,-0.2081845662657459,0.7398103981264338,0.30930742621421814,0.2536599636077881,-0.9165072441101074
2543,2543,1,0.9984829,326.40047860624867,55.73759820338432,814.4284528720872,-0.14366989093520535,0.7262628719913076,0.26530173420906067,0.24851715564727783,-0.9315869212150574
2544,2544,1,0.99792695,332.412823566482,55.69708213183119,828.3720650117317,0.10535516737465085,0.6476350715358766,0.0931805893778801,0.2164091169834137,-0.9718458652496338
2545,2545,1,0.9964384,305.7090923895062,51.71016571145653,775.2978477254738,0.41021571602324086,0.4860586585974758,-0.08143501728773117,0.16416266560554504,-0.9830660820007324
2546,2546,1,0.98847544,283.30174979476993,45.804039559951626,737.8404729433092,0.6306143095328092,0.3813880331574282,-0.21273945271968842,0.12830038368701935,-0.9686490297317505
2547,2547,1,0.9932201,278.9483157940584,39.754496049878156,744.5222643096298,0.8369037712973778,0.25907207236568536,-0.3366324007511139,0.0774000808596611,-0.9384497404098511
2548,2548,1,0.9954456,271.9125599374458,37.84619728244687,741.7128688898952,1.0457826195498592,0.13808238871720224,-0.4438428580760956,0.027056653052568436,-0.8956961035728455
2549,2549,1,0.9939306,274.277724154657,37.49358754547368,748.5434776310076,1.0977437754182846,0.08870547576087852,-0.4669157862663269,0.008260779082775116,-0.8842632174491882
2550,2550,1,0.9939143,265.759375974392,37.121119923667855,727.967515499764,1.1155648301766161,0.03558108888156355,-0.4756832420825958,-0.010570652782917023,-0.8795531988143921
2551,2551,1,0.99104226,266.13602204205824,36.35488074046314,732.4018117909882,1.120572054305297,0.019083257502273153,-0.47547614574432373,-0.015536230057477951,-0.8795914649963379
2552,2552,1,0.991895,266.9054851517605,36.09141788504013,734.1097479181807,1.121459083532981,0.022930324638450687,-0.4759443998336792,-0.013832716271281242,-0.8793665766716003
2553,2553,1,0.9927443,268.40672703998627,36.3822979900393,738.7166449953965,1.0560117389404289,0.06274632831413256,-0.44402191042900085,0.001343806623481214,-0.8960149884223938
2554,2554,1,0.9935448,264.9116914091008,35.894977822733914,729.8143254960675,0.940476035216602,0.2852895886705406,-0.38943833112716675,0.08994606137275696,-0.916650116443634
2555,2555,1,0.9944965,267.92926108419937,37.553147187652165,731.6987630861013,0.7969602790912181,0.667591217787046,-0.31138667464256287,0.24671684205532074,-0.9176977276802063
2556,2556,1,0.9965648,273.4266925850207,38.8538083071138,731.3384906491004,0.5936154694862695,1.1147793681542921,-0.18164803087711334,0.43264129757881165,-0.8830773234367371
2557,2557,1,0.9938862,276.3418357534622,41.103764946658295,723.3142330826107,0.26457552252462996,1.3813364531811618,0.049535080790519714,0.5432657599449158,-0.8380982279777527
2558,2558,1,0.997512,290.6533689284027,38.119012109364206,737.8600736996881,-0.006226198300068606,1.5070774641150528,0.2120654582977295,0.5705682039260864,-0.7933979034423828
2559,2559,1,0.99841964,305.7932751379256,38.20599546075059,752.7663174744006,-0.12697150692629763,1.313813625851105,0.27687740325927734,0.4974726736545563,-0.8221070170402527
2560,2560,1,0.9981001,305.9214926689368,36.76288453320934,747.138821548374,-0.12707796760453288,1.0474281804647625,0.28986677527427673,0.4116562008857727,-0.864011824131012
2561,2561,1,0.9979134,309.2794482125727,38.82255836823572,749.2983085712822,-0.13035061125692637,0.9543077789612631,0.290934681892395,0.37500008940696716,-0.8801885843276978
2562,2562,1,0.99637306,314.29181716634355,41.077793747548405,761.8918015150075,-0.1531884600454583,0.962341722457339,0.2953445017337799,0.36946913599967957,-0.8810585737228394
2563,2563,1,0.99553865,307.7547593786661,42.91572055596481,745.5647785625105,-0.1309024795302657,0.974210377794382,0.2943557798862457,0.379007488489151,-0.8773301243782043
2564,2564,1,0.9957416,307.4649733604115,44.60250876225632,744.6262454226279,-0.13348446735546599,1.0163825336550822,0.2954298257827759,0.3927527666091919,-0.8708997964859009
2565,2565,1,0.99441874,313.49545993141834,46.152158787078264,760.4112247801027,-0.16121115756801538,1.1037826131908932,0.2974793612957001,0.41426321864128113,-0.8601697683334351
2566,2566,1,0.99677855,326.6380323805709,46.880541652861915,786.3094367191684,-0.21385368685906017,1.2113871953707298,0.3020934462547302,0.4368774890899658,-0.8472766280174255
2567,2567,1,0.99656373,326.82809673381126,47.38230865285777,786.1179855604563,-0.21044992607554822,1.2806070879741978,0.2970485985279083,0.4591962695121765,-0.8371982574462891
2568,2568,1,0.99594915,327.5281179334143,47.82541380604281,785.1966019191501,-0.22457722504253988,1.324967160867108,0.30316171050071716,0.4724990427494049,-0.8275492191314697
2569,2569,1,0.9953426,328.93848189807505,48.00121881835603,789.9524448336783,-0.2330604144103561,1.3176707961039844,0.30551549792289734,0.46740949153900146,-0.8295714259147644
2570,2570,1,0.9956201,325.77733405531677,47.88991571270602,782.0407893078469,-0.22531199529114385,1.2705393204183477,0.30901387333869934,0.45624011754989624,-0.8344790935516357
2571,2571,1,0.995471,330.1627682463493,48.33690811026998,790.2061442288608,-0.23184824861093345,1.251316022645535,0.30627375841140747,0.4460735619068146,-0.8409605622291565
2572,2572,1,0.9954503,326.87593905697224,47.74790710006673,781.5920439456104,-0.22119834942847078,1.1942987942631498,0.3086572587490082,0.4321143925189972,-0.847353458404541
2573,2573,1,0.99532676,328.0426610161633,47.89561093716461,785.8892079541862,-0.2289393410200832,1.1579270510350184,0.31208494305610657,0.41760343313217163,-0.853352427482605
2574,2574,1,0.99669385,330.64603560833564,47.47360983181314,790.9273317766934,-0.25203233287564286,1.1117385828508046,0.32301563024520874,0.3993566334247589,-0.8580065369606018
2575,2575,1,0.99703586,326.2154187215608,46.7694830942874,780.4077923186965,-0.23568752141230742,1.0355302705845078,0.324602872133255,0.37871208786964417,-0.8667237758636475
2576,2576,1,0.996819,328.69074932298713,46.576685915669536,786.2397475101585,-0.2502702967759163,0.9784742495935155,0.3304397165775299,0.356205552816391,-0.8740293383598328
2577,2577,1,0.9958769,327.1219217636887,46.02070356424173,785.7089700556066,-0.26119577242133885,0.9221710933695793,0.34067675471305847,0.33637458086013794,-0.8779473304748535
2578,2578,1,0.99539477,320.33229236210155,45.36550204289595,772.6328679625386,-0.24313015659246542,0.8718212489885131,0.3439456522464752,0.32383057475090027,-0.8813825249671936
2579,2579,1,0.9963452,315.399603556732,45.189088947869834,765.3204419428706,-0.2535247142253319,0.8958709946668398,0.3579275906085968,0.3341970145702362,-0.8718945980072021
2580,2580,1,0.9966491,325.6498264021636,44.3189357654148,793.2082783458517,-0.32108897883233484,1.01864618386308,0.3707249164581299,0.36521193385124207,-0.8539223074913025
2581,2581,1,0.99542737,321.09477657753666,42.853373179447196,789.7045165725573,-0.32775741103746153,1.157089330443704,0.3748862147331238,0.41287440061569214,-0.8300573229789734
2582,2582,1,0.99633163,307.13458591277174,41.22042094820673,758.5971003542405,-0.3031037868297819,1.2226558360887116,0.3842969238758087,0.44852855801582336,-0.8069312572479248
2583,2583,1,0.9917881,300.5317699409535,40.65083211804265,748.7965266344982,-0.3161571591929963,1.246524029707304,0.4010930061340332,0.4585520327091217,-0.793003499507904
2584,2584,1,0.9935614,298.7938689667324,40.084000113909426,754.0133810078486,-0.32656718570365234,1.2081309384567744,0.4084906578063965,0.4430255591869354,-0.7980374097824097
2585,2585,1,0.9940988,300.4345968836914,39.4611877994377,767.2336736957435,-0.3063501887575062,1.0812467644795212,0.3960708677768707,0.39828193187713623,-0.8273447751998901
2586,2586,1,0.99408084,293.3062325547807,39.55314327635922,751.6835016567493,-0.25237838780935756,0.9407025263390919,0.3849826455116272,0.3583841025829315,-0.8504993915557861
2587,2587,1,0.9965618,295.19203834298514,40.30840827211192,760.1220046075128,-0.24205192973860704,0.8683361034725884,0.3759312331676483,0.32924243807792664,-0.8661842346191406
2588,2588,1,0.99520075,292.3489696586303,40.72526948958022,755.0476340259873,-0.22991058769294137,0.7674524135026316,0.377141535282135,0.2937007546424866,-0.8783530592918396
2589,2589,1,0.9966576,292.18778213830996,41.04521159162376,752.7987766672289,-0.22644816016832753,0.6748074391388251,0.37858885526657104,0.25933557748794556,-0.888490617275238
2590,2590,1,0.99581546,296.05306022274294,41.654753340131705,761.3940129047452,-0.2384841991082236,0.6189658278984418,0.3788875639438629,0.23496446013450623,-0.8951177597045898
2591,2591,1,0.99729747,293.5041534056322,41.46175756492725,754.5576879661271,-0.23141144038058273,0.5709184393964268,0.3813610374927521,0.2186727374792099,-0.8981903791427612
2592,2592,1,0.9986154,299.50212401865275,43.114751506517486,769.7826485454179,-0.2544862349710748,0.564455156639925,0.38189464807510376,0.2102968543767929,-0.8999620676040649
2593,2593,1,0.99730945,295.3828460801974,43.324373576357914,762.1469731783009,-0.22292009464432244,0.5488391456253542,0.37131986021995544,0.20644322037696838,-0.9052639007568359
2594,2594,1,0.9974093,298.85232811141356,44.74749425887237,774.1523433377582,-0.227723548495481,0.5791060263630222,0.36483094096183777,0.21342560648918152,-0.9062824845314026
2595,2595,1,0.9967944,296.9557055560048,44.92771646050005,765.8331149510806,-0.2445611589264205,0.6678475717166656,0.37898361682891846,0.2480209916830063,-0.8915475010871887
2596,2596,1,0.99651814,295.11794863336655,44.722345734832665,760.3578194213775,-0.24201920477961633,0.8830262751606771,0.37612056732177734,0.32939133048057556,-0.8660454154014587
2597,2597,1,0.99684143,296.3155968234468,43.84681165661073,760.9463942488804,-0.2157979063773302,0.9720755772265941,0.35565420985221863,0.36394941806793213,-0.8608431816101074
2598,2598,1,0.99661535,299.91050974648743,44.02971395185185,769.4854373381403,-0.21273193708678542,0.9757036146115993,0.34631913900375366,0.36236271262168884,-0.865307092666626
2599,2599,1,0.9972574,306.19998996803537,44.482139841436116,786.3247702813516,-0.2125664359429746,1.0452002583619877,0.33046457171440125,0.38024768233299255,-0.8638315200805664
2600,2600,1,0.9970138,306.93752873562295,44.555743624315085,788.1835857311543,-0.1987647727955314,1.0741705858796426,0.31966856122016907,0.39021363854408264,-0.8634496927261353
2601,2601,1,0.9972025,303.4288835692694,45.26021329838749,778.5490549764022,-0.1771723103688888,1.177481844213328,0.30996137857437134,0.42931434512138367,-0.8483001589775085
2602,2602,1,0.9972893,293.6814744979651,44.759365520253475,753.8103438214239,-0.1659407756009964,1.3378912817367092,0.31499797105789185,0.4931258261203766,-0.8109273910522461
2603,2603,1,0.9971585,301.05980309075494,46.06060206677878,773.0153321612628,-0.2609504085848824,1.6655675738861986,0.33836910128593445,0.5711525678634644,-0.7478576898574829
2604,2604,1,0.9970017,302.265094405389,46.933487526017096,777.3713389242745,-0.483346344558841,2.3623742312221534,0.399078369140625,0.697873055934906,-0.5947349667549133
2605,2605,1,0.99769574,288.4916528170051,45.93790732119908,748.0793095624373,-0.5981154166694507,3.084327951717924,0.4055592119693756,0.7961124777793884,-0.44913995265960693
2606,2606,1,0.9984445,297.05497073486646,45.89311397265201,779.7830458499567,-0.6482526396566695,3.6858449579282184,0.36785048246383667,0.8433545827865601,-0.3917129933834076
2607,2607,1,0.996633,288.02345552882747,45.956250139756484,766.9631808839546,-0.6124641944306852,4.117137940167473,0.33317917585372925,0.880481481552124,-0.33725956082344055
2608,2608,1,0.9955238,289.1815986422768,46.71319433438752,777.6378073788543,-0.6698691705931646,3.5418191993494825,0.3918398916721344,0.8261767029762268,-0.4048377573490143
2609,2609,1,0.99680173,280.95981068837983,47.56097445165799,766.6738689403555,-0.6062848127065714,2.765585229847656,0.4377366900444031,0.7440575957298279,-0.504742443561554
2610,2610,1,0.9960479,274.2359772364517,47.773016523567605,754.209588733114,-0.5451218450869462,2.1776142600114117,0.47049733996391296,0.6542829871177673,-0.5920693278312683
2611,2611,1,0.9968292,272.5211673790881,47.86921618000454,758.1070724356201,-0.4990110309744161,1.540932258490279,0.49967023730278015,0.5072495937347412,-0.7021592855453491
2612,2612,1,0.9970829,275.2649769308386,48.54147099548087,765.0789361170782,-0.5225109602167477,1.1632396666770186,0.5276075005531311,0.3909202218055725,-0.7541961073875427
2613,2613,1,0.99346644,262.70897907555536,47.76493419771517,728.2092154471551,-0.42192983227197717,0.85984704469362,0.5227925181388855,0.3097377121448517,-0.7941980957984924
2614,2614,1,0.995678,269.73233512500957,48.312381310034134,744.8112794427396,-0.42777695681864847,0.6816649855168455,0.5158964395523071,0.24198007583618164,-0.8217642903327942
2615,2615,1,0.995628,272.5779829546575,47.950697825287286,747.7337744012548,-0.44246376867518994,0.6449133722694281,0.519615113735199,0.2281651347875595,-0.8233716487884521
2616,2616,1,0.99507254,273.0216516686815,48.40453842901633,745.2031485289591,-0.4375103303030228,0.6016243841337545,0.5189920663833618,0.21296250820159912,-0.8278250098228455
2617,2617,1,0.99646556,272.6888599939522,48.03839826916924,740.8835928403205,-0.21348764200634426,0.4312393409372302,0.40247592329978943,0.15767733752727509,-0.9017488956451416
2618,2618,1,0.9972058,260.23334087186225,46.048861168727036,717.1214096699414,0.1399665695638904,0.23818974668661516,0.19029586017131805,0.08461689203977585,-0.9780734181404114
2619,2619,1,0.99512345,260.46371417871393,44.9114005267916,729.5131843920976,0.43119637262219923,0.162121180808199,-0.03141685947775841,0.04625231772661209,-0.9984356164932251
2620,2620,1,0.99460983,259.3167430182595,43.13144846384936,736.1793928623905,0.6371064499055513,0.08903269518874127,-0.17783331871032715,0.012705940753221512,-0.9839786291122437
2621,2621,1,0.99460393,268.2840253888476,42.91635744997928,767.0486999061527,0.8320452670227436,0.0031459261732436515,-0.3035234808921814,-0.024082591757178307,-0.9525195956230164
2622,2622,1,0.9920027,265.63704416182827,43.72555443339136,760.3479199703811,0.9423602312674249,-0.17400695736890398,-0.35900357365608215,-0.08994434028863907,-0.9289921522140503
2623,2623,1,0.9937122,260.6587376222755,43.50825515385905,746.0033797608321,0.9912939822674438,-0.21255657683808254,-0.38465988636016846,-0.10466600954532623,-0.9171051383018494
2624,2624,1,0.9919556,259.1638770456638,43.342834418171606,744.5259637925402,1.0170596888820589,-0.22286524299315624,-0.3970758616924286,-0.10807143151760101,-0.9114007353782654
2625,2625,1,0.99185705,266.35681349695074,44.35677513488151,767.5851076117871,1.0305822688344797,-0.23024986326328034,-0.40091463923454285,-0.10855721682310104,-0.909660816192627
2626,2626,1,0.9934127,257.7740106173508,44.0635165101345,743.3167738613015,1.0211271646068916,-0.21369744240701716,-0.3988286554813385,-0.10595167428255081,-0.9108842015266418
2627,2627,1,0.99532974,261.3638914262685,44.66930449986688,755.2276279665904,1.0185317451393494,-0.21407724425823352,-0.39583727717399597,-0.10525914281606674,-0.9122682809829712
2628,2628,1,0.9951315,258.7540704246834,44.77014482228085,745.2350055639058,0.9997885694403491,-0.2047120215367258,-0.38798364996910095,-0.10358837246894836,-0.9158264994621277
2629,2629,1,0.99520916,261.34326439017934,44.50871557480006,754.2523489550463,0.9910753910334562,-0.20537467883464788,-0.38205575942993164,-0.10240057855844498,-0.9184483885765076
2630,2630,1,0.9953465,262.74676608952524,44.48544170088897,756.6960599026634,0.9811794216281569,-0.2074932575996272,-0.3770137131214142,-0.10282082110643387,-0.9204828143119812
2631,2631,1,0.99564594,260.0250803516197,44.66993648562424,749.1885402610387,0.9698635857225827,-0.20207785735094538,-0.37140682339668274,-0.10222968459129333,-0.922825038433075
2632,2632,1,0.9955466,261.9235852932828,44.59445683857655,752.0908267476804,0.9587890934541804,-0.19670143891036693,-0.3663679361343384,-0.09990346431732178,-0.9250912666320801
2633,2633,1,0.99570376,259.22016385924786,45.45019170545697,746.1988316374049,0.9517828178036167,-0.1775121272885198,-0.3629838228225708,-0.09501427412033081,-0.926938533782959
2634,2634,1,0.996434,262.8724659137982,44.89037951094283,757.1739432364956,0.9567735390518443,-0.17133631729322096,-0.36544713377952576,-0.090828537940979,-0.9263900518417358
2635,2635,1,0.9963103,262.93978219545596,44.96436288560616,756.1186953376982,0.9559901180442408,-0.15903966807594383,-0.3661445379257202,-0.0867229774594307,-0.9265081286430359
2636,2636,1,0.99585956,262.0840244527133,45.39181151615841,752.8776581578401,0.9560576053282788,-0.13870836739794543,-0.3676353394985199,-0.08043087273836136,-0.9264853596687317
2637,2637,1,0.99595356,261.4009838759851,45.83046332925386,752.425801557465,0.9574447019077196,-0.12244025784354712,-0.3686666488647461,-0.07527468353509903,-0.9265088438987732
2638,2638,1,0.9954997,260.1806262772028,45.6026188745682,748.2171336994555,0.9644944682987736,-0.1185461333804161,-0.3732840120792389,-0.0740215927362442,-0.9247593283653259
2639,2639,1,0.9953754,259.82494975046666,45.40047185994174,748.1961027569996,0.9685981531769265,-0.10973593656673476,-0.3756447732448578,-0.0706525444984436,-0.9240667223930359
2640,2640,1,0.99536383,264.0363199685809,46.27357937252919,760.1054217383215,0.9743055326799416,-0.09887759277485741,-0.37863579392433167,-0.06682801246643066,-0.9231299757957458
2641,2641,1,0.9953679,269.7813153957307,46.377575722525876,776.4513224511958,0.965236541834459,-0.07911256342420714,-0.37374547123908997,-0.05870479345321655,-0.9256716966629028
2642,2642,1,0.9954521,272.631009567976,47.02670625186727,783.7256890037191,0.9607595250870282,-0.07257510093112991,-0.3715564012527466,-0.05665804073214531,-0.9266799688339233
2643,2643,1,0.9955323,269.9540045632704,46.073160619991505,776.7149076709296,0.9559235728470105,-0.06951226513883203,-0.3692293167114258,-0.054930176585912704,-0.9277135133743286
2644,2644,1,0.9953324,265.96409786699735,45.93779869353375,763.3262182100378,0.9528304095181592,-0.06008378840204647,-0.36936071515083313,-0.052338942885398865,-0.9278110861778259
2645,2645,1,0.99492836,261.86824298344067,45.795490085013654,751.3318921305572,0.9495275849200355,-0.04994262995312969,-0.3686988353729248,-0.049303088337183,-0.9282404780387878
2646,2646,1,0.9940864,263.83819963953556,46.45096165165074,757.1326894616356,0.9490872607720753,-0.054123214609466785,-0.36789262294769287,-0.05123427137732506,-0.9284557700157166
2647,2647,1,0.9943469,261.77129145047314,45.9753226026077,751.4752656291251,0.9029936016770647,-0.10715894793581986,-0.339206725358963,-0.06990218907594681,-0.9381111264228821
2648,2648,1,0.99480444,257.99002117507695,46.37097616096992,739.1089201545228,0.8202359644567082,-0.1583476160612463,-0.28730663657188416,-0.09016828238964081,-0.9535850882530212
2649,2649,1,0.9952858,266.7617586261959,46.97243188847816,759.1727524171652,0.6751177401090815,-0.1288298147857376,-0.20019055902957916,-0.076764315366745,-0.976745069026947
2650,2650,1,0.9976031,249.80947458192296,45.12755029637177,705.6013242071102,0.49976692087644337,0.14226888285733796,-0.0697694793343544,0.03703508898615837,-0.9968754053115845
2651,2651,1,0.99647224,253.7563625417408,41.260797694364776,693.776071983259,0.2527436798813951,0.33969345131337053,0.11701007932424545,0.1381550133228302,-0.9834743738174438
2652,2652,1,0.9982589,272.475696317717,37.0725187101297,722.0115796979749,-0.03674826751481645,0.5695325654479462,0.2947726547718048,0.23626594245433807,-0.9258982539176941
2653,2653,1,0.9990101,282.9354992844812,35.22535514031508,735.4308480628712,-0.20657501279143894,0.8241922693019493,0.37963902950286865,0.3282529413700104,-0.8649417757987976
2654,2654,1,0.9987639,292.70421305148506,35.05627213448196,745.7155371141899,-0.20767072472435372,0.8208641715055277,0.36483004689216614,0.3248559534549713,-0.872563898563385
2655,2655,1,0.9978315,303.7690971291777,35.335679545383755,767.5521250644966,-0.21461019185734825,0.8774226381724965,0.34581196308135986,0.3383032977581024,-0.875194251537323
2656,2656,1,0.9983791,299.45410838838455,37.224796619861976,748.3974582332802,-0.16112904576724302,0.9146205560825911,0.32408270239830017,0.3595627546310425,-0.8750343322753906
2657,2657,1,0.9986325,303.83207039551706,38.691358300188035,751.6671908510683,-0.14790042474517853,0.9527404789487474,0.30809834599494934,0.37182703614234924,-0.8756826519966125
2658,2658,1,0.9986358,302.5922666935564,41.87385349399017,741.3233760261645,-0.10967276602702657,0.9711005184086525,0.288191020488739,0.38128894567489624,-0.8783875703811646
2659,2659,1,0.996256,313.29912569443326,44.13399017203212,757.5188610893052,-0.12005100804430263,1.0072548631595353,0.2754470109939575,0.38564762473106384,-0.8805707693099976
2660,2660,1,0.995689,315.49359608295555,45.30064589758994,753.9740418461721,-0.1290501027916385,1.0192168715285168,0.2795317769050598,0.3901495039463043,-0.8772943019866943
2661,2661,1,0.99489105,315.36199082699164,46.798470829357115,749.2981516522703,-0.1395523868560654,1.014455219780358,0.2885129451751709,0.38830283284187317,-0.875203549861908
2662,2662,1,0.99538076,318.72094460727294,46.706335064579854,755.9929691716376,-0.15847766741002206,1.0146097847443087,0.2944096624851227,0.38496601581573486,-0.8747137784957886
2663,2663,1,0.99686915,318.10542708439533,46.40590649241717,754.9010970673481,-0.16582838181305173,1.004915138535091,0.3005674481391907,0.3818052113056183,-0.8740045428276062
2664,2664,1,0.9968172,320.93878241960243,44.93532763538523,767.3175829254515,-0.17955507993636816,0.9957394083950514,0.30172160267829895,0.3744618594646454,-0.8767796158790588
2665,2665,1,0.9969343,319.6560781933969,45.25645128202169,770.8125443259423,-0.17456844728354926,0.9672011235709493,0.29990169405937195,0.3624405860900879,-0.8824374675750732
2666,2666,1,0.997246,314.23361522315315,44.11233146401853,766.1355980190968,-0.14553024644434362,0.9459752746825524,0.2900282144546509,0.35861125588417053,-0.8872889280319214
2667,2667,1,0.99814117,315.8681528870673,43.72463031965915,772.7170168596795,-0.1240015843243772,0.9292394076035726,0.27248021960258484,0.3513410687446594,-0.8957198262214661
2668,2668,1,0.9956815,306.36515977599424,44.03696117993758,756.6308684928275,0.047001946165886495,0.880623093981956,0.17444239556789398,0.34331658482551575,-0.9228779077529907
2669,2669,1,0.9961784,297.7260617142659,42.2641103616119,745.3925104749861,0.3035068431641723,0.6003637842829886,0.0045962268486619,0.23518380522727966,-0.9719399809837341
2670,2670,1,0.9949334,292.7227066007411,43.21342681518964,751.3721691576538,0.4838544833052825,0.3929831739098981,-0.11800764501094818,0.14017191529273987,-0.9830697178840637
2671,2671,1,0.9949173,279.96669930984575,44.16658545547072,740.0765814245104,0.6844472397065621,0.18856273049342845,-0.2394774854183197,0.04971301183104515,-0.9696283936500549
2672,2672,1,0.9985221,276.5124943449221,45.77246657298613,744.3408902047431,0.8721773809420388,-0.036988134671112644,-0.3438456058502197,-0.04387916624546051,-0.9380004405975342
2673,2673,1,0.99619377,290.0224032257792,50.61502128815395,791.0676477146159,0.9968375127709143,-0.24734909587502918,-0.39574021100997925,-0.11763694882392883,-0.9107969999313354
2674,2674,1,0.9938415,273.93302155426136,51.18444503605637,754.9444062849929,1.0151314054929,-0.311676220937221,-0.4008450210094452,-0.14497771859169006,-0.9046019315719604
2675,2675,1,0.9955083,278.8373653846382,51.3721573421393,770.4016693445506,1.013264942202382,-0.3605094187917038,-0.3953019976615906,-0.1582610011100769,-0.9048147797584534
2676,2676,1,0.9963503,264.78951332187125,48.872586875061984,734.4076122777295,0.9803922594398564,-0.3437098571367981,-0.38010308146476746,-0.15771177411079407,-0.9113993048667908
2677,2677,1,0.9952467,265.0768448525177,47.367475895402926,733.9941183912689,0.9728591938723864,-0.3224944288013699,-0.3778516948223114,-0.14890281856060028,-0.9138140678405762
2678,2678,1,0.99504757,270.4340847146542,47.74345393006961,747.5765572243945,0.961661456422283,-0.2731133263518875,-0.37447822093963623,-0.1302000731229782,-0.9180490374565125
2679,2679,1,0.9946156,261.93186295711075,47.15009367715052,725.3857857778597,0.9590076697232197,-0.226440541892128,-0.37611785531044006,-0.11684189736843109,-0.9191753268241882
2680,2680,1,0.99561065,265.8424336786664,47.123290616712666,736.369166645445,0.9622686306515402,-0.19966000095367667,-0.37887004017829895,-0.10566974431276321,-0.9193972945213318
2681,2681,1,0.99667704,272.1718285398213,47.51727130816653,747.7627338686133,0.9354560762861966,-0.21618495421499442,-0.36494800448417664,-0.11043497174978256,-0.9244550466537476
2682,2682,1,0.997253,270.21937300184845,47.09758837445394,740.016490823787,0.8784726916721909,-0.1945719174911695,-0.3345249891281128,-0.10365729033946991,-0.9366686344146729
2683,2683,1,0.9978023,285.690158911895,49.028948591872656,770.3211513539235,0.752645217921685,-0.11372087346474188,-0.2695111334323883,-0.0730149894952774,-0.9602252840995789
2684,2684,1,0.9974291,280.66651970263405,49.98545918860128,745.8964846184978,0.5566779808081552,0.11288239673551298,-0.14828726649284363,0.014718127436935902,-0.988834798336029
2685,2685,1,0.9968015,292.26079397603434,48.88830888973385,757.2936454226151,0.30057543361381833,0.33357473854233,0.018627068027853966,0.11261318624019623,-0.9934643507003784
2686,2686,1,0.99560827,295.45092757529534,45.02665573903033,748.4802739212714,0.08081689391379843,0.6081884240317795,0.17274782061576843,0.23653894662857056,-0.9561419486999512
2687,2687,1,0.99396604,299.5929629397961,42.704874787672196,750.8532049544277,-0.10182421596439271,0.9420232406331674,0.2846125066280365,0.36527714133262634,-0.8863229751586914
2688,2688,1,0.99582374,305.54959170229546,42.96890777437611,759.9804267449348,-0.15589775459429694,0.9476022867275465,0.3089815676212311,0.3613618314266205,-0.8797431588172913
2689,2689,1,0.9955171,298.5855275086775,44.43310844129687,739.8554331833762,-0.1813373102046981,0.9351441703880267,0.3416144847869873,0.3610450327396393,-0.8677246570587158
2690,2690,1,0.9920494,312.23324001360334,44.454222897213434,771.357277113082,-0.2597664731307373,1.0215979931201868,0.35823631286621094,0.3763798773288727,-0.8544033169746399
2691,2691,1,0.99390805,310.2790601855325,43.41722733484878,757.8515383339932,-0.2656947128136435,1.0660148550836943,0.3672332763671875,0.3977971076965332,-0.8407717943191528
2692,2692,1,0.9959883,318.1925047319039,42.90014476718991,771.3697087358347,-0.29783093949864614,1.100581886134898,0.37046200037002563,0.4035130739212036,-0.8366213440895081
2693,2693,1,0.9968587,324.00949671531197,43.32884348328258,779.4967403171448,-0.31822402238914604,1.1637997255416244,0.3701041042804718,0.42018744349479675,-0.8285321593284607
2694,2694,1,0.99800986,320.3653446746383,43.092277492378194,763.1022476720651,-0.2727472279362581,1.1815914371850378,0.35302412509918213,0.43636488914489746,-0.8276228904724121
2695,2695,1,0.9979394,325.07496340268466,44.06115906497806,767.6331081064245,-0.2515244340602802,1.2044243037114428,0.3326475918292999,0.44333377480506897,-0.8323465585708618
2696,2696,1,0.99792385,319.56087812824853,43.74045629916757,749.2148574378328,-0.18909235718056186,1.1834968028662105,0.30788177251815796,0.4489135146141052,-0.8388596773147583
2697,2697,1,0.99791616,324.9428680182278,44.556270784496654,757.7087105853342,-0.15557548783193512,1.1800726831365813,0.2776670753955841,0.44575655460357666,-0.8510006666183472
2698,2698,1,0.99722856,319.7827592834297,45.09578753184885,745.2671679765252,-0.09425449914492239,1.1178574446655787,0.2501027584075928,0.4322928488254547,-0.8663553595542908
2699,2699,1,0.9962185,317.7964009740319,45.19845922806189,738.8202594560886,-0.059539149196101676,1.09574770655433,0.23174439370632172,0.4288720190525055,-0.873134195804596
2700,2700,1,0.9962842,317.488584948647,45.3772623431906,737.0313527451153,-0.056693771933295896,1.0958832682103898,0.23069782555103302,0.42972084879875183,-0.8729940056800842
2701,2701,1,0.99642354,319.56128692104056,45.79389068527453,740.9175012758154,-0.06973261758029578,1.1289050525638755,0.23470543324947357,0.43880999088287354,-0.8673864006996155
2702,2702,1,0.9959351,320.01343347894453,46.07541068310446,740.0514425682599,-0.16210000482486972,1.2491021738798205,0.29057085514068604,0.47524476051330566,-0.8304884433746338
2703,2703,1,0.9959651,324.0733943159687,46.0155672456489,752.6881047869018,-0.24208962966790942,1.366295271108417,0.32566675543785095,0.5013954639434814,-0.801588237285614
2704,2704,1,0.99615115,324.1186815829033,46.329900694716,754.0370204574621,-0.29839073677932915,1.4565472919930567,0.35342472791671753,0.5229337215423584,-0.7756489515304565
2705,2705,1,0.9957053,322.1577710201479,46.64269784571118,747.9999465097636,-0.326553967063428,1.5304604503407242,0.3692302107810974,0.5440230369567871,-0.7534639835357666
2706,2706,1,0.9961965,320.49963146532036,46.6127601246555,746.4573960183134,-0.33240000610178316,1.5215210826677654,0.37533923983573914,0.5412083864212036,-0.752471923828125
2707,2707,1,0.99663144,326.2216437242835,46.734664852636485,764.0918728062367,-0.3291993457894287,1.488305805827832,0.3635099530220032,0.5244348645210266,-0.7699536085128784
2708,2708,1,0.9975979,322.79379111676286,46.94621074940232,754.3115070467957,-0.2748576477170393,1.3906687476091009,0.3449386656284332,0.5041442513465881,-0.7917422652244568
2709,2709,1,0.99789435,324.52808745159723,48.31826095773469,757.6685735377887,-0.22181655502385353,1.3070381711139325,0.31464776396751404,0.4795244038105011,-0.8191783428192139
2710,2710,1,0.9973882,325.9761007665161,47.51072757094544,765.083371030188,-0.21453936751859007,1.2713134294541697,0.3076314330101013,0.46585705876350403,-0.8296627402305603
2711,2711,1,0.9973449,324.87660613846214,47.39857986566559,763.4022984598413,-0.19909156234990136,1.2746155892328523,0.299753874540329,0.46875903010368347,-0.8309107422828674
2712,2712,1,0.9980586,325.5791109557625,47.91822170109814,766.2547701061517,-0.22316406749474166,1.3047432239433197,0.3114907145500183,0.4749979078769684,-0.8230131268501282
2713,2713,1,0.9982022,323.04878437070647,46.33603363564012,765.3801586917234,-0.2473024044521578,1.3258506435215263,0.3278501033782959,0.48136425018310547,-0.8128977417945862
2714,2714,1,0.9976623,331.59583147743837,45.683848332599155,787.1784955739485,-0.3109791457448003,1.346750608644482,0.3470231294631958,0.474654883146286,-0.8088743686676025
2715,2715,1,0.998147,319.38599036533856,45.063130487167314,763.0386668700763,-0.2998269274350494,1.22730614114245,0.3681459128856659,0.44704073667526245,-0.8152442574501038
2716,2716,1,0.9976835,318.8040372218907,43.70318452342901,761.0096308548367,-0.2907195575056081,1.116537218932692,0.3691626191139221,0.41316577792167664,-0.8324740529060364
2717,2717,1,0.9980574,322.067299266567,42.796441066128615,770.7249347295682,-0.2841631801945555,1.0271901483646304,0.3614861071109772,0.38048407435417175,-0.8512107133865356
2718,2718,1,0.99782556,322.0627088475129,43.1861534777866,773.0619667955006,-0.28501724023532543,0.9298252021431159,0.36467480659484863,0.3449602723121643,-0.8648784756660461
2719,2719,1,0.99476445,310.13486681116973,42.58646653037227,753.4083951538347,-0.26157426126588235,0.9273135658733386,0.37204498052597046,0.35179129242897034,-0.8589677214622498
2720,2720,1,0.99341846,302.58734879419654,44.369967029856696,747.4093180992454,-0.24332083309419353,1.0389030443552718,0.36800068616867065,0.39196738600730896,-0.8431708216667175
2721,2721,1,0.9942502,310.29647756795055,44.33552851025528,778.6225356742949,-0.2889486383156576,1.1978231917570934,0.3670921325683594,0.43026334047317505,-0.8246919512748718
2722,2722,1,0.9987953,310.1184336609876,44.14629522381289,793.2914886499248,-0.34902037443355205,1.2230005474238403,0.39379459619522095,0.42739149928092957,-0.8137950897216797
2723,2723,1,0.9976833,299.34344538429485,43.48321905276441,777.2276539431253,-0.3341580571363371,1.0823109062242895,0.40919575095176697,0.3880224823951721,-0.8258313536643982
2724,2724,1,0.9964804,298.0012817507898,43.699196791485804,781.2783401435759,-0.31889629217838417,0.9661881944896658,0.4050843417644501,0.34787046909332275,-0.8455133438110352
2725,2725,1,0.99740195,297.81358576700376,42.9758306153688,780.5851629442664,-0.2749717688822602,0.771129611111215,0.386753648519516,0.2827039659023285,-0.877781331539154
2726,2726,1,0.9972318,297.9139445631449,43.8598905442507,783.332596372661,-0.2477478821633172,0.5821855216537147,0.3736220598220825,0.21274809539318085,-0.9028537273406982
2727,2727,1,0.9979634,298.10791966284296,43.82910868253892,781.6784037593097,-0.22523993503196155,0.4173858059958016,0.3625996708869934,0.15199755132198334,-0.9194662570953369
2728,2728,1,0.9986161,298.92117449567826,44.46430045638999,783.2231397300246,-0.21883598268222618,0.3140177978030786,0.3576449751853943,0.11217736452817917,-0.9270957112312317
2729,2729,1,0.99884677,301.08184568685374,45.447048655286515,788.6092973084627,-0.22382199365483801,0.22215475296407766,0.3558395206928253,0.07611336559057236,-0.9314424395561218
2730,2730,1,0.9982534,307.23773671507894,45.848473362433765,803.5646163971095,-0.27780950193443665,0.15531224618353542,0.3735997676849365,0.0506642684340477,-0.9262053370475769
2731,2731,1,0.9955445,314.730264291121,46.82488082147131,823.6890930738618,-0.34518596385482836,0.05447670494585817,0.39319199323654175,0.014329608529806137,-0.9193447232246399
2732,2732,1,0.99734074,307.11359966127293,48.03984086646832,809.1174143931286,-0.32694610014766373,0.0721520017852407,0.3975185751914978,0.018928179517388344,-0.9173988699913025
2733,2733,1,0.9965403,314.10412620494253,48.2832138875741,832.2371499926975,-0.3968246546296359,0.06368291061379815,0.4171290397644043,0.016470933333039284,-0.9086980223655701
2734,2734,1,0.99659675,298.14337982603394,47.806688438917064,789.1177626508305,-0.3750899609827248,0.052584897171168585,0.4405798017978668,0.013419823721051216,-0.8976131677627563
2735,2735,1,0.99601126,305.5599168819602,48.109080696301326,810.2379010246174,-0.4404286538823525,0.03923069772675983,0.4564427435398102,0.009377430193126202,-0.8897033333778381
2736,2736,1,0.9949174,304.08873557745835,48.49280616235984,806.587226487808,-0.4539336490044663,0.0068005209508256005,0.4654741883277893,-0.001742032472975552,-0.8850597739219666
2737,2737,1,0.9949917,305.79144394424054,49.52329196856578,815.5244263028379,-0.5026951839347548,-0.055998984245725025,0.4815031588077545,-0.022520190104842186,-0.8761549592018127
2738,2738,1,0.99723876,307.15365688500157,50.07219877762359,822.3030083662152,-0.5483152519811142,-0.0770832797150146,0.49739643931388855,-0.028605887666344643,-0.8670516014099121
2739,2739,1,0.9973205,305.57577679479203,49.68436376389261,819.8459072690804,-0.5653791107744678,-0.08805681088188687,0.5071403384208679,-0.03126150369644165,-0.8612963557243347
2740,2740,1,0.99789387,306.3273104486587,49.4331864235809,823.6503933592209,-0.5734493427694926,-0.1390998654003725,0.5068551301956177,-0.04674660414457321,-0.8607628345489502
2741,2741,1,0.99823195,300.2584302440309,48.734369031686754,807.4351225243869,-0.5496944164127199,-0.2180595220764899,0.5066626667976379,-0.0723276361823082,-0.859105110168457
2742,2742,1,0.9986333,297.5974495698113,49.38807213399335,800.4990707088392,-0.5096873500353908,-0.2785587898949674,0.49214988946914673,-0.0941842570900917,-0.8654004335403442
2743,2743,1,0.99794406,293.9760672117656,49.541841876248235,783.6054360059406,-0.4334547249940499,-0.2969298464892014,0.4668525755405426,-0.10518085211515427,-0.8780578970909119
2744,2744,1,0.99801695,302.01895704851006,48.79185410076807,796.7833776993126,-0.4180899214427407,-0.3269203709287086,0.44501394033432007,-0.11373082548379898,-0.8882724642753601
2745,2745,1,0.9981205,295.49233483436734,47.83429442472146,769.5811873292565,-0.33071251314395295,-0.27168192066649266,0.420794814825058,-0.10118015110492706,-0.9014955759048462
2746,2746,1,0.99880123,304.10378138797165,48.43161190613847,791.0401877048415,-0.3459176136054385,-0.18946752245454115,0.413189560174942,-0.07175784558057785,-0.9078134894371033
2747,2747,1,0.99845564,301.50573441477474,47.91830898299094,776.7769432783429,-0.2997481391093393,-0.016634118696445856,0.4012502431869507,-0.012854269705712795,-0.9158782362937927
2748,2748,1,0.99571425,299.03769242563635,46.66833175599732,760.6276373383402,-0.27917113618947736,0.2480212446429548,0.40283769369125366,0.08701163530349731,-0.9111260771751404
2749,2749,1,0.996505,303.24350222040346,46.02739961355118,765.6077366908062,-0.317895710970411,0.5607461345557485,0.4166359007358551,0.2047717273235321,-0.8857105374336243
2750,2750,1,0.99743336,312.7554144532457,46.10732671426471,799.9245666546495,-0.4505519092857079,1.0385292936098605,0.449551522731781,0.35615119338035583,-0.8191823959350586
2751,2751,1,0.9978656,304.5641499773256,45.44442113821515,787.6563270716,-0.5102078765956589,1.4941512367100764,0.4679626524448395,0.4917668104171753,-0.7342863082885742
2752,2752,1,0.995994,298.3165965670677,46.90435718455294,779.9709022739634,-0.5305945419796676,1.6500124696433804,0.47597089409828186,0.5316153168678284,-0.7005975246429443
2753,2753,1,0.99556917,296.3575934144131,45.93792289607205,779.8902514720381,-0.49167897210558076,1.4139486781064554,0.4745093584060669,0.4717414677143097,-0.7431694865226746
2754,2754,1,0.99543035,293.8843716880087,45.887368272513356,779.1994625942134,-0.4495054161806885,1.2391230168292164,0.46643272042274475,0.42371946573257446,-0.7764678597450256
2755,2755,1,0.9956436,286.7954063987908,46.045983843504445,762.9169818997617,-0.3940751509328561,1.0852829355597153,0.4599061906337738,0.3842388689517975,-0.8005291223526001
2756,2756,1,0.99590516,298.26593485501087,46.71043217566058,790.0414134634588,-0.423411750829149,1.0248956154286941,0.45449694991111755,0.353794127702713,-0.8174730539321899
2757,2757,1,0.995667,300.52572629053884,46.76031702669997,792.8111462540984,-0.4289560637612843,0.8921418679398653,0.4585469365119934,0.30862101912498474,-0.8333593606948853
2758,2758,1,0.99660033,294.56400648798837,46.57208613314226,776.8836495780074,-0.4137436740495213,0.7886359620238275,0.4668615460395813,0.27800145745277405,-0.8394971489906311
2759,2759,1,0.9969222,302.7098363145367,46.7173160492321,793.1305621463961,-0.4429412915937959,0.704372873228275,0.4681844711303711,0.2438686639070511,-0.8493123054504395
2760,2760,1,0.99648017,299.64551515312155,45.14501062757265,776.228367234004,-0.40742373355295497,0.599987217298082,0.46283623576164246,0.21408165991306305,-0.8602044582366943
2761,2761,1,0.9955314,301.7932950938927,43.80664700079939,775.0702395711714,-0.39709445895113205,0.5037100853352632,0.4570142328739166,0.181812584400177,-0.8706791996955872
2762,2762,1,0.9954672,306.75833228109695,44.538289988249005,782.2034981441452,-0.41471158478920606,0.404730621257724,0.4585762321949005,0.14396466314792633,-0.876916229724884
2763,2763,1,0.994803,303.7707726404876,44.017523901508184,771.3040496800782,-0.39540534792476556,0.30893453959264927,0.4568108022212982,0.11144103854894638,-0.8825558423995972
2764,2764,1,0.992254,301.8523153612703,43.531673208923756,764.697211303482,-0.3750440167876958,0.18192870750430234,0.45044660568237305,0.06617886573076248,-0.8903473019599915
2765,2765,1,0.99251115,306.23842688879176,43.56218202692427,772.1192494977319,-0.3947346979026991,0.07738954245410758,0.4515269100666046,0.028112147003412247,-0.8918145298957825
2766,2766,1,0.994276,307.7497614958699,43.66432191043193,774.6199465358542,-0.4255139240656586,0.01915984582944458,0.46368080377578735,0.007742541376501322,-0.8859684467315674
2767,2767,1,0.9938957,306.7782723714951,44.282907614307696,771.1280646190344,-0.45615537969019154,-0.0076429111386034695,0.48112753033638,-0.0017834330210462213,-0.8766487836837769
2768,2768,1,0.9928241,303.21500754335426,44.23957400124198,765.7667000113203,-0.47128649423500046,0.00044227445665754315,0.4946829080581665,0.0013999356888234615,-0.869072437286377
2769,2769,1,0.9937862,300.33222058854494,44.222520509011524,760.0744192491456,-0.4735270367811046,0.005628104759086602,0.5014108419418335,0.0032888518180698156,-0.8652030229568481
2770,2770,1,0.99519074,304.51736681677977,43.63587114366661,773.5538902991675,-0.5158982272957621,-0.010469193887712225,0.5105307102203369,-0.0007607085281051695,-0.8598592281341553
2771,2771,1,0.99544996,311.25479785029387,44.20556511712937,789.458704670927,-0.5448977613876087,0.028002971298897002,0.5109224915504456,0.012085442431271076,-0.8595418930053711
2772,2772,1,0.99487793,313.35401153890524,44.5004814103923,796.649422582259,-0.5447918159757423,0.1881539125218224,0.5080102682113647,0.0657319724559784,-0.8588392734527588
2773,2773,1,0.9957373,307.9813905936077,44.15981798674405,786.6627312367937,-0.5071794488559702,0.3784740551232481,0.5010992884635925,0.13277119398117065,-0.8551440238952637
2774,2774,1,0.9958916,308.08709529740133,45.00301738567529,790.8857215882514,-0.48891565051644176,0.5511993474555695,0.48916712403297424,0.1918400526046753,-0.8508307337760925
2775,2775,1,0.9964959,305.5518832274681,44.57008044960775,782.9540681017585,-0.47014727322329786,0.5976689649910434,0.4855705797672272,0.21060818433761597,-0.8484488129615784
2776,2776,1,0.99713445,298.77865323040464,43.97319531630763,768.7454006391989,-0.46194119286157015,0.6036733865988253,0.49467381834983826,0.21600283682346344,-0.8418079614639282
2777,2777,1,0.9960955,293.0511091669065,44.16113413765732,758.0508238892345,-0.4470202245663972,0.6431372957826966,0.4973311722278595,0.23222708702087402,-0.8359020352363586
2778,2778,1,0.99592555,295.0653485160823,44.35829284037927,763.3520671424367,-0.4624202216245668,0.6324727705478989,0.5006007552146912,0.22647035121917725,-0.8355298042297363
2779,2779,1,0.9959435,290.4205783076095,44.45999523554269,754.0642910314021,-0.4721742837373549,0.3781927159206844,0.5169017314910889,0.13607250154018402,-0.8451608419418335
2780,2780,1,0.99525684,290.90902542135603,43.87731291692355,756.7705214309918,-0.5164316653979817,0.10445238843123855,0.5335513353347778,0.038849763572216034,-0.8448749780654907
2781,2781,1,0.99646664,291.28489524042726,43.21994042613622,756.5738609739916,-0.5613916908001179,-0.1152873583209752,0.5481186509132385,-0.0347154401242733,-0.835679829120636
2782,2782,1,0.99799347,293.3160340257352,42.92570359653589,764.9510506848223,-0.6086699897824805,-0.19900639676704446,0.5595401525497437,-0.05993662774562836,-0.8266332149505615
2783,2783,1,0.99780554,292.324516264033,42.66240626983056,762.6601971457327,-0.6351372090274242,-0.3071775418772049,0.5682099461555481,-0.09301944822072983,-0.8176092505455017
2784,2784,1,0.9980527,292.965138887205,42.51947568119811,763.9198669596689,-0.6471063866895517,-0.32160458325497027,0.5713202953338623,-0.09671944379806519,-0.815008282661438
2785,2785,1,0.99765754,286.93291318550774,42.19503127016354,747.6125643743836,-0.6484083186270225,-0.4152565422375919,0.5803922414779663,-0.12645958364009857,-0.8044580817222595
2786,2786,1,0.99717194,294.6863289323962,42.58538938562523,769.202861891728,-0.7164478033053548,-0.4312503756961036,0.5894313454627991,-0.12600772082805634,-0.7979303002357483
2787,2787,1,0.9967991,292.2920437717767,42.17054811864942,762.0292580220686,-0.6905780809317117,-0.25875345766278635,0.5923917293548584,-0.07487229257822037,-0.8021634817123413
2788,2788,1,0.9969932,287.8674889004289,41.577341061865496,749.2711660677179,-0.6258988424216079,-0.12026740004147114,0.5817366242408752,-0.03268329054117203,-0.8127203583717346
2789,2789,1,0.9967734,286.8467592297135,41.360684746565575,746.2293327197705,-0.5520737316987077,0.054216808849194914,0.5576009750366211,0.024946311488747597,-0.8297342658042908
2790,2790,1,0.9966273,296.92235703214334,42.04430599476683,772.3516369655632,-0.5267580782363412,0.2862130976230122,0.5268650650978088,0.10364395380020142,-0.8436060547828674
2791,2791,1,0.997546,295.8592222156721,42.7556939216852,771.959592104528,-0.4423959332095922,0.5295472657850467,0.4869347810745239,0.190812349319458,-0.8523409962654114
2792,2792,1,0.9984617,289.56827998094167,42.50675994063549,760.2931396079607,-0.3081869412849588,0.9283042801317815,0.41814520955085754,0.3428914546966553,-0.841177761554718
2793,2793,1,0.997537,289.82957425604553,43.09780846341348,759.6190228888071,-0.20876915730574627,1.1062131676955846,0.35375991463661194,0.4115041494369507,-0.8399513959884644
2794,2794,1,0.99735886,297.7418667930867,43.627949016221784,779.1971629949012,-0.19560589365503128,1.0237985115453292,0.333034485578537,0.3763660192489624,-0.8645442128181458
2795,2795,1,0.9974573,298.2312482808897,42.92709901212732,780.6378936505093,-0.15729526549403558,1.0459888724897548,0.30777233839035034,0.38644540309906006,-0.8694459199905396
2796,2796,1,0.99765044,292.82968505745083,43.34056550229605,768.9968389711162,-0.07376563554920597,1.2601393076218628,0.2571435868740082,0.4677083492279053,-0.8456512689590454
2797,2797,1,0.9978441,294.5030175641829,43.11586316574758,775.1710110128319,-0.019009844607352718,1.4291497459467348,0.2115800529718399,0.5214020609855652,-0.8266642689704895
2798,2798,1,0.9978719,288.56252620992694,42.53637730120834,758.7963104775208,0.0395230065146024,1.5215897824452904,0.1804259717464447,0.5607845187187195,-0.8080638647079468
2799,2799,1,0.99733067,301.6723386650621,43.629086961346935,792.9391740714024,0.02295623695593548,1.5960262497256246,0.16647526621818542,0.5628664493560791,-0.8096094131469727
2800,2800,1,0.9962592,290.03800505309624,43.359941910825505,762.9370986209295,0.065842709643686,1.4423073766744794,0.16360391676425934,0.5349651575088501,-0.8288823962211609
2801,2801,1,0.99670935,290.6350674471826,43.7679162756059,769.2151413497678,0.08405861490677617,1.3911370566938261,0.15146297216415405,0.515712320804596,-0.8432673215866089
2802,2802,1,0.99636394,293.35198679205354,44.41694012129067,775.4456386968536,0.10113363785189897,1.1625879221877022,0.1425376832485199,0.4366830587387085,-0.8882516026496887
2803,2803,1,0.9976993,286.7236648351637,44.03922824157547,757.1507446442374,0.11624346878691487,0.8628480969462258,0.1518370360136032,0.33556053042411804,-0.9297013282775879
2804,2804,1,0.99671125,285.21958055194074,44.529769695559935,754.4684910267441,0.13155981522344978,0.6232549247565159,0.14837972819805145,0.24086278676986694,-0.9591498970985413
2805,2805,1,0.9970722,283.57793891420795,44.05535463581611,750.4802411476245,0.14365234367161808,0.43823499826317414,0.14546523988246918,0.16657817363739014,-0.9752392768859863
2806,2806,1,0.99763536,298.0118606768416,45.018125450111,793.2755840622843,0.11834591245819971,0.37906213996883653,0.13685184717178345,0.13364501297473907,-0.9815348386764526
2807,2807,1,0.9975616,284.43843871654786,44.68210192496525,755.771680144007,0.1527789382123016,0.3621475672781085,0.1375848948955536,0.13317732512950897,-0.9814958572387695
2808,2808,1,0.99580944,281.5212435502679,44.43590189351375,749.2301471279362,0.1086107071769288,0.40527029119138286,0.17434655129909515,0.1529291421175003,-0.9727362990379333
2809,2809,1,0.993947,284.635395513119,44.377446699357336,760.0143333948832,0.06292141792368636,0.539468486179191,0.19822707772254944,0.20547616481781006,-0.9583765268325806
2810,2810,1,0.99380517,289.02403689969304,43.90339146720462,771.9662026969746,0.07083415409684196,0.6366268858242954,0.18234923481941223,0.24161501228809357,-0.9530849456787109
2811,2811,1,0.9948361,278.2206263060221,43.98454788326014,745.9786474594029,0.14785181147166332,0.6149030710842294,0.14791834354400635,0.24053969979286194,-0.9593021869659424
2812,2812,1,0.99395907,279.5712219556982,43.86803419444758,745.4915485460184,0.20829047388073504,0.5079931644358573,0.10324516147375107,0.19619694352149963,-0.9751139879226685
2813,2813,1,0.9958781,300.15768899016945,45.27324570581232,794.8107372649964,0.20787846100022278,0.45588224621575857,0.07056072354316711,0.16184259951114655,-0.9842906594276428
2814,2814,1,0.99350893,287.70852085427697,44.10261723522168,753.2546565792044,0.2090074058152405,0.39658362996810514,0.09194213896989822,0.14789950847625732,-0.984719455242157
2815,2815,1,0.9944319,287.67939549871636,44.163358300060196,754.7933703908502,0.15915019141011522,0.4026717085459902,0.1282094269990921,0.15076258778572083,-0.9802209138870239
2816,2816,1,0.9957675,289.1455042210171,44.264885480977114,754.4921046390467,0.10331296403701812,0.37601426247732017,0.16695678234100342,0.1403806060552597,-0.9759194254875183
2817,2817,1,0.99380434,290.0304910432601,44.99692874809358,753.5511345995392,0.038116688456558426,0.39050229969549516,0.21216027438640594,0.14597809314727783,-0.966270387172699
2818,2818,1,0.99659723,301.2603503218236,45.25638228898257,777.5585432799429,-0.06543696831783616,0.43603231058092895,0.26044002175331116,0.15964840352535248,-0.9521992206573486
2819,2819,1,0.99540037,310.51863348015286,45.91174587319323,799.0426127859647,-0.16212618387158695,0.5129027367014974,0.3028625547885895,0.18355944752693176,-0.935189962387085
2820,2820,1,0.99472,307.2787875521581,46.19197811941367,788.2296165096931,-0.2060568436173459,0.603874898713185,0.33634039759635925,0.21877777576446533,-0.9159756898880005
2821,2821,1,0.9940593,304.5369526665234,45.21226076088656,783.7076175579865,-0.17752895023594578,0.6925036490916615,0.32212698459625244,0.25482386350631714,-0.9117560386657715
2822,2822,1,0.9943303,306.6682145705482,45.9076523988982,794.0202049369649,-0.16517433004174598,0.8218598235458717,0.3054473400115967,0.2989659309387207,-0.9040582180023193
2823,2823,1,0.9931933,299.911556931283,45.9273539315221,776.4775223623539,-0.11720240564253392,0.9360988932208528,0.28619185090065,0.34800979495048523,-0.8927392959594727
2824,2824,1,0.9931792,310.27181151165496,47.29140367589533,800.8517170395565,-0.1062273808179627,1.0886628303276813,0.2547931373119354,0.391786128282547,-0.884072482585907
2825,2825,1,0.9929945,303.14953183308137,47.20641582026369,782.7087313577728,-0.013175187029153526,1.1212951253661982,0.20715191960334778,0.41396668553352356,-0.8864083290100098
2826,2826,1,0.9937145,301.9388143775011,47.15318703946539,781.3428990237131,0.04146811971263436,1.0136336522000147,0.1754997819662094,0.3777470588684082,-0.9091243147850037
2827,2827,1,0.9957392,300.09044288206314,46.69755200322456,778.4283449764924,0.04948631636120979,0.8454405250951084,0.17719006538391113,0.31719765067100525,-0.9316594004631042
2828,2828,1,0.9970374,289.0871900896959,44.725260146374694,753.2219060381298,0.07346744083327647,0.647918580725416,0.1847437471151352,0.25109538435935974,-0.9501688480377197
2829,2829,1,0.99617636,282.4554023052738,42.432042532494094,743.1972843297609,0.10756145524504802,0.4185197552655714,0.17503714561462402,0.1624985635280609,-0.9710593223571777
2830,2830,1,0.99444747,274.25094959826566,41.975703896860026,728.5596919387432,0.14476602477142692,0.24265542741425225,0.16423702239990234,0.09115603566169739,-0.9821999669075012
2831,2831,1,0.99551314,269.6010851111778,42.14885339958317,719.9513572497244,0.13330906171379783,0.14210457296731693,0.18182726204395294,0.04928372800350189,-0.9820947051048279
2832,2832,1,0.99498546,270.8345535068393,45.06664125429621,725.4536022143138,0.07405502886010921,0.08612136230849882,0.22170545160770416,0.0226220041513443,-0.9748512506484985
2833,2833,1,0.9971704,274.14686736205346,46.61039242289064,738.5301844923973,0.06064255824473256,0.053118337166549956,0.22276689112186432,0.007030507083982229,-0.974846363067627
2834,2834,1,0.99760085,267.0350577248178,46.69431594798808,723.3166573011586,0.11979481879252142,0.04681442544762966,0.19449098408222198,0.003055088222026825,-0.9808995127677917
2835,2835,1,0.9962276,264.7451583034726,46.0489941268948,724.247046268973,0.2430174173744676,-0.034651978943958814,0.10699986666440964,-0.03274768218398094,-0.9937196373939514
2836,2836,1,0.99430907,265.98173863628824,46.74926313023517,731.7465412798696,0.38300436425399775,-0.06335771362185788,0.0009034774266183376,-0.048450056463479996,-0.998825192451477
2837,2837,1,0.9946544,262.20020507463374,46.18083282192734,729.7798194368671,0.5427115927570492,-0.1525526273341857,-0.10859066992998123,-0.08642996102571487,-0.9903221130371094
2838,2838,1,0.9960376,262.4883698030507,43.85222506771445,741.9240765719624,0.6795237086366408,-0.213036653433057,-0.19899220764636993,-0.10624027252197266,-0.9742254018783569
2839,2839,1,0.99395835,263.1103084531397,40.235483398596934,752.970068621245,0.815856562469475,-0.23900968073608023,-0.28226742148399353,-0.10982238501310349,-0.9530289173126221
2840,2840,1,0.99347407,259.485713882681,41.0067086513175,744.7986507179454,0.907944402387912,-0.22063996016965792,-0.33676624298095703,-0.1051430031657219,-0.935699462890625
2841,2841,1,0.9954181,263.12683690679285,44.372295651503215,754.314286698111,0.9707465427000748,-0.21327070136493087,-0.3724289536476135,-0.10500433295965195,-0.9221013188362122
2842,2842,1,0.9954656,272.65550261738235,46.56278085908068,783.6248256470958,0.980495857190584,-0.20566626590876202,-0.3756641447544098,-0.10118907690048218,-0.9212150573730469
2843,2843,1,0.9959657,266.9732190230625,47.917814077855176,764.8837470141372,0.9715441676190949,-0.1987645840819142,-0.3730720281600952,-0.10285470634698868,-0.9220836162567139
2844,2844,1,0.99499375,264.14673651076765,47.69523530954181,757.020181868873,0.9622649668878315,-0.21656369636089365,-0.3673975169658661,-0.10981954634189606,-0.923557698726654
2845,2845,1,0.99606436,265.69385308445067,47.42431766661744,760.9016312040939,0.9581823465351209,-0.22667653358300607,-0.3646720051765442,-0.11243648827075958,-0.9243226051330566
2846,2846,1,0.9959941,262.78651721578456,46.977396437854885,750.4452044564724,0.9417097502969273,-0.20646489405406168,-0.35782507061958313,-0.10646183043718338,-0.9276999235153198
2847,2847,1,0.99523854,263.7322928294205,47.279138135480025,753.4858071705022,0.8766654370671789,-0.2440351622726854,-0.31848251819610596,-0.11995299160480499,-0.9403085708618164
2848,2848,1,0.99519956,263.07137750190265,47.30883358783677,750.0779871296259,0.705630780184645,-0.1605470473436195,-0.21674415469169617,-0.09029895067214966,-0.9720432758331299
2849,2849,1,0.9932052,260.5251654118067,47.44619886896127,737.6039787420863,0.5251939551551348,-0.03368266237293719,-0.09589371085166931,-0.04014819487929344,-0.9945815205574036
2850,2850,1,0.9973303,258.900044828283,45.19314226556139,717.4559318240221,0.43061476508506835,0.08465517048132311,-0.02775975875556469,0.013604997657239437,-0.9995220303535461
2851,2851,1,0.9939454,259.89346402164546,42.87020318019467,700.5087451954322,0.2480858182574745,0.24549600594125384,0.11160379648208618,0.09274276345968246,-0.98941570520401
2852,2852,1,0.99778396,282.9570968862343,40.93541736093795,745.0574505307776,0.00574761398258604,0.49026213028533294,0.24523280560970306,0.19363705813884735,-0.9499292373657227
2853,2853,1,0.9976661,286.7965674737637,41.558838551786465,741.1789535242898,-0.11512985422296335,0.6499733334497099,0.32062968611717224,0.25614500045776367,-0.9119135737419128
2854,2854,1,0.9976133,297.1972943912787,41.128685681427264,760.699967335001,-0.1697252094788985,0.7309181944873531,0.33340826630592346,0.28091275691986084,-0.89995938539505
2855,2855,1,0.9980921,293.6056078093374,39.9447600343398,746.0626356432971,-0.195007098670715,0.8293862934061017,0.3563500940799713,0.32294413447380066,-0.8767677545547485
2856,2856,1,0.99766445,297.48587604319135,38.69504324793173,749.360706447228,-0.2565143956912966,0.9725103551227602,0.3823946416378021,0.3720666766166687,-0.845778226852417
2857,2857,1,0.99804807,303.90029134891444,37.326553518211234,763.3048496401625,-0.3427855024165091,1.1063724063476403,0.4127190411090851,0.4082106351852417,-0.814264714717865
2858,2858,1,0.99872917,303.6667239559945,36.129228954178814,760.8490948378441,-0.3894018446531356,1.149378213294451,0.43671196699142456,0.42027437686920166,-0.7953943610191345
2859,2859,1,0.99871635,305.0938867681721,37.01411745005214,766.3243629989071,-0.42221409590432146,1.1518925600721914,0.45011162757873535,0.4152173101902008,-0.7905656695365906
2860,2860,1,0.99871624,309.145824669581,37.238590236359265,777.2440481876296,-0.4335175111764787,1.0871738096663475,0.45040151476860046,0.3898022472858429,-0.8032389283180237
2861,2861,1,0.99822,312.6335441734935,36.12947669583018,786.8576688356661,-0.4211224711847994,0.9926166321582897,0.4402465224266052,0.35819071531295776,-0.8233361840248108
2862,2862,1,0.9980059,299.51280111722707,35.808142693563916,756.0578407134691,-0.35068936010254803,0.8718271832694059,0.4340451657772064,0.3308086395263672,-0.8379561305046082
2863,2863,1,0.9977737,302.4057760731237,36.01067328331657,766.5137457691925,-0.3498245638273446,0.8441617040313173,0.4268333613872528,0.3178030848503113,-0.8466489911079407
2864,2864,1,0.9986333,298.8798779681335,36.09009124261862,761.6442881084926,-0.34800261670385274,0.8423396153633683,0.4317249357700348,0.31822511553764343,-0.8440061807632446
2865,2865,1,0.99888307,288.6068938567363,36.575016619164565,745.2371768188082,-0.34673901506348576,0.8605935719922454,0.44857725501060486,0.3280024528503418,-0.8313801288604736
2866,2866,1,0.99783534,289.10277245127514,36.799042440712604,748.0310031371279,-0.40597129009550514,0.8891033952787738,0.47698912024497986,0.3324032723903656,-0.8136273622512817
2867,2867,1,0.99833786,291.5870985064749,37.70750992905073,759.633744384821,-0.4594696807544208,0.889857407951644,0.4959988594055176,0.3241485059261322,-0.805551290512085
2868,2868,1,0.99820054,288.62905282551225,38.93007018139275,752.6185024403749,-0.4602718829974398,0.8640860536625574,0.503674328327179,0.3155727982521057,-0.8041927218437195
2869,2869,1,0.99877805,298.42472226340493,38.96917525498663,780.7237829158262,-0.4833538856473618,0.8504547987304244,0.4928337633609772,0.3025605380535126,-0.8158259987831116
2870,2870,1,0.9987232,298.43070058379,39.07344062334143,784.0278143453551,-0.47653229808397946,0.8386349081340221,0.4883584678173065,0.2979840934276581,-0.8201899528503418
2871,2871,1,0.9984231,297.54785405527525,40.18442471275395,784.5809040823257,-0.4286737402274024,0.8383571772193018,0.4655276834964752,0.29952844977378845,-0.8328065872192383
2872,2872,1,0.99841976,290.3789574066024,40.1483891154523,765.3114440387702,-0.37196982743489887,0.8632693984025999,0.4514186978340149,0.31672000885009766,-0.8342119455337524
2873,2873,1,0.9984066,295.17403454606887,39.79055402914764,780.5885611781614,-0.3517211172868105,0.9604478150652039,0.42557647824287415,0.3476153314113617,-0.8354927897453308
2874,2874,1,0.99822944,292.16671873386446,38.80399374649608,771.6547653523835,-0.32055896485190816,1.0834673819330947,0.4104557931423187,0.39514777064323425,-0.8218176960945129
2875,2875,1,0.99830437,293.5237644143915,39.765363747855126,773.4208764171118,-0.31718344467977827,1.2562077420430942,0.3985517621040344,0.44986265897750854,-0.7992371916770935
2876,2876,1,0.99873155,289.37548434339084,39.51534621319643,764.8796343602738,-0.2933897432650989,1.425517086498007,0.3837428689002991,0.5069860816001892,-0.7718203067779541
2877,2877,1,0.99844486,286.1897421604154,38.117511000649436,755.4517151132205,-0.30389087947253507,1.4900557593518402,0.39186814427375793,0.5296413898468018,-0.7522761821746826
2878,2878,1,0.99820924,289.1936008221549,38.236655456185865,765.6793255581514,-0.32703558720577675,1.4853982546759446,0.39792490005493164,0.5216128826141357,-0.7547025084495544
2879,2879,1,0.9981699,289.3746702394307,37.86672216306606,764.9882840151903,-0.31527701820036647,1.3227255885125706,0.4010390639305115,0.47531262040138245,-0.7831000089645386
2880,2880,1,0.998292,288.66781422766076,38.4025044569648,771.0498934792739,-0.29892020084171894,1.0141402115901732,0.4052424728870392,0.37350937724113464,-0.8344275951385498
2881,2881,1,0.99833566,284.28721371599426,39.4144534965395,758.0808345960064,-0.26439653804136515,0.7006340686188325,0.4063722491264343,0.2666388750076294,-0.873936653137207
2882,2882,1,0.99787796,279.99675370944766,39.73562516912644,748.7269885664458,-0.23558890430754528,0.46612561041267,0.402701199054718,0.18043385446071625,-0.8973714113235474
2883,2883,1,0.9978544,284.04381235830647,40.5297057931466,757.0619758144647,-0.2729972619190637,0.1658706701975087,0.41614723205566406,0.06348559260368347,-0.9070783257484436
2884,2884,1,0.9975962,285.2395533577114,40.860583225979816,762.8993828803526,-0.27880589425864627,0.041429688606753744,0.4138513505458832,0.01659373752772808,-0.9101932048797607
2885,2885,1,0.9976763,280.96954514760114,41.421854782843155,750.7984237225261,-0.25494793599427884,-0.08184461777564539,0.40825068950653076,-0.030034206807613373,-0.9123756289482117
2886,2886,1,0.9973259,284.0084089067001,41.51925018022981,760.0625046841918,-0.26508524385268356,-0.10613857368705135,0.4059021472930908,-0.03837684169411659,-0.9131104946136475
2887,2887,1,0.9961373,295.83405516539295,41.94360342745165,789.5268704755364,-0.3163504826014428,-0.09471790370836329,0.40880921483039856,-0.032385021448135376,-0.9120451211929321
2888,2888,1,0.9962412,290.5238931334284,41.54333100325502,775.3123046047309,-0.2956462506249492,-0.058454716415086004,0.41013917326927185,-0.0200385432690382,-0.9118028283119202
2889,2889,1,0.9960975,283.8136164901903,41.329367811873816,757.0333353998936,-0.26603541329216357,0.005377262406706059,0.4103451073169708,0.002533561550080776,-0.911926805973053
2890,2890,1,0.99720037,284.1519728711003,40.05868572939434,753.1267434312819,-0.25208458039946413,0.10418822006524359,0.4053472876548767,0.04091373458504677,-0.913246750831604
2891,2891,1,0.99812,290.5398771611942,40.04086064153311,770.6642229188029,-0.27629116122376085,0.19356210265705032,0.40495291352272034,0.07362845540046692,-0.911368191242218
2892,2892,1,0.99820006,288.51248492852545,38.9917463134938,763.8245406220402,-0.23416520180567724,0.3147083940025786,0.38631922006607056,0.12133818119764328,-0.9143492579460144
2893,2893,1,0.99750745,295.1030288707484,37.46374993395156,778.4209362032778,-0.22776015522066784,0.499154695479878,0.36756226420402527,0.19096064567565918,-0.9101824164390564
2894,2894,1,0.9975963,281.6164394861171,37.14633721400988,742.70368242323,-0.1858355064903621,0.7248290052602695,0.36859792470932007,0.28674155473709106,-0.8842595219612122
2895,2895,1,0.9972228,286.5503708253641,36.19121164875127,751.4730577395943,-0.24807198920343082,1.1185237313446137,0.38173654675483704,0.4228661358356476,-0.8218646049499512
2896,2896,1,0.9985575,273.3323496147755,35.62974653695603,710.8090468820102,-0.3188928884381507,1.5784934318144115,0.4222296178340912,0.5730231404304504,-0.7024007439613342
2897,2897,1,0.9984047,280.8226401941015,34.30637008242302,725.5531855058166,-0.5462599991687112,2.30895577817051,0.45781224966049194,0.7001125812530518,-0.5479510426521301
2898,2898,1,0.9980027,280.93122653936973,34.618959891876564,724.060691588089,-0.7051870268799085,3.3493221688021264,0.428840696811676,0.8177393078804016,-0.383924663066864
2899,2899,1,0.9979728,282.11203853258957,33.898227620518256,717.3203008798711,-0.7241868097542323,3.71175994712507,0.40585073828697205,0.8496659398078918,-0.3366794288158417
2900,2900,1,0.99806994,289.4452712709158,33.611305712037,737.1454800597595,-0.7141213702082871,3.365988210676046,0.42284899950027466,0.8174390196800232,-0.39114218950271606
2901,2901,1,0.99854964,287.1429417142818,34.85273842748695,730.1573621431284,-0.5162630439234598,2.584384620425252,0.41507115960121155,0.7505307793617249,-0.5142174959182739
2902,2902,1,0.99813914,292.7248965981325,35.263007847583175,741.4908572341936,-0.40964872622658843,1.9155373430391955,0.41387027502059937,0.6365963816642761,-0.6507353782653809
2903,2903,1,0.99814963,295.09525475865235,34.25600651270191,748.2093469956084,-0.3341885788973032,1.482333551902954,0.40126222372055054,0.5331310629844666,-0.744822084903717
2904,2904,1,0.99857426,302.2033715601309,34.46409722169263,766.9617221387703,-0.30776313363071806,1.2382547929531353,0.3866513967514038,0.4549369812011719,-0.8022050857543945
2905,2905,1,0.9986137,292.53257993398347,34.508842034199226,742.4058962385869,-0.2738953950142269,1.0318879832840941,0.3975485563278198,0.3980921804904938,-0.8267271518707275
2906,2906,1,0.99840254,298.8242125228586,34.88865855110709,758.3232796569515,-0.32234193514772636,0.9930169580296186,0.41328078508377075,0.3751830458641052,-0.8297208547592163
2907,2907,1,0.99821895,300.5311182218977,34.58179307966635,765.1703328411367,-0.32000250337142466,0.9672289708423804,0.4082414209842682,0.36449819803237915,-0.8369468450546265
2908,2908,1,0.9981242,291.4625307739962,34.53983841761358,745.960615285906,-0.3085945561150178,0.9033103097907668,0.4222756624221802,0.34857338666915894,-0.8367674946784973
2909,2909,1,0.9980269,290.0187444882111,35.49197631496742,745.348807700268,-0.3358980851942335,0.8896199395157616,0.4399031400680542,0.3405642807483673,-0.8309640288352966
2910,2910,1,0.9980452,288.9989148604365,35.80773604609453,742.7731275617002,-0.37350158032519376,0.8474924905103565,0.46403393149375916,0.3231483995914459,-0.8247712850570679
2911,2911,1,0.9980921,286.7768125628167,35.82778589603362,747.0815301950648,-0.3624188254230875,0.761634052306706,0.46108296513557434,0.2913866937160492,-0.8381505608558655
2912,2912,1,0.99827564,291.53632589822587,35.542743480188015,762.1620964412919,-0.3634668969369264,0.6640148695989446,0.4520735740661621,0.25277939438819885,-0.8554133772850037
2913,2913,1,0.9984665,302.4548171581161,35.75118127883326,789.6161561385925,-0.32819632135385235,0.5721410842319803,0.41087600588798523,0.21523910760879517,-0.8859193325042725
2914,2914,1,0.9983205,301.5819975526368,35.774568984718265,785.4108991471049,-0.3135593548357354,0.544732757055296,0.40597623586654663,0.20662803947925568,-0.8902180194854736
2915,2915,1,0.9984856,302.9606646416049,35.73081392955061,790.3082172928624,-0.2861122712487159,0.4727694466283679,0.38780075311660767,0.18017292022705078,-0.9039625525474548
2916,2916,1,0.9982046,291.0378621954353,36.058883402436514,761.2947908670726,-0.22207045923321264,0.3897578873156831,0.377041220664978,0.15445998311042786,-0.9132261276245117
2917,2917,1,0.9982375,292.84982355431475,36.84962635281089,769.0902738469748,-0.21579156950650022,0.33248754186610296,0.3681628406047821,0.1304500699043274,-0.9205644726753235
2918,2918,1,0.99821883,296.5568973440597,35.934949168385955,778.0861258447468,-0.20941506136908702,0.24656854675777373,0.3564142882823944,0.09804380685091019,-0.9291696548461914
2919,2919,1,0.99815947,297.95734906060676,36.19907986343983,783.902231624862,-0.19362184646290023,0.13526735587129235,0.34264060854911804,0.055411502718925476,-0.9378310441970825
2920,2920,1,0.9970694,303.3279039036326,37.416450764408175,796.9092242339942,-0.20197251526564036,0.04878061666243623,0.33580148220062256,0.0216696597635746,-0.9416834712028503
2921,2921,1,0.99740463,290.61171940603003,36.991880886085966,759.2433711298254,-0.1655353986752588,-0.015946413293621266,0.3426063358783722,-0.002084848703816533,-0.9394767880439758
2922,2922,1,0.99700207,294.31357863770137,37.70831567949059,773.3462301422596,-0.21107439493328395,-0.04884304311261761,0.35930806398391724,-0.014019203372299671,-0.933113694190979
2923,2923,1,0.9966137,290.84341548624224,37.95214591688454,762.377962230123,-0.19967797717002048,-0.08173042047058376,0.36048075556755066,-0.026929857209324837,-0.9323777556419373
2924,2924,1,0.99737644,292.4551567655735,37.91993121003218,765.2017691616496,-0.2146142991368783,-0.052893511286042916,0.36681002378463745,-0.015813928097486496,-0.9301614165306091
2925,2925,1,0.99705124,284.1000671450336,38.28709550365138,746.4775465739826,-0.19004699891532736,-0.037951147813335036,0.36992576718330383,-0.011572766117751598,-0.9289892315864563
2926,2926,1,0.9969357,283.4985313148608,38.41114059343679,744.8081341507376,-0.20514495912600816,-0.02702727366817584,0.38055071234703064,-0.007249434944242239,-0.9247316122055054
2927,2927,1,0.9969496,294.6547912247102,38.14512586666212,774.7183935131807,-0.26458420903703955,-0.046854599754497475,0.3891362249851227,-0.01251912023872137,-0.9210951328277588
2928,2928,1,0.9971096,283.0930895905313,37.40518317188454,746.2926782169778,-0.2325474824781528,-0.08522115378394336,0.3952640891075134,-0.027013175189495087,-0.9181702733039856
2929,2929,1,0.9971807,278.81286062733665,37.758054053128575,736.3874188848026,-0.2153371797538167,-0.09676990743687,0.3942316472530365,-0.032565657049417496,-0.9184339642524719
2930,2930,1,0.9977228,295.6757864610649,37.69154117373069,774.3827374720782,-0.3339278791649047,-0.15386947444836513,0.42393428087234497,-0.048004865646362305,-0.9044198989868164
2931,2931,1,0.9975188,296.38239175156315,38.33333077033297,777.1439708495765,-0.39540602894764315,-0.2227666954989374,0.45189496874809265,-0.070062555372715,-0.8893156051635742
2932,2932,1,0.9970278,296.1135379836464,37.90021219079897,776.667727804046,-0.46755266587446204,-0.2472638384003303,0.48692455887794495,-0.07491108030080795,-0.870225727558136
2933,2933,1,0.99731904,289.258637237641,37.4823315902716,761.5103405958611,-0.5201810821621909,-0.2456235425621143,0.5247625112533569,-0.07254710048437119,-0.848151683807373
2934,2934,1,0.9966775,286.358143206814,37.12114795795691,754.5187334526681,-0.5550969580457177,-0.22396216240653813,0.546963095664978,-0.06393766403198242,-0.834711492061615
2935,2935,1,0.9974668,281.84395627573303,37.133220134520634,739.6775410186082,-0.5488656444937852,-0.20711907874510266,0.5563177466392517,-0.05931361764669418,-0.8288500905036926
2936,2936,1,0.9974376,285.2725360035258,37.02437464791907,750.8569181547772,-0.5982487783975174,-0.23621252231866516,0.5676090717315674,-0.0662786141037941,-0.8206260800361633
2937,2937,1,0.9978066,287.23661331998466,37.119191367636,759.7509302747397,-0.6120277704149932,-0.2693880336760283,0.5659052729606628,-0.07598674297332764,-0.8209611773490906
2938,2938,1,0.99780816,294.34397709342016,37.46190906622713,779.4418144231901,-0.64341852050814,-0.29927993847560036,0.5621505379676819,-0.0833241418004036,-0.8228267431259155
2939,2939,1,0.99696416,284.21516331070984,36.613215807777266,751.3812701171792,-0.5705094045929011,-0.3245249423396019,0.5530325770378113,-0.0954732596874237,-0.8276713490486145
2940,2940,1,0.9977348,304.8390521164479,36.94241216022171,809.935553573028,-0.6726537827200194,-0.38275974044839245,0.5479794144630432,-0.10477323085069656,-0.829904317855835
2941,2941,1,0.9982077,302.9394800823067,37.03422024541954,800.2091722343594,-0.6529136297409772,-0.3993418475934591,0.5454530715942383,-0.11156529933214188,-0.8306829333305359
2942,2942,1,0.99853134,295.42833562959765,37.75030513002605,783.1689917815487,-0.6194971954317351,-0.3993143299154288,0.5456846952438354,-0.11524058878421783,-0.8300288319587708
2943,2943,1,0.99793905,293.9784043701035,37.586409136083596,781.4215971522261,-0.5967198553757405,-0.384161120460344,0.5388458371162415,-0.11169356107711792,-0.8349668979644775
2944,2944,1,0.997405,296.2361776687677,38.24917078631764,782.182773477608,-0.5650367286488758,-0.3409591832142525,0.5249093770980835,-0.10064464807510376,-0.8451868891716003
2945,2945,1,0.9966748,292.34669547908317,37.379452261324154,775.051430980272,-0.49307724634011546,-0.28264544801691155,0.5017072558403015,-0.08478877693414688,-0.8608720898628235
2946,2946,1,0.9966493,295.94420900557975,37.88650757632808,785.1346889321993,-0.4495667056254192,-0.2133206752919446,0.47547540068626404,-0.06377977132797241,-0.8774139881134033
2947,2947,1,0.99756765,291.6217338644041,37.81918963304603,774.0536023109744,-0.3655046077079668,-0.1797176838396022,0.44388315081596375,-0.05594286322593689,-0.8943366408348083
2948,2948,1,0.99750656,279.7350058482681,38.57122803098343,744.8773424866414,-0.273064204696137,-0.14332822776526968,0.4210655689239502,-0.04855264723300934,-0.9057297706604004
2949,2949,1,0.9977276,284.80489524465895,38.834355840072924,759.0828431261348,-0.25260564775430255,-0.11320306350010247,0.39839574694633484,-0.038028743118047714,-0.9164249300956726
2950,2950,1,0.99606293,289.61120155023576,38.33425781482581,774.4078485454497,-0.2598069503317498,-0.12535921625665505,0.390286386013031,-0.04095643386244774,-0.9197821021080017
2951,2951,1,0.9959997,292.847140211881,38.3593055393006,779.6509531850583,-0.2507571182218363,-0.10328112661795301,0.38000327348709106,-0.033235691487789154,-0.9243878126144409
2952,2952,1,0.9964211,285.75202786293573,37.90077041982176,762.1582320535667,-0.2143939297671426,-0.0676396260876111,0.3750396966934204,-0.021229542791843414,-0.9267656207084656
2953,2953,1,0.99660814,286.2868644956347,37.62959837516619,764.7389251032147,-0.19683681938264747,-0.04331062978791249,0.36347702145576477,-0.012319554574787617,-0.9315217137336731
2954,2954,1,0.99670887,283.2519056197866,36.90903907153734,759.2131098569379,-0.17789331748769846,0.0027127864937215498,0.3586486876010895,0.005310906562954187,-0.9334574937820435
2955,2955,1,0.9981329,282.0432556679924,36.674374434368744,755.8603113656765,-0.1659986597870062,0.045310184645061626,0.3548138737678528,0.02155245840549469,-0.9346885085105896
2956,2956,1,0.99810576,281.68940649843506,36.34740290718702,749.5309180446128,-0.16604208676129242,0.07608984079281739,0.3583157956600189,0.03397737070918083,-0.9329819679260254
2957,2957,1,0.9983375,282.0757302792793,36.57403597672678,751.9849999035305,-0.17168842855134422,0.11221325180135665,0.3605867028236389,0.04756190627813339,-0.9315122365951538
2958,2958,1,0.99841,281.8863718974444,35.69559352403045,753.7194254098704,-0.1757758459324511,0.12822843925160002,0.36263054609298706,0.05480387806892395,-0.9303202033042908
2959,2959,1,0.9985416,281.43936104553654,35.04766220507967,755.5990787001737,-0.17844628342159122,0.1394266211486377,0.363988995552063,0.059831950813531876,-0.9294794797897339
2960,2960,1,0.99867046,282.1121155384832,35.55063323017481,756.1459294695093,-0.16793984713338292,0.17555541665707383,0.3568313419818878,0.07299704104661942,-0.9313124418258667
2961,2961,1,0.9983217,279.52075390269147,35.69305085572861,749.7788654167124,-0.15266403859598685,0.2602101248619106,0.3533768057823181,0.10632351040840149,-0.929419219493866
2962,2962,1,0.9983839,268.0872282480693,36.170413894097926,719.2199338794212,-0.006720681600097456,0.37460060633233494,0.28342175483703613,0.157240629196167,-0.9460166692733765
2963,2963,1,0.99884784,255.03942389723332,36.07202284585196,700.2436090546163,0.27006359469629504,0.48675321592544446,0.09789224714040756,0.20949916541576385,-0.9728962779045105
2964,2964,1,0.9989058,256.7649563003632,34.60326831867437,715.0541161795837,0.5472855228937596,0.6180398569878697,-0.12420770525932312,0.25428280234336853,-0.9591208100318909
2965,2965,1,0.9973252,272.03395972116004,36.53953725005295,756.6924811769264,0.7514917821522573,0.6893412073410261,-0.27806612849235535,0.2519115209579468,-0.9269410967826843
2966,2966,1,0.99506974,278.6442177178986,37.58723546885431,786.1474886364958,0.9857726718459368,0.6035742538209561,-0.4100213050842285,0.19286756217479706,-0.8914508819580078
2967,2967,1,0.9954359,267.4256207884826,38.04434402295792,754.3842980547643,1.0256955498578244,0.3215051052063461,-0.4288209080696106,0.09394609928131104,-0.898491382598877
2968,2968,1,0.99702555,254.92816575479367,37.903302893119935,720.3903865411548,1.071764692690392,0.12156674058443168,-0.45039668679237366,0.020950525999069214,-0.8925827741622925
2969,2969,1,0.99688005,267.81795394082013,38.84249677745,758.164823021665,1.0586868634541473,0.018329709048847165,-0.4335078001022339,-0.01737307570874691,-0.9009823203086853
2970,2970,1,0.99769294,268.8116013330901,39.711413948968975,761.7191610037034,1.0588370664822195,-0.08673009364898428,-0.4279662072658539,-0.05479007959365845,-0.9021324515342712
2971,2971,1,0.99336046,273.6131491081842,41.203503354808255,776.3460812381358,1.0585242505028616,-0.1744502857459557,-0.4213668704032898,-0.08491818606853485,-0.9029057621955872
2972,2972,1,0.995675,268.33716929853216,43.71023574540508,758.6168409376502,1.0556705222145553,-0.19923473081808776,-0.4213178753852844,-0.09808330982923508,-0.9015935659408569
2973,2973,1,0.99678886,276.9104091693104,45.523069869490115,778.1268121910786,1.0350021013833866,-0.2180570099436268,-0.40952619910240173,-0.10410618036985397,-0.9063389301300049
2974,2974,1,0.99562776,270.19509829625946,45.531876105484336,756.5830417593758,1.0230809552615487,-0.21910286547077323,-0.40617626905441284,-0.10733912140130997,-0.9074685573577881
2975,2975,1,0.9951048,265.44107990273807,45.545599458143236,741.9388349990428,1.0062078453918866,-0.2087269867216476,-0.39953577518463135,-0.10591617971658707,-0.9105783700942993
2976,2976,1,0.9950559,264.79543305712104,45.420545854330726,737.4449431763377,1.0025360110304924,-0.21104564116605315,-0.39877939224243164,-0.10717160254716873,-0.9107629656791687
2977,2977,1,0.9953483,262.9016028494993,45.706681780974606,734.475418021409,0.9944480273229682,-0.20518510693675837,-0.39406928420066833,-0.10599616914987564,-0.9129480719566345
2978,2978,1,0.99627185,271.99924109604854,45.97305842537016,759.657602786629,1.0042138229332205,-0.211723401182609,-0.3971901834011078,-0.10508067160844803,-0.9117006063461304
2979,2979,1,0.9952141,270.6620378424734,46.61194182016015,758.6003081668433,1.0138208148105636,-0.1986694924670114,-0.40200579166412354,-0.10151470452547073,-0.9099923968315125
2980,2980,1,0.99432373,272.4774725475649,45.36112453585088,765.5889084774498,1.0327226266702296,-0.19796357128364458,-0.4105936586856842,-0.0988246500492096,-0.906447172164917
2981,2981,1,0.9934511,268.5628770150243,44.954821570183015,756.6985107987239,1.0452406024511445,-0.1934151935516942,-0.41735348105430603,-0.09784895181655884,-0.9034609794616699
2982,2982,1,0.99363375,261.4779461749499,44.58617320630098,738.5884560590299,1.050640429045684,-0.19541776566324162,-0.42126116156578064,-0.10035233944654465,-0.9013703465461731
2983,2983,1,0.9948166,263.6453926073175,44.47568079876402,744.7223451665892,1.052542867459822,-0.19818713566380936,-0.421434223651886,-0.1003747209906578,-0.9012869000434875
2984,2984,1,0.995981,267.27751015595345,44.24584590468303,755.107697354344,1.0491693954663386,-0.19378933251681982,-0.41882699728012085,-0.09734039753675461,-0.9028337001800537
2985,2985,1,0.99610883,258.8351883881838,43.91387649177229,729.9126014311038,1.0255089128233108,-0.18066046499873434,-0.41017189621925354,-0.09564657509326935,-0.9069789052009583
2986,2986,1,0.9965306,260.63140206191883,43.87873589008848,735.4719334881235,0.9948925551779778,-0.19957779898331485,-0.39189612865448,-0.10177920013666153,-0.9143622517585754
2987,2987,1,0.9959472,259.8451953799466,42.82810735725199,734.8268923312884,0.9594661391252908,-0.22688816672813028,-0.3702569901943207,-0.110514797270298,-0.9223319888114929
2988,2988,1,0.99505377,258.2703295556901,41.03117495762938,729.5981191487045,0.9173382256517961,-0.2486680995157461,-0.34549275040626526,-0.11715329438447952,-0.9310799241065979
2989,2989,1,0.9902744,254.833255917708,38.92069352391719,720.8559102440777,0.8819785060422238,-0.2661664635257069,-0.32323917746543884,-0.12252242863178253,-0.938352108001709
2990,2990,1,0.9965913,258.0363118719596,36.5846896090196,734.6819007366956,0.8498989250834671,-0.29644453018043293,-0.3008215129375458,-0.12848283350467682,-0.9449860453605652
2991,2991,1,0.99541277,254.20860201964,35.07938416952015,723.7294050264396,0.8226117796286988,-0.32902986325207995,-0.2817988991737366,-0.14051158726215363,-0.9491289854049683
2992,2992,1,0.9937972,260.1085207073964,37.17711178305788,734.4904457368237,0.8059136199181836,-0.3463370291260023,-0.2737758457660675,-0.1473120152950287,-0.9504451751708984
2993,2993,1,0.99397695,259.72525387122005,39.779863307041694,731.618204867531,0.80955427102609,-0.334494762134875,-0.2770065665245056,-0.14685852825641632,-0.9495788216590881
2994,2994,1,0.99555176,260.3184947215196,42.713630689690056,729.9573945991397,0.817962054202697,-0.3254555175060503,-0.2837921977043152,-0.14750269055366516,-0.9474729299545288
2995,2995,1,0.9959668,263.80960694340774,44.126200183285846,739.7546762664742,0.8210916418783439,-0.2928556636494193,-0.28801459074020386,-0.1357671022415161,-0.9479529857635498
2996,2996,1,0.99528486,266.02374380897794,45.00064457156312,746.0631478564261,0.8404671873222321,-0.307623777562592,-0.29925307631492615,-0.14072945713996887,-0.9437387585639954
2997,2997,1,0.99452376,264.02123995202186,45.24621801398366,738.5558170510095,0.845721104740887,-0.277803782023743,-0.3043327331542969,-0.13179433345794678,-0.9434044361114502
2998,2998,1,0.99555284,263.017012271085,44.74865818161994,734.9354595346449,0.8480878936504394,-0.22967638202457716,-0.3084327280521393,-0.11447660624980927,-0.9443328380584717
2999,2999,1,0.9963008,272.88136171694856,45.12040137788932,758.0005865744,0.8531191048622866,-0.20280528336115156,-0.31542009115219116,-0.10192131251096725,-0.9434629082679749
3000,3000,1,0.99476385,266.4166067506806,44.58256034571067,740.9879911676427,0.8597476542726914,-0.18019928694702123,-0.31956830620765686,-0.09539691358804703,-0.9427489042282104
3001,3001,1,0.9945293,265.9417279005552,44.31888493784678,738.627519727325,0.8669432719301661,-0.16003654333013795,-0.32524770498275757,-0.08800305426120758,-0.9415251016616821
3002,3002,1,0.99518967,268.650799123831,44.76424360632507,750.0312798984006,0.8616849648272714,-0.17228646672227968,-0.3201865255832672,-0.09167323261499405,-0.9429086446762085
3003,3003,1,0.99522203,261.65956345805114,44.05610794396364,729.106751450609,0.850033949467968,-0.15695483912631034,-0.3139137327671051,-0.08769064396619797,-0.9453933238983154
3004,3004,1,0.99571145,261.4879325062991,44.70904839922279,728.3101100127998,0.8361276433500281,-0.15811504816069968,-0.30535927414894104,-0.08904217928647995,-0.948064923286438
3005,3005,1,0.9963888,265.4718731874586,44.46453003314944,738.7635904430549,0.8324940822487156,-0.1728974445652365,-0.30319270491600037,-0.09287799149751663,-0.9483922123908997
3006,3006,1,0.9960312,266.8074242292559,43.914130043672344,743.6183154697101,0.8217188835148588,-0.1680728474958313,-0.2966330945491791,-0.08980821818113327,-0.9507593512535095
3007,3007,1,0.995593,266.3665941911629,44.131368720770695,742.5299877113289,0.8207261645799517,-0.16385144731370574,-0.2960927486419678,-0.08867006003856659,-0.9510344862937927
3008,3008,1,0.9951763,264.6124231765213,44.63912471567752,738.5065245346797,0.8072521375170396,-0.15254801407242277,-0.28763848543167114,-0.08560527116060257,-0.9539055228233337
3009,3009,1,0.9949426,263.28356848644586,43.60194135307901,732.084831886916,0.8059844884169699,-0.14527842619770576,-0.28792357444763184,-0.08225901424884796,-0.9541140198707581
3010,3010,1,0.9949379,263.12572900023775,44.13866838098594,731.5099661992382,0.8132024690773562,-0.1453584572387662,-0.2924562692642212,-0.0830792486667633,-0.9526631832122803
3011,3011,1,0.99596006,263.39800510117954,43.43330318861211,730.4405193576977,0.840910062547712,-0.1734714862906727,-0.3090531527996063,-0.0927942618727684,-0.946506917476654
3012,3012,1,0.9960251,270.1212537025917,45.97752197612855,749.1153671867188,0.8647556530038792,-0.1828137474667736,-0.32344475388526917,-0.09700440615415573,-0.9412617683410645
3013,3013,1,0.9937583,270.4506787074618,47.14649266126627,749.7918601970678,0.880344769500969,-0.2027503090842135,-0.33162033557891846,-0.10541300475597382,-0.9375052452087402
3014,3014,1,0.99363905,263.76709426519096,46.172986652121914,731.8664434368344,0.8897514029824469,-0.20758194062956692,-0.33650824427604675,-0.10844908654689789,-0.9354149103164673
3015,3015,1,0.99717206,263.8998494779426,45.25228345615008,732.5686483319122,0.9121584093645198,-0.209201018624528,-0.3494565188884735,-0.10765060782432556,-0.9307478070259094
3016,3016,1,0.9970873,264.90640506285916,45.29853726939137,734.4216126665107,0.9196504929792756,-0.20816211457737976,-0.35419172048568726,-0.10700816661119461,-0.9290304183959961
3017,3017,1,0.99663264,264.7268261790813,45.20349317999365,732.1824028436718,0.9180000260084744,-0.19956596787380357,-0.35443800687789917,-0.10410241037607193,-0.9292665719985962
3018,3018,1,0.99581003,264.881505363735,45.69934120823212,735.0356255239426,0.9143604795072521,-0.18823454039345516,-0.3518970310688019,-0.10031621903181076,-0.9306476712226868
3019,3019,1,0.9950472,264.49759752034885,45.85440854962832,732.464033471501,0.9029998134467402,-0.16819233183310411,-0.34695887565612793,-0.09361343085765839,-0.9331966638565063
3020,3020,1,0.9935592,266.6094967241509,45.86761827469393,739.5361125817332,0.9075099229981728,-0.1666433891119876,-0.3491066098213196,-0.09219532459974289,-0.9325366616249084
3021,3021,1,0.9933848,268.108098797231,45.93636130734999,745.1229163128295,0.9118863017671468,-0.17235746701971102,-0.35069388151168823,-0.09364911913871765,-0.9317959547042847
3022,3022,1,0.9934161,268.955168726885,46.07466141927812,745.7107943820234,0.9056429097778792,-0.17955193343572992,-0.34742915630340576,-0.09630145877599716,-0.9327480792999268
3023,3023,1,0.99347454,269.78987944644683,46.44137059063474,749.4734714542013,0.8432356152087022,-0.22531878493121932,-0.308069109916687,-0.11277506500482559,-0.9446560740470886
3024,3024,1,0.99255776,270.2234384085859,47.07227613486922,748.9739948645374,0.7240535002420082,-0.21304138244250212,-0.23561684787273407,-0.10934854298830032,-0.9656746983528137
3025,3025,1,0.9921681,263.2445776010904,46.15190499628005,729.8405514617153,0.6485717982188284,-0.0825618885348609,-0.18689963221549988,-0.060356054455041885,-0.9805231690406799
3026,3026,1,0.9945111,253.33594354629588,46.44208802604019,704.2759110870896,0.5706325686969875,0.11142464983545645,-0.12858474254608154,0.019855022430419922,-0.9914997220039368
3027,3027,1,0.99368876,248.2842908397303,39.41671556355141,678.9369704910787,0.39074963374174765,0.4329593482865573,0.013176829554140568,0.18388323485851288,-0.9828597903251648
3028,3028,1,0.99815613,256.8893758174483,32.55716176120082,694.6881268463018,0.10585330389387668,0.8608029748321576,0.21435189247131348,0.3750075697898865,-0.9018994569778442
3029,3029,1,0.99624497,262.00394782190205,28.514714593140912,687.4038105694822,0.10507984664289285,1.0668315783478437,0.20168465375900269,0.46466171741485596,-0.8622139096260071
3030,3030,1,0.9979431,262.41351133810855,26.015928617871154,688.6759948647763,0.17569958984189293,0.8411442870548969,0.15468014776706696,0.38063162565231323,-0.9116982817649841
3031,3031,1,0.9987674,276.1149034111501,26.278186552792295,718.9274466423471,0.13857453540767967,0.6571616369257479,0.16153661906719208,0.29112309217453003,-0.9429492354393005
3032,3032,1,0.9984969,281.40705774694516,27.49399932094991,728.3465274567872,0.09783291109987055,0.5429880575960963,0.18457205593585968,0.2387406826019287,-0.953381359577179
3033,3033,1,0.99821764,292.4152265984113,28.48165730045047,748.2403212662479,0.051196048615887224,0.5493615808131695,0.1981453001499176,0.23419001698493958,-0.9517843723297119
3034,3034,1,0.9971902,285.06564348387303,29.33721244576984,723.0695742290168,0.04298013208037223,0.5510711424121714,0.22102659940719604,0.24116624891757965,-0.9449794292449951
3035,3035,1,0.9977375,289.9020949816301,30.541664321970003,728.8515660805325,0.001558630319661803,0.5997368730786236,0.2415567934513092,0.2575235068798065,-0.9355918169021606
3036,3036,1,0.9979017,296.7701181490957,31.738963578191374,737.7299246009457,-0.03688677856554726,0.6630051519242643,0.2553098499774933,0.2782960832118988,-0.9259417653083801
3037,3037,1,0.9985682,298.3447486171339,33.10974999015858,736.5417847761406,-0.05352266240738881,0.7115765536912737,0.26411786675453186,0.29604166746139526,-0.9179331064224243
3038,3038,1,0.9986174,306.21137074389543,32.99228368449918,753.092994654624,-0.08520619340907284,0.7470789955259904,0.2691352367401123,0.30374443531036377,-0.913950502872467
3039,3039,1,0.9988268,311.860502863945,34.892621833118014,770.0681016767436,-0.12910083631425673,0.7806443120365575,0.2846367657184601,0.3071017563343048,-0.9081136584281921
3040,3040,1,0.99834204,317.54945649768615,34.833991164555066,785.3398509577111,-0.15079873872333371,0.7926993996345697,0.28619539737701416,0.3060155212879181,-0.9079905152320862
3041,3041,1,0.9978765,315.9187741867541,33.77170246957282,781.1232832558773,-0.15009335502512974,0.7416520157094707,0.2902512848377228,0.2897367477416992,-0.9120343923568726
3042,3042,1,0.9981646,308.67182760389863,32.78380137185745,770.4303946721175,-0.14111355707878884,0.6844160300472182,0.2981494665145874,0.27252838015556335,-0.9147869944572449
3043,3043,1,0.99745446,304.1517584284797,31.20908441603527,765.0544791307475,-0.1497216923601524,0.5723106958159774,0.3130989074707031,0.23258472979068756,-0.9208004474639893
3044,3044,1,0.9981431,304.9270461722187,31.8512721200683,777.114261020787,-0.17316688903310595,0.4799515652513436,0.3236962556838989,0.1928662806749344,-0.9262955188751221
3045,3045,1,0.9978497,291.16318544759287,32.58226631031237,752.496162058425,-0.16037296900857453,0.3730518919560877,0.34285059571266174,0.1549098938703537,-0.9265292882919312
3046,3046,1,0.9989994,292.11562259593234,34.7312636459005,766.5124758019246,-0.2001469604216469,0.28597882502548205,0.3607071340084076,0.1158122569322586,-0.9254608750343323
3047,3047,1,0.9985642,292.0577384431861,33.94699662545468,778.2958894644735,-0.24237685117654048,0.20939964100163586,0.3803786337375641,0.08641847968101501,-0.9207844138145447
3048,3048,1,0.99686265,287.61605971909387,33.611865310022786,773.7672130910729,-0.24949990421629678,0.1374308677527191,0.39080098271369934,0.060347527265548706,-0.9184948205947876
3049,3049,1,0.99810034,291.81178141317383,34.717599231913596,792.558993941846,-0.2772783113021026,0.0983264699494225,0.39331817626953125,0.04394005239009857,-0.9183518886566162
3050,3050,1,0.9975126,277.69918542365826,34.64897744552409,767.6310550797378,-0.2202027578849684,0.06710108395841836,0.38669437170028687,0.03274541348218918,-0.9216264486312866
3051,3051,1,0.99690837,267.3360273604341,33.96694177057946,742.8757668994482,-0.14811971897939608,-0.004825829168681938,0.36561185121536255,0.005702849477529526,-0.9307499527931213
3052,3052,1,0.9969715,267.5372251283483,33.2930014028575,744.8908855613286,-0.09464442703187938,-0.06637684481665569,0.33061209321022034,-0.018234403803944588,-0.9435905814170837
3053,3053,1,0.99735487,272.9300199744698,34.35385967745969,764.2967750795721,-0.0795043505492361,-0.08220326152735542,0.3070087432861328,-0.0255255289375782,-0.951364278793335
3054,3054,1,0.99814844,269.9226017933451,34.00626530459079,753.6329624741728,0.031571766486935604,-0.09656300514109152,0.2425173819065094,-0.03391633555293083,-0.9695540070533752
3055,3055,1,0.9984101,267.19035063056486,34.57177848875868,750.990682332778,0.2613370296537016,-0.12303475121220157,0.08731848746538162,-0.05122705176472664,-0.99486243724823
3056,3056,1,0.9979849,264.02249408059794,34.70952973404226,749.5840894214483,0.49708321457597576,-0.16603510255877127,-0.07593762129545212,-0.07331638783216476,-0.9944134950637817
3057,3057,1,0.99565387,256.7210153147051,34.929242677341016,733.7241283966036,0.6987125128438861,-0.15555559109829004,-0.20910964906215668,-0.07397861778736115,-0.9750899076461792
3058,3058,1,0.9966222,250.4784268805606,35.23015155213984,719.3106380766718,0.8938062867985019,-0.08815209728983336,-0.3351443111896515,-0.05166890099644661,-0.9407489895820618
3059,3059,1,0.9972258,266.28033942283145,36.638711975363485,764.1381883381223,0.9654265705375137,-0.2210170234181569,-0.3687017858028412,-0.09717751294374466,-0.9244542121887207
3060,3060,1,0.9955486,275.5676918087545,36.97136824633722,788.0739590531692,1.0515163212748708,-0.3003091226337354,-0.4082445800304413,-0.11985114216804504,-0.9049707651138306
3061,3061,1,0.9945802,256.22215293331385,36.75521860573803,732.4588512877477,1.071925593301627,-0.29634673669833766,-0.42443642020225525,-0.12637612223625183,-0.8965951800346375
3062,3062,1,0.9939619,257.91180844196043,37.05746480461523,739.2584782954563,1.0824753068811712,-0.31046277191358124,-0.42749929428100586,-0.13026615977287292,-0.8945809006690979
3063,3063,1,0.99350053,254.20265569886382,36.83613989355622,730.4278212368216,1.0804431168416422,-0.32113912884451584,-0.42623597383499146,-0.13514065742492676,-0.8944607377052307
3064,3064,1,0.9904355,255.3770205341741,36.84199275174947,733.3529238697851,1.072528413536283,-0.3304748538836323,-0.42142513394355774,-0.1379346251487732,-0.8963118195533752
3065,3065,1,0.99275416,251.51253092160576,36.50202084447838,723.619902282233,1.0616935744922527,-0.3217458630696109,-0.4169348180294037,-0.13649873435497284,-0.8986285924911499
3066,3066,1,0.9922299,254.43492531153547,36.44728753635494,732.5223160514541,1.0455447042647996,-0.3167109101041358,-0.4076760709285736,-0.13348856568336487,-0.9033166766166687
3067,3067,1,0.9931306,252.9681414797636,36.450646205108505,725.8723457774558,1.0178222185025694,-0.27822239054419795,-0.39658117294311523,-0.12167227268218994,-0.9099006652832031
3068,3068,1,0.9950329,258.7390161597702,37.13785116274634,738.4566682684699,0.9923881451124048,-0.2429230105044899,-0.38517245650291443,-0.10850147902965546,-0.9164440035820007
3069,3069,1,0.99652195,260.35910818409127,37.68123639160942,741.7718057118274,0.9792940627410816,-0.19540732177914202,-0.3807990550994873,-0.09211523085832596,-0.9200580716133118
3070,3070,1,0.99780864,267.24525831762907,37.83474503818395,759.4690972907238,0.9776704821802407,-0.19277811791755667,-0.37967342138290405,-0.08929186314344406,-0.9208012819290161
3071,3071,1,0.99037945,254.81410770469276,39.39381722795617,718.9745724980461,0.9743648916042442,-0.1652406301813245,-0.38370755314826965,-0.08602059632539749,-0.9194394946098328
3072,3072,1,0.9962184,269.57341981584705,42.33960129307126,750.6789929796013,0.973307662957873,-0.14931733422832807,-0.3855501413345337,-0.08035331219434738,-0.9191814064979553
3073,3073,1,0.991351,266.47145378802753,45.673050412436815,726.5829468037344,0.9600662784817726,-0.07931998263573478,-0.38911065459251404,-0.06139589846134186,-0.9191427826881409
3074,3074,1,0.9927008,273.74053213721834,47.03626002418385,736.0997759592541,0.9703694616529392,-0.07377109946349573,-0.39850515127182007,-0.060242995619773865,-0.9151854515075684
3075,3075,1,0.9920866,280.67717985031953,47.81425842979627,748.7923571776786,0.9786966229405952,-0.08986811059007908,-0.40362825989723206,-0.06585793197154999,-0.9125497341156006
3076,3076,1,0.9951422,286.4258923007828,48.31237763251221,761.8988365846436,0.9944157903166981,-0.12054309367988215,-0.41024836897850037,-0.07592625916004181,-0.9088076949119568
3077,3077,1,0.9969945,279.8683809315903,48.35000666574686,739.3314195682962,0.9968214157056264,-0.08816384438562395,-0.4168681502342224,-0.06667426973581314,-0.906518280506134
3078,3078,1,0.9969453,280.2611230210622,48.65997592554476,739.7574158518069,1.0043974144192864,-0.07989942507648638,-0.421491801738739,-0.06409091502428055,-0.9045645594596863
3079,3079,1,0.99322355,281.40564879498976,49.02051077677664,744.6789013862684,1.0166050815715437,-0.08504077331413193,-0.4264361560344696,-0.06597280502319336,-0.9021085500717163
3080,3080,1,0.99445736,274.9687434243979,48.53574197135335,729.3959521570396,1.0248012581241046,-0.14833709011595209,-0.42807042598724365,-0.08919472992420197,-0.8993330597877502
3081,3081,1,0.9949332,276.03410340977945,48.51146549088679,739.5728090717499,1.0324051539064234,-0.16950419163607597,-0.4271148443222046,-0.095419742166996,-0.8991485238075256
3082,3082,1,0.9971712,273.05474914989173,48.329885380015014,737.1654990412786,1.0213031492755913,-0.17572648442764044,-0.4191407263278961,-0.09784717112779617,-0.9026333689689636
3083,3083,1,0.99512106,275.4144047233893,46.770648811169906,750.8865479533661,1.003234780217401,-0.17209221905707403,-0.40607860684394836,-0.09327366203069687,-0.9090656042098999
3084,3084,1,0.99476826,270.9946357410716,44.60629881068468,741.0766252306047,0.9714578166263445,-0.16347631928617593,-0.38940346240997314,-0.08897910267114639,-0.9167593121528625
3085,3085,1,0.9962141,269.00099424088415,44.24734131605762,737.8273367890162,0.945602373376506,-0.1437985627440649,-0.375421404838562,-0.08198028057813644,-0.9232215285301208
3086,3086,1,0.9953818,262.79268702751096,44.300051596077175,722.400083542595,0.9226032121420378,-0.13017147303156987,-0.36282670497894287,-0.07877644151449203,-0.928520917892456
3087,3087,1,0.99387205,266.068109102912,44.1562685227191,730.6911311253774,0.8989329417468046,-0.10472427057570317,-0.35035112500190735,-0.06827188283205032,-0.9341269135475159
3088,3088,1,0.99337786,266.4068992425852,44.76205338025826,733.668694734551,0.8811166388392998,-0.07722743743841598,-0.34023594856262207,-0.05849608778953552,-0.9385188817977905
3089,3089,1,0.9963648,264.3074356990451,44.18365717528163,727.2710903658218,0.8674341166084747,-0.0496729597597856,-0.33350372314453125,-0.047727085649967194,-0.9415398836135864
3090,3090,1,0.9973464,267.26259445944197,44.09187059638029,733.7645760092806,0.8764592752364869,-0.04784150973801468,-0.33977991342544556,-0.04657277464866638,-0.9393512010574341
3091,3091,1,0.99711037,266.7644388884342,43.71339345104525,732.5620246658514,0.8822611204034689,-0.027371199882843953,-0.3441287875175476,-0.03851914778351784,-0.9381320476531982
3092,3092,1,0.997274,267.028027333376,43.436890484944655,732.971181899256,0.8917484539960294,-0.0009183251550573601,-0.35111120343208313,-0.02828613668680191,-0.9359064698219299
3093,3093,1,0.9933647,261.32651419845246,42.3530621996693,721.1223045156094,0.8890025388427673,0.03161795000038887,-0.3494415283203125,-0.014753077179193497,-0.9368420243263245
3094,3094,1,0.9956727,264.778731582115,39.797284796348,726.8640700860456,0.8894733089323102,0.05574293641379139,-0.3522711396217346,-0.0020031011663377285,-0.9358958005905151
3095,3095,1,0.9973002,269.6688855951742,37.90658772716608,739.6326957855769,0.8972986303349019,0.05488124334832444,-0.3569483757019043,-2.295318518008571e-05,-0.9341241121292114
3096,3096,1,0.99697816,267.1330145180046,38.24761322584365,732.8525399843778,0.9092414207579971,0.061114053307038625,-0.36432623863220215,0.0016377648571506143,-0.9312699437141418
3097,3097,1,0.99616855,272.0739046728097,38.278455502005606,747.3937203437803,0.907576928148113,0.09152318852748792,-0.36374756693840027,0.012970701791346073,-0.9314072728157043
3098,3098,1,0.9943627,269.13734814836727,39.34235992481459,736.6294758894209,0.9064210849683325,0.10008214415762164,-0.3648373484611511,0.015063179656863213,-0.9309494495391846
3099,3099,1,0.99568164,272.4555786919448,39.337381722637446,745.7678862020383,0.9039535943934844,0.09357104905343827,-0.36286038160324097,0.012499568983912468,-0.9317596554756165
3100,3100,1,0.99630415,275.17776687987265,38.877930139468816,753.0312647214828,0.8987604122426867,0.08581236441730669,-0.3594476580619812,0.010201353579759598,-0.9331094622612
3101,3101,1,0.996748,268.3172961267704,38.254463839830265,737.2587204014517,0.8936727137490863,0.06601087967202815,-0.3547552227973938,0.0038319742307066917,-0.9349513649940491
3102,3102,1,0.99682486,276.42379911052257,39.84791235393495,754.0689305147862,0.8735547728715922,0.08328280878564837,-0.3456369936466217,0.008618799038231373,-0.9383286833763123
3103,3103,1,0.99527574,276.9828848608894,42.28751634784558,755.1052722282908,0.8705796024910476,0.08449246494081508,-0.34414592385292053,0.006022320128977299,-0.938896894454956
3104,3104,1,0.99594337,272.35082907809374,43.11858807647667,742.7756748441783,0.8691481465603559,0.06743491310619572,-0.3424818515777588,-0.0013872785493731499,-0.939523458480835
3105,3105,1,0.99586856,273.2099712369569,43.29618582886014,747.6083273654003,0.8752782861153061,0.04862620987985051,-0.3443257212638855,-0.008798538707196712,-0.9388090968132019
3106,3106,1,0.9944847,279.72740463925965,42.797336842684615,767.8269679407476,0.8788013975455274,0.03187989617157315,-0.34469151496887207,-0.01410868763923645,-0.9386099576950073
3107,3107,1,0.9942615,275.27445581296996,42.20241471863678,756.5050192414424,0.8847177889581671,0.01644261690713814,-0.34716346859931946,-0.019366322085261345,-0.9376046657562256
3108,3108,1,0.9937921,276.9978256306592,42.81864003866941,759.6290450083716,0.8808132229942307,-0.0040015480336854795,-0.3446670472621918,-0.027469584718346596,-0.9383230209350586
3109,3109,1,0.99507,270.5753821980405,43.2687662547253,741.178892755972,0.883465557904826,-0.020308350968089826,-0.3459049463272095,-0.034867413341999054,-0.937621533870697
3110,3110,1,0.9957231,275.58262619688657,42.99722136583457,751.9258200482724,0.8772633858951523,-0.025236900598609485,-0.34324654936790466,-0.03573540970683098,-0.9385652542114258
3111,3111,1,0.9946016,275.89809552419007,42.92529679228318,759.9109627733081,0.8844663829805036,-0.015269923659289256,-0.3449632525444031,-0.03176874294877052,-0.9380784034729004
3112,3112,1,0.9957943,271.54970553079494,41.8254145953613,760.0437736094342,0.8963674177635624,-0.010994865736633374,-0.3471692204475403,-0.029052693396806717,-0.9373523592948914
3113,3113,1,0.9940679,258.53202952885607,42.06093634918067,745.7692936016701,0.9150043022674217,-0.00014798795288807417,-0.3498827815055847,-0.02625983953475952,-0.9364253282546997
3114,3114,1,0.99555355,262.2782794253944,43.055218212625874,776.0935411231854,0.9400281780596003,0.0021931728737025463,-0.3558572828769684,-0.02604902908205986,-0.9341772198677063
3115,3115,1,0.99537766,254.76399997389743,43.85115826403558,770.7955756278953,0.9640177685637323,0.015908363844999163,-0.36394643783569336,-0.022715967148542404,-0.9311428666114807
3116,3116,1,0.9917327,250.8032579068262,42.93781205016942,768.5892962814419,0.9792041634402878,0.031731663276153836,-0.36975976824760437,-0.016257181763648987,-0.9289851784706116
3117,3117,1,0.99095625,245.12592927212526,42.399230601513956,754.4325930921431,0.9754096338135303,0.015166155741009539,-0.36686259508132935,-0.02187936007976532,-0.9300178289413452
3118,3118,1,0.9925046,243.20879000164283,41.841316988579386,749.0134802196227,0.9696512871581108,-0.008002155168028994,-0.36280688643455505,-0.02975388802587986,-0.9313892722129822
3119,3119,1,0.9956169,249.09011569773475,42.3994702260879,764.186533795269,0.9657039453743073,-0.030245956088419207,-0.3595888018608093,-0.03777570649981499,-0.9323459267616272
3120,3120,1,0.9967964,247.1703027104318,42.69832112252484,759.4778261177452,0.968329253297059,-0.06845650901937411,-0.3592183291912079,-0.052128687500953674,-0.9317965507507324
3121,3121,1,0.9967693,253.37496908631988,44.466830018953566,779.2556013143945,0.9612396247465343,-0.07747937435080977,-0.35340291261672974,-0.056051574647426605,-0.9337905049324036
3122,3122,1,0.99225605,245.79242847579522,48.565127120082,752.7197509695648,0.9495302139292363,-0.058754736198021365,-0.3501238524913788,-0.05624236911535263,-0.9350134134292603
3123,3123,1,0.99598557,238.9503477481106,49.725157994678426,732.5312879928825,0.9473089761843622,-0.0519254708014,-0.3498896360397339,-0.056717876344919205,-0.9350724220275879
3124,3124,1,0.9966012,248.42480835942607,49.40447984246432,757.7181874555987,0.9625296902527444,-0.07441615707640144,-0.35758307576179504,-0.06258274614810944,-0.9317820072174072
3125,3125,1,0.9966612,255.49084751168732,48.107928792561246,769.8462108949585,0.9739561958191156,-0.09095184026410152,-0.3657231628894806,-0.06580185145139694,-0.9283946752548218
3126,3126,1,0.99291915,253.09195126461213,46.60909097479558,753.6648355833431,0.9720174624139956,-0.08819124113951202,-0.3690437376499176,-0.06425714492797852,-0.9271880984306335
3127,3127,1,0.9939282,255.41624520136847,45.97789816643337,754.6866951488765,0.97051698093465,-0.06627302485960695,-0.37132424116134644,-0.05550733208656311,-0.9268426299095154
3128,3128,1,0.99596334,260.61291102527633,48.759043239257856,766.6996018067489,0.9770763709069598,-0.08304684612008778,-0.37446334958076477,-0.06391832232475281,-0.9250360727310181
3129,3129,1,0.9936992,257.65454695574846,48.8354584071358,756.8909964303916,0.9746780010957244,-0.08067407168291593,-0.37430331110954285,-0.06396191567182541,-0.9250977635383606
3130,3130,1,0.9940621,259.16450132006713,48.97736287017265,761.082155171931,0.9434078210744609,-0.11131416754426177,-0.3552663326263428,-0.07450328022241592,-0.9317913055419922
3131,3131,1,0.99321187,254.40479560350886,48.11644677180558,749.1239674195955,0.8173978558038956,-0.06830572039035263,-0.28171199560165405,-0.058133773505687714,-0.9577362537384033
3132,3132,1,0.99393153,261.1145029006899,48.63696183204155,767.526503021848,0.6550224179727746,0.06174700234815408,-0.1841111034154892,-0.006030837073922157,-0.9828869104385376
3133,3133,1,0.9921828,256.15809766423405,47.19678050167679,749.9412394524289,0.5072600236577616,0.15251510808032176,-0.07989918440580368,0.035867657512426376,-0.9961574673652649
3134,3134,1,0.992597,258.0623787542541,45.61313674272066,740.1062918844963,0.33721905320270273,0.18672851213368588,0.04222339019179344,0.05719342827796936,-0.9974699020385742
3135,3135,1,0.99488395,263.68657752990333,44.05948449445659,745.6117366119532,0.1154562388948562,0.3102623391610076,0.19526667892932892,0.11419130861759186,-0.9740797281265259
3136,3136,1,0.9939812,273.33479482315107,43.45015007322586,760.7474885264487,-0.09754470622334592,0.504243668758165,0.32038989663124084,0.19012051820755005,-0.9280110001564026
3137,3137,1,0.9928824,279.2226879978244,42.862529712675155,773.7664107379736,-0.14453978402828022,0.4397912778121698,0.3382871150970459,0.16287657618522644,-0.9268403649330139
3138,3138,1,0.993954,266.81709370286995,42.491319144592005,740.2403875431763,-0.09652938452061098,0.2778131059227322,0.33738040924072266,0.10498867183923721,-0.9354954957962036
3139,3139,1,0.9944534,271.17964180884815,42.61489844881331,756.957436947156,-0.10892087069071874,0.2290773814467921,0.33302241563796997,0.08379287272691727,-0.9391883611679077
3140,3140,1,0.99291444,269.9950521856999,41.69588665061699,757.4158254726035,-0.08929096838020902,0.20392614646110996,0.32175856828689575,0.07496336102485657,-0.9438495635986328
3141,3141,1,0.9890708,269.603562314817,40.899189552089126,754.4399318774639,-0.09326843990463736,0.17395558196345984,0.32581454515457153,0.0645722970366478,-0.9432259798049927
3142,3142,1,0.99341315,274.4025349713651,40.720757667084,769.1378095753989,-0.1182931311332946,0.11433914521301217,0.32955554127693176,0.04125075042247772,-0.9432346224784851
3143,3143,1,0.9910212,269.4455890121374,39.90247829761238,755.2961758045717,-0.11662140067646906,0.07281527188542597,0.3395267128944397,0.0269159022718668,-0.9402112364768982
3144,3144,1,0.994436,277.03055332599314,40.87248934126921,772.1006493045538,-0.17017293104290823,0.0749830378929618,0.3563927412033081,0.026905905455350876,-0.9339487552642822
3145,3145,1,0.9898233,271.92667941748977,40.33809618671823,756.4503114283344,-0.16507471658260958,0.08161472724193225,0.3658415675163269,0.03047812171280384,-0.9301779866218567
3146,3146,1,0.9954892,272.43711529690773,40.082492940115124,754.5012530257536,-0.1812454675217608,0.09930928720776826,0.3759918808937073,0.03786099702119827,-0.9258491396903992
3147,3147,1,0.9956781,272.10966944328044,41.03562893342899,751.3247108043071,-0.19716988846679787,0.14031556399999695,0.3876720070838928,0.052626755088567734,-0.9202938675880432
3148,3148,1,0.99601847,273.0290480138478,41.6061694102465,752.4849629517739,-0.2216680596263771,0.2307642908060042,0.401139497756958,0.08656508475542068,-0.9119175672531128
3149,3149,1,0.992661,275.18642210113796,42.28919455850239,759.9345360538488,-0.23781420391745242,0.34626872405082004,0.40484413504600525,0.1288621574640274,-0.9052600860595703
3150,3150,1,0.99411446,281.9211009613253,42.97221225166927,776.6043574248789,-0.2077821137017465,0.3878714952826894,0.37241294980049133,0.14191491901874542,-0.9171525239944458
3151,3151,1,0.9960055,266.51363688956275,41.25848333294516,742.8186188003842,0.11235606643696075,0.3970164342261861,0.19350570440292358,0.1545753926038742,-0.9688457250595093
3152,3152,1,0.99261427,242.03934299627863,36.10458931191696,698.2078647451598,0.3914653626436288,0.31267856914816317,0.023715022951364517,0.12966737151145935,-0.9912739396095276
3153,3153,1,0.9967873,241.9255486417953,29.870118841360114,721.6864984570121,0.5864824273794791,0.25220202572739964,-0.1244194284081459,0.10204588621854782,-0.9869683384895325
3154,3154,1,0.9956696,245.16868487620005,28.650202301766047,741.872680792006,0.7519865801533706,0.22590320577172293,-0.24051904678344727,0.08385160565376282,-0.96701580286026
3155,3155,1,0.9967435,253.2430513912559,31.364036385126994,758.1679810149766,0.9054629974106377,0.07263731775183502,-0.33621761202812195,0.014707167632877827,-0.9416694641113281
3156,3156,1,0.9892078,261.21668280395,37.329169572934056,777.9228865266955,0.939765998200207,-0.05334315211584928,-0.3515637516975403,-0.03868655860424042,-0.9353642463684082
3157,3157,1,0.9916197,259.62041533278585,43.007312916792166,765.7576237211214,0.9335340451187049,-0.07538565262263355,-0.3501558303833008,-0.05403951555490494,-0.9351313710212708
3158,3158,1,0.9908042,257.0700438621422,48.30913030808724,758.7701951343641,0.9318162067555185,-0.1198352961486862,-0.3469962477684021,-0.07694631069898605,-0.9347047805786133
3159,3159,1,0.99441373,255.32288437447332,51.00607882125249,753.9291600663495,0.9397985928277721,-0.1324288440102288,-0.35087472200393677,-0.08525890111923218,-0.9325329661369324
3160,3160,1,0.9948744,260.2464376884418,49.807353112676175,773.4691311743659,0.9541442695194786,-0.16605925270506147,-0.3546849191188812,-0.09333974868059158,-0.9303151369094849
3161,3161,1,0.9933827,259.49221066732724,45.86290040388244,768.5819614882494,0.9924585775854448,-0.21211869784482643,-0.3744717836380005,-0.10475168377161026,-0.921302318572998
3162,3162,1,0.9934303,248.57209683749105,44.69223967684608,736.4152488033554,1.0187768789010343,-0.2404339978111968,-0.38954463601112366,-0.11736299842596054,-0.9134992361068726
3163,3163,1,0.9967525,256.24985084209425,47.588851631414535,759.920829453066,1.0591708744920383,-0.2810486900948945,-0.40589725971221924,-0.1303671896457672,-0.9045727252960205
3164,3164,1,0.9947679,255.00607752340161,48.4055673566939,758.7964765369311,1.0679288681498618,-0.2812947991161312,-0.4095671474933624,-0.13148726522922516,-0.9027546048164368
3165,3165,1,0.9952053,260.39193205604835,48.80061803729672,773.8943925784306,1.0742351017037517,-0.2685838029887291,-0.41213729977607727,-0.12531477212905884,-0.9024627804756165
3166,3166,1,0.9967803,258.85951797129485,48.82612779951591,771.8792360913761,1.0589903635793305,-0.22113027910775315,-0.40648624300956726,-0.11031722277402878,-0.9069724678993225
3167,3167,1,0.9967056,260.3765325210216,48.5834005299102,776.3742012714687,1.0494956942256297,-0.19784161095047742,-0.4024781584739685,-0.10182792693376541,-0.9097484946250916
3168,3168,1,0.9962716,263.18881348751614,48.203520420568545,782.4616075214616,1.01989949444555,-0.13638987772141165,-0.3906330168247223,-0.08028183877468109,-0.917039155960083
3169,3169,1,0.9955662,257.796750568183,48.09288917351005,765.2361883029347,1.0008673277096252,-0.09099658198947767,-0.38467320799827576,-0.06616408377885818,-0.9206784963607788
3170,3170,1,0.9949647,265.44861645106414,48.06864389721621,785.6790375088068,0.9783288258753624,-0.06913414485652014,-0.3729201555252075,-0.056873708963394165,-0.926118791103363
3171,3171,1,0.9946312,265.2525443031217,47.16388536348486,782.2148533797836,0.9582799464545736,-0.06920190523410544,-0.36335667967796326,-0.05591883137822151,-0.9299704432487488
3172,3172,1,0.9937884,254.66319986817953,45.84567794105799,743.9068359145225,0.9240037265267158,-0.044195729038776,-0.34955674409866333,-0.04762345552444458,-0.9357041120529175
3173,3173,1,0.99384755,256.85994704718286,45.168291951436636,747.3794065774106,0.8963408860213798,-0.025045311938622163,-0.33521419763565063,-0.03916462883353233,-0.9413275718688965
3174,3174,1,0.99511176,263.17561229228676,45.31649551713888,763.7463727134714,0.875615834121513,-0.011720849353598795,-0.3242294192314148,-0.03337850794196129,-0.945389449596405
3175,3175,1,0.99551386,264.9201455258715,45.323824518782054,770.5789401168354,0.8515188334181539,-0.0177774696319892,-0.3091437518596649,-0.03496672958135605,-0.9503722190856934
3176,3176,1,0.9967456,265.24107285437157,44.9511087840541,766.0235875562988,0.8308679228725055,-0.023404265721995988,-0.2985989451408386,-0.03646476939320564,-0.9536818265914917
3177,3177,1,0.99556607,265.3147856807971,44.31019450642509,763.9872364939389,0.8333210420068783,-0.034453738686414874,-0.30045467615127563,-0.03983505815267563,-0.9529638290405273
3178,3178,1,0.99548364,268.6929703521701,44.70220718421216,770.5995179718398,0.83049851479766,-0.047467702318501885,-0.2997080981731415,-0.04465358704328537,-0.9529853463172913
3179,3179,1,0.9960769,274.31423777640924,45.335487405272055,787.5113925208248,0.8279643369302225,-0.07765663552969909,-0.29733651876449585,-0.05511680617928505,-0.9531805515289307
3180,3180,1,0.9964547,268.8748081283343,44.97893027036982,768.8754045779741,0.8320930534015294,-0.10417733665053479,-0.29907411336898804,-0.06560161709785461,-0.9519721865653992
3181,3181,1,0.9967539,267.7015125913521,44.584962526456394,767.8547933489648,0.8275673087175245,-0.11892454611176217,-0.2947682738304138,-0.0704912468791008,-0.9529651999473572
3182,3182,1,0.99729556,267.4615700690657,44.25316681356819,766.4171942540789,0.8313914384528442,-0.12921822142834188,-0.29684191942214966,-0.073924221098423,-0.9520609974861145
3183,3183,1,0.99731356,266.8263356031312,44.734604428549794,763.2091019094092,0.8301527535642366,-0.11965543661933573,-0.29692021012306213,-0.07137276232242584,-0.952231228351593
3184,3184,1,0.99717593,267.1388574967409,45.13724753585061,760.7638178241501,0.8292075136324567,-0.09703005894110216,-0.29856666922569275,-0.06386563181877136,-0.9522494673728943
3185,3185,1,0.99698347,273.2875286722829,45.04769644426967,777.6818170522079,0.8303342918517894,-0.07251835708280291,-0.3012435734272003,-0.0536070354282856,-0.9520391821861267
3186,3186,1,0.9973991,278.97797351453454,44.79750041272205,796.2673625576098,0.7617032019382778,-0.036407424169275025,-0.2621079385280609,-0.03850134462118149,-0.964270293712616
3187,3187,1,0.99752325,271.4447189801388,44.644958291963825,773.8790156890059,0.636072528654679,-0.003590973090799956,-0.18107086420059204,-0.0251778494566679,-0.9831476807594299
3188,3188,1,0.9975182,261.4727392422237,43.658823633358644,744.929581619671,0.5117873229172232,0.020187442829786524,-0.0879676342010498,-0.01280752383172512,-0.9960409998893738
3189,3189,1,0.9976526,256.05949445315264,43.01084145195052,722.9203180930881,0.4048328574320288,0.06932159992684371,-0.003638043301180005,0.010820579715073109,-0.9999348521232605
3190,3190,1,0.9923178,250.0444422797549,41.217972099966275,695.7855552930124,0.30000647753929777,0.0969615297954461,0.08759208023548126,0.028719758614897728,-0.9957423210144043
3191,3191,1,0.99720335,262.8941155001824,40.631145055220564,726.2752900037249,0.12367445566005938,0.13835609970119842,0.19641488790512085,0.0495169460773468,-0.9792697429656982
3192,3192,1,0.9971009,267.8101675511855,38.9102753962414,730.3526122914553,-0.03340195465795653,0.15421008759570323,0.298488587141037,0.060619253665208817,-0.9524861574172974
3193,3193,1,0.99758387,282.0826777233929,36.102498340545885,756.9686327589466,-0.14635763457692058,0.1666000172138937,0.34322768449783325,0.06859859079122543,-0.9367438554763794
3194,3194,1,0.9982982,263.41190483068317,34.49441941522917,703.4488789432335,-0.06505656554798507,0.17276421778201004,0.33648353815078735,0.07702551037073135,-0.9385339021682739
3195,3195,1,0.99836093,273.22202252718535,36.61539178440848,732.3878735591771,-0.0378894083917163,0.21187892549233744,0.2939265966415405,0.0873013511300087,-0.9518328309059143
3196,3196,1,0.99655825,269.9333922366118,38.599819811372605,732.5447988368511,0.13314634601250547,0.27686699505728357,0.17745354771614075,0.10985199362039566,-0.9779789447784424
3197,3197,1,0.99606115,255.1758097406015,35.74234454676249,716.1525380362851,0.37783944277812126,0.1990496658224843,0.016256015747785568,0.0778532400727272,-0.9968323111534119
3198,3198,1,0.99424475,243.06295099920513,27.39778030070633,706.5514317492092,0.5798659367270728,0.09868948980657014,-0.11997857689857483,0.04179828613996506,-0.9918962121009827
3199,3199,1,0.99575055,250.5914975705506,26.93320199694089,731.2221708873162,0.744607096166206,0.11127177367000116,-0.24247992038726807,0.04110896959900856,-0.9692850708961487
3200,3200,1,0.99701416,242.67100042150835,30.11254126536555,705.543844057181,0.9183691808343388,0.025359879021252335,-0.3521841764450073,-0.0016599191585555673,-0.9359292387962341
3201,3201,1,0.99495584,247.81376035410958,32.72007927200841,718.2779786789446,0.9485731009999051,-0.11094446628197792,-0.36437591910362244,-0.05758529528975487,-0.929469883441925
3202,3202,1,0.995465,241.4408268309592,32.515105570089254,703.8498822702019,0.9413442343300102,-0.1646927131375836,-0.35639622807502747,-0.0789850577712059,-0.9309903979301453
3203,3203,1,0.9953388,247.6917766498349,29.931532567348583,724.6574600137673,0.9309881494563115,-0.21177391714191088,-0.34611546993255615,-0.09080393612384796,-0.9337873458862305
3204,3204,1,0.9958662,250.30149926847653,32.576978114335525,732.0890947252042,0.9163187061600961,-0.19433510858242228,-0.33813875913619995,-0.08690579980611801,-0.9370750188827515
3205,3205,1,0.99849427,250.92543695309564,33.457504226816766,734.4806538461471,0.8985340513605996,-0.1700015787715543,-0.3284834027290344,-0.07882682234048843,-0.9412146806716919
3206,3206,1,0.9976102,257.95460225263156,32.37175549222493,754.9014870603615,0.8949516801801738,-0.16978348489905534,-0.3263845145702362,-0.07526909559965134,-0.9422354698181152
3207,3207,1,0.9979912,256.4518376105031,32.68259075078961,749.6028714629324,0.8969437885518142,-0.16817394396195584,-0.3279816508293152,-0.07560316473245621,-0.9416539669036865
3208,3208,1,0.99838483,262.991452521697,35.1480772870655,766.0306380174765,0.9149712181767068,-0.16431619370696202,-0.33930251002311707,-0.07567215710878372,-0.9376287460327148
3209,3209,1,0.99819225,252.13857098954068,35.052919857672215,730.4231359386393,0.9013064458690604,-0.19770208503904138,-0.33171311020851135,-0.09139832854270935,-0.9389423727989197
3210,3210,1,0.9969382,266.1835382279574,32.156634161998944,766.9719617665291,0.852659880750009,-0.22757743791569054,-0.30370745062828064,-0.09396493434906006,-0.9481204152107239
3211,3211,1,0.99720263,258.92260977466657,31.25806928714329,738.0411992314677,0.7760265545015684,-0.08718658290802662,-0.26426994800567627,-0.043430767953395844,-0.9634703993797302
3212,3212,1,0.9987778,264.7521263761137,33.701241268852016,733.4597906754485,0.6172455336250388,0.3706295274106183,-0.17881560325622559,0.14258185029029846,-0.9734964966773987
3213,3213,1,0.9991025,272.6396315697786,36.499966422751264,722.0437086386258,0.19092254987679425,1.075523019570982,0.1166483536362648,0.4422595500946045,-0.8892691731452942
3214,3214,1,0.9981371,290.0450813485368,34.666185400192404,747.4873918066934,-0.3080114076739217,2.0571749527121814,0.3527551591396332,0.6775342226028442,-0.6453768014907837
3215,3215,1,0.9982046,299.1442719976788,33.76790363600073,749.5833430099057,-0.47397537648079724,2.3748978721196483,0.399301677942276,0.7187480330467224,-0.5691744685173035
3216,3216,1,0.99908996,297.72188818942203,34.88353620718242,734.0989035446743,-0.38960811879180407,1.906487575119196,0.40202927589416504,0.6424301266670227,-0.6524232029914856
3217,3217,1,0.99874073,305.23965552826405,35.92791517924494,749.754960219464,-0.3124791060340762,1.5489410472390743,0.37469425797462463,0.5547914505004883,-0.7428396344184875
3218,3218,1,0.9993506,311.4620640218612,37.11621499109828,760.5386023250891,-0.2544814970092397,1.3334795034438351,0.3443085253238678,0.4919666051864624,-0.7996377348899841
3219,3219,1,0.99924785,307.8794289021227,38.36937040990412,749.3247264806223,-0.1745279961920558,1.1928356405170084,0.3110774755477905,0.4564658999443054,-0.8335884809494019
3220,3220,1,0.9985201,323.1529339318044,38.53356861629699,782.1669956690889,-0.17746030888140155,1.1806396222172868,0.28504085540771484,0.43877455592155457,-0.8521904945373535
3221,3221,1,0.9986299,311.87965378616235,39.056320952123905,754.7794897040685,-0.1289491866972012,1.1674994985130691,0.27688068151474,0.4481419026851654,-0.8500035405158997
3222,3222,1,0.998919,306.7321906323537,38.98824848328433,741.5593374575195,-0.09188215585208923,1.1823711243032784,0.2623993456363678,0.4613763093948364,-0.8475130796432495
3223,3223,1,0.99878055,315.12103140375535,38.77217376321109,763.2839849280521,0.026358850302304948,1.2165340104808602,0.16562017798423767,0.46785154938697815,-0.8681502938270569
3224,3224,1,0.9990901,305.5829185603102,38.62006645427749,749.1617948767417,0.2793867199242658,1.0094408948312352,0.004667534958571196,0.40100082755088806,-0.9160657525062561
3225,3225,1,0.9976405,284.394574600813,36.460549319607274,724.2935390480703,0.537771695059657,0.8020053059849617,-0.15669067203998566,0.32293981313705444,-0.9333584308624268
3226,3226,1,0.99863404,273.3657740006713,34.66376820081522,727.6783869182847,0.7366209802516043,0.6343775038369635,-0.27941587567329407,0.24282963573932648,-0.9289566874504089
3227,3227,1,0.9980204,268.6439229504219,33.25884423880159,732.9495129164244,0.8965765605891323,0.33467012597231066,-0.3675999641418457,0.11422255635261536,-0.9229428768157959
3228,3228,1,0.99828726,265.06078506458044,32.84732737916256,732.7271728847776,0.9554842966207736,0.06998540627011197,-0.38918548822402954,0.010871495120227337,-0.9210953116416931
3229,3229,1,0.9982161,259.9576842913379,32.57945104303405,723.0512490428091,0.9694939778889986,-0.021681971118359455,-0.39208051562309265,-0.0236340444535017,-0.9196272492408752
3230,3230,1,0.9984548,256.4825182367844,32.6694320719243,719.1053777496048,0.9649705281153399,-0.08956410924724234,-0.38425931334495544,-0.04935359209775925,-0.9219051003456116
3231,3231,1,0.99762195,263.3305582046933,32.870265158756496,740.1941429718031,0.9610365922567233,-0.13774567754219377,-0.37765181064605713,-0.06564471870660782,-0.9236178398132324
3232,3232,1,0.99704605,258.76196537534827,32.39415228800477,731.4268370571493,0.9683392565373823,-0.18232575563962233,-0.3784140944480896,-0.0820317268371582,-0.9219943284988403
3233,3233,1,0.99693656,255.1907629974039,32.732042303648996,721.1496822495087,0.9667828957395307,-0.17548602299121227,-0.378547340631485,-0.08109507709741592,-0.9220225214958191
3234,3234,1,0.99672544,266.9173803532519,32.55854102710952,757.5729069237426,0.9756499395170383,-0.17794118325241268,-0.3800007700920105,-0.07798641175031662,-0.9216927886009216
3235,3235,1,0.9968727,258.08540430301235,32.92140152006686,726.4708616288868,0.9655858840176614,-0.1473558120255222,-0.3801139295101166,-0.07046673446893692,-0.9222515225410461
3236,3236,1,0.9975909,258.4718059042017,33.95958121019182,726.9326529097698,0.9472663503553241,-0.11446685496155602,-0.3714875280857086,-0.059580087661743164,-0.92652428150177
3237,3237,1,0.99808973,258.0143522305138,34.9774155604282,721.2211011644755,0.8647242290020141,-0.0671072320720814,-0.3263099491596222,-0.04270634800195694,-0.9442976117134094
3238,3238,1,0.9987349,275.4150666350574,35.204769407457384,761.8452068627727,0.7468910976589316,-0.0481281078519377,-0.2593904137611389,-0.032029613852500916,-0.9652413129806519
3239,3239,1,0.9985019,273.12245599892947,35.50120236547287,745.9838073019076,0.6388622162222091,0.02489436104636167,-0.1927919089794159,-0.0026440902147442102,-0.9812361001968384
3240,3240,1,0.998863,275.26536152402485,36.13109877770978,736.3153289798892,0.5380015446644626,0.17091711625918435,-0.13082264363765717,0.058652352541685104,-0.9896693229675293
3241,3241,1,0.9987085,265.5282808158341,34.04041276137847,697.9354028229973,0.43094766181635386,0.5816830137614608,-0.04806498810648918,0.250870943069458,-0.9668265581130981
3242,3242,1,0.99832636,272.3233631873735,31.039039880635915,707.028154315016,0.1454137815126052,1.2256884112864967,0.1477361023426056,0.5099244117736816,-0.8474379777908325
3243,3243,1,0.9984114,276.6097749682591,31.62020176561695,710.9835757941854,-0.2409097132315646,2.183574833779032,0.3294468820095062,0.7270539999008179,-0.6023763418197632
3244,3244,1,0.9977977,282.87337797742873,35.40017985829173,729.6722617391733,-0.5792948223318664,3.784308024802812,0.3484933376312256,0.8704689741134644,-0.34761500358581543
3245,3245,1,0.997131,292.89989453979933,40.45935378795654,762.9532152579486,-0.6063339626802038,4.2583365235010175,0.3181662857532501,0.8924487233161926,-0.3198523223400116
3246,3246,1,0.99811625,281.889431576824,44.438627020147386,742.5469283872325,-0.48331475773703236,3.7826930494339575,0.3149172365665436,0.8761191964149475,-0.365023672580719
3247,3247,1,0.99791914,283.11916214392954,43.575905793152,749.631701675483,-0.5353879297143421,3.45226545220835,0.3559279143810272,0.8415806293487549,-0.40627261996269226
3248,3248,1,0.9976272,272.09435430825954,39.973731238375855,721.8430334832832,-0.4734450702752956,2.498014885546479,0.419681578874588,0.7396035194396973,-0.5261693000793457
3249,3249,1,0.99874204,265.1507623477546,37.226521834408864,707.3032819746139,-0.33199340830626467,1.790835380857882,0.4222303628921509,0.6244506239891052,-0.6571019291877747
3250,3250,1,0.9989793,256.9071784849912,36.050185988817894,685.0651807324924,-0.1410576722318498,1.3596023553789318,0.362949401140213,0.5387982726097107,-0.7602395415306091
3251,3251,1,0.9991635,273.5126213386851,35.1740432260572,729.6207093592093,0.03015099042910383,1.219711442284775,0.22354047000408173,0.48603948950767517,-0.844864010810852
3252,3252,1,0.9987924,269.34344663665735,33.15755744904998,726.3505510666823,0.2893112296619155,0.8709685650975255,0.05166349932551384,0.3649214804172516,-0.9296038150787354
3253,3253,1,0.99577963,252.12011156799076,30.084018989254087,702.0873580878032,0.5742560373549529,0.6135414252887664,-0.14018023014068604,0.2619903087615967,-0.9548353552818298
3254,3254,1,0.9955894,254.0391926808251,29.396598142154033,707.3290629642756,0.768641534608949,0.5049362345384477,-0.2814958393573761,0.20231616497039795,-0.9379916787147522
3255,3255,1,0.99672407,262.41230507748276,31.007911502207993,728.0225789067722,0.9297282360850561,0.33498646990018965,-0.38231444358825684,0.11649573594331741,-0.9166593551635742
3256,3256,1,0.994768,258.11903098093643,31.807136195168514,709.3450285311037,0.9684504866207742,0.09965926025441058,-0.40125107765197754,0.023772159591317177,-0.9156596064567566
3257,3257,1,0.9954123,261.97557877463134,31.53143704602499,718.2339357765876,0.984298826023093,-0.026751749205106964,-0.40467771887779236,-0.02452162280678749,-0.9141305685043335
3258,3258,1,0.9960517,265.2637318264592,32.48931523242896,725.9465842848982,0.9737916684217247,-0.09652250962931157,-0.39531266689300537,-0.05114324018359184,-0.9171217083930969
3259,3259,1,0.99603444,265.7006742369686,33.56987551059803,729.9737192491675,0.9540549254378617,-0.0979607824765735,-0.3827510178089142,-0.05264725536108017,-0.9223502278327942
3260,3260,1,0.9964857,267.02239829583556,32.222594533908136,737.5042452118388,0.9097870155097982,-0.09330576372396891,-0.3557646870613098,-0.04838084429502487,-0.9333224892616272
3261,3261,1,0.99632925,262.42422433052553,32.79496747582606,728.0957280945172,0.8558357646452346,-0.08598087515592073,-0.322437047958374,-0.04647271707653999,-0.9454494118690491
3262,3262,1,0.9970798,268.43720607101824,33.07796700114635,746.8172734755007,0.861956126762028,0.014408161396113854,-0.32992643117904663,-0.008280834183096886,-0.9439703226089478
3263,3263,1,0.99785703,260.7136261096382,34.242194907010024,729.2901979233792,0.8873354232366492,0.08896009249942916,-0.3465467393398285,0.01818598061800003,-0.9378563761711121
3264,3264,1,0.9985397,254.46578803286243,33.299234711035155,707.3493542490836,0.8447829936044343,0.17854344212314605,-0.3250178098678589,0.05763176828622818,-0.9439502358436584
3265,3265,1,0.997195,261.4152055953412,31.587845663239676,728.546792755588,0.8316273165107386,0.33651652898624596,-0.32086023688316345,0.12170074880123138,-0.9392750859260559
3266,3266,1,0.9958662,257.2527082369872,30.543053543259123,722.0171299572138,0.9369770722801857,0.47234376984588416,-0.3864973783493042,0.1716734915971756,-0.9061722159385681
3267,3267,1,0.9974655,253.77163704776322,32.249467983738164,706.2632554235244,0.9716185147144926,0.4100055387992993,-0.40950649976730347,0.14579075574874878,-0.9005829095840454
3268,3268,1,0.9973673,258.1979717000757,33.868652872939634,721.0918534297126,0.9962484254655188,0.3254609440318746,-0.41919827461242676,0.10656022280454636,-0.901619553565979
3269,3269,1,0.9976209,266.10729365498713,35.266985710036884,738.3301852468215,1.016311438195,0.27660281914369944,-0.4287804663181305,0.0829048603773117,-0.899596631526947
3270,3270,1,0.9973495,280.8226438182469,36.54763888126562,776.7614447781743,1.0417743574324798,0.3407264591245315,-0.44019120931625366,0.09883072227239609,-0.8924484252929688
3271,3271,1,0.9960802,282.18985287569734,37.66844751793362,777.7462241791291,1.0646687144731382,0.21915690905554774,-0.44884738326072693,0.0537150576710701,-0.8919925689697266
3272,3272,1,0.99721295,275.0911935411523,37.75090317680631,752.3314044767277,1.0882072774621614,0.09733257382851125,-0.46148574352264404,0.01117771677672863,-0.8870772123336792
3273,3273,1,0.99795145,285.06413982900864,38.276346571261065,777.9967773838767,1.1067210843220845,0.02521100954747711,-0.4641743302345276,-0.014600631780922413,-0.8856235146522522
3274,3274,1,0.99779874,277.0133871049467,38.385339326908934,754.7899409531918,1.1088753348202163,0.001616993671360376,-0.4679551124572754,-0.023334156721830368,-0.8834441304206848
3275,3275,1,0.9976646,272.410081950344,37.88624060738355,745.6120951791776,1.0988472354276657,0.0008320445872452235,-0.46326708793640137,-0.023164698854088783,-0.8859159350395203
3276,3276,1,0.9975018,275.7617649454831,38.32468114788245,753.4758795824351,1.075905737458003,0.0316926137949402,-0.4526807963848114,-0.01234930194914341,-0.8915871977806091
3277,3277,1,0.99781394,273.5669823256723,38.96920764944685,747.9326006427382,1.042498349925069,0.05735746357692894,-0.4374504089355469,-0.003481003688648343,-0.8992357850074768
3278,3278,1,0.9977545,284.63304517444067,39.67193741550073,775.6102439076197,1.009529934971419,0.09407122248976629,-0.41998040676116943,0.009278388693928719,-0.9074857831001282
3279,3279,1,0.9974681,284.32553946878403,39.87218050871677,771.1674454582923,0.9666516127363083,0.1349784795372531,-0.4008200168609619,0.02470349706709385,-0.915823757648468
3280,3280,1,0.9969817,286.89012593023745,40.478988808126395,775.5763994750369,0.929691174702194,0.16494153231946554,-0.3826746344566345,0.035622548311948776,-0.9231961965560913
3281,3281,1,0.9966768,285.40289252732305,41.290768366125,775.1460341716169,0.8985568741931379,0.20847255363841516,-0.3655405640602112,0.05149552598595619,-0.9293698668479919
3282,3282,1,0.9971601,282.20414371750684,41.28559525198645,762.205731391815,0.8704467173185929,0.2372662907031657,-0.35232868790626526,0.0641479417681694,-0.9336752891540527
3283,3283,1,0.9974657,289.0004446087243,41.267702289092874,779.9178030559156,0.8551059317007225,0.18769240510822424,-0.3421329855918884,0.0450311042368412,-0.9385719299316406
3284,3284,1,0.99777204,285.429700639395,40.39108993768494,767.6130808299769,0.8509493164386867,0.15506191688991694,-0.33959048986434937,0.03485864773392677,-0.9399272799491882
3285,3285,1,0.99801,285.7647291433722,40.20564041683135,769.348638587096,0.8445611514560878,0.11802837478914259,-0.3342287242412567,0.02148573100566864,-0.9422470331192017
3286,3286,1,0.9982838,286.59586919058245,40.30934378519411,771.112240383814,0.8450030683287756,0.0745237198490284,-0.3331160247325897,0.005289785098284483,-0.9428709745407104
3287,3287,1,0.9982792,287.512544117988,40.183281328233285,773.8099945397798,0.8516770524608391,0.028444751281290183,-0.335157573223114,-0.011481466703116894,-0.9420921206474304
3288,3288,1,0.99818254,283.9769994322275,39.51098700815337,766.2389077167467,0.863435385772586,-0.03954025264271482,-0.3382258117198944,-0.03567265346646309,-0.9403886198997498
3289,3289,1,0.9977864,288.56059200747814,40.129896064795496,777.8485193639127,0.880912332779452,-0.09112744197918655,-0.3462587594985962,-0.0542764775454998,-0.9365676641464233
3290,3290,1,0.9977585,287.6292457744541,40.03877483289074,777.896790010606,0.8819601197662101,-0.10017457960727263,-0.3454274535179138,-0.05736253038048744,-0.9366906881332397
3291,3291,1,0.99709153,283.24386195323456,39.220516740676,770.0134124089894,0.865603324193685,-0.10675478590707921,-0.3342490494251251,-0.05920656397938728,-0.9406233429908752
3292,3292,1,0.99669975,282.82671372613225,39.61978738857301,769.79324861529,0.8378975751661799,-0.10346748841240616,-0.3180212378501892,-0.058349013328552246,-0.9462863802909851
3293,3293,1,0.9962936,278.76991727639296,38.83465548141545,758.4465221999511,0.8127719159514576,-0.058709497813136835,-0.30466559529304504,-0.04162544757127762,-0.9515494108200073
3294,3294,1,0.99605113,275.37758001789734,39.38276071749776,748.1505458432404,0.8085158029456557,-0.03430241959745514,-0.30295538902282715,-0.03371572867035866,-0.9524081945419312
3295,3295,1,0.9961371,274.06511306673605,39.61611629953399,745.237817925739,0.8077088631102955,-0.018445797879281748,-0.3026553988456726,-0.02815750241279602,-0.9526840448379517
3296,3296,1,0.9965438,275.2211784034205,39.612597106579464,747.8860119994107,0.8006298652646007,-0.0029566409370258917,-0.2992847263813019,-0.022082429379224777,-0.9539083242416382
3297,3297,1,0.99713326,269.8934249056985,39.84645331468827,730.6857805500746,0.8108715711079391,-0.01776130289297468,-0.3052119314670563,-0.028813781216740608,-0.9518484473228455
3298,3298,1,0.9974057,270.9210260745117,39.779163347780305,734.520385346458,0.8263403176894228,-0.0589988678694818,-0.31281426548957825,-0.04450957477092743,-0.9487708210945129
3299,3299,1,0.997509,282.8848311493119,39.84046800963498,767.9039710109428,0.850011897596394,-0.10515504588540481,-0.3257540166378021,-0.05944410711526871,-0.9435839653015137
3300,3300,1,0.99749964,275.39953995332684,39.22712866965919,746.180319537864,0.862203271455236,-0.1276490639370113,-0.3319317400455475,-0.06871040910482407,-0.9407976865768433
3301,3301,1,0.99734926,269.76474715745553,39.43525472767865,730.5670131447886,0.8590409361775609,-0.1214206091913568,-0.33013826608657837,-0.0681164562702179,-0.9414716362953186
3302,3302,1,0.9963374,283.2852972378332,39.44564254455713,769.9948122841437,0.8542510779234492,-0.12707615371928802,-0.32687437534332275,-0.06661931425333023,-0.9427168369293213
3303,3303,1,0.99558926,269.2296935333026,39.159225790811526,732.0375851617606,0.8539296089340843,-0.07294373006006567,-0.3281075954437256,-0.0494496114552021,-0.9433451890945435
3304,3304,1,0.99594134,282.30433134371816,39.923783983801655,770.834409087316,0.8662465085009009,-0.053492016335024886,-0.3355926275253296,-0.041056256741285324,-0.9411121010780334
3305,3305,1,0.9953753,267.0426137656104,39.8818651864999,728.2191157898282,0.9001332078695612,-0.0438267440473028,-0.35624411702156067,-0.04016578570008278,-0.933529257774353
3306,3306,1,0.99484646,278.27223168334723,40.666269922581876,760.7677524736288,0.9281082824698609,-0.028610346909173603,-0.37134671211242676,-0.03427596017718315,-0.9278614521026611
3307,3307,1,0.9956535,277.24222726345494,40.183149518725564,757.9720279838626,0.9535619759067718,-0.056874781858184446,-0.3842116892337799,-0.04419782757759094,-0.9221864938735962
3308,3308,1,0.9966043,276.3678918192197,40.01685510180966,758.2592742088733,0.9808346147456787,-0.10630844732953713,-0.3955531716346741,-0.06162864342331886,-0.916373074054718
3309,3309,1,0.9970498,277.9525197860016,40.26718728907148,761.2015609504841,0.9961875209498057,-0.12990501208414065,-0.4028106927871704,-0.06991187483072281,-0.9126093983650208
3310,3310,1,0.99719524,269.5727308773171,40.05927612394992,737.8599315275987,1.0013828236707651,-0.1526391403063345,-0.4063473641872406,-0.07985520362854004,-0.9102225303649902
3311,3311,1,0.99749905,266.9104433416258,39.752677453845195,734.3903793577707,1.0016506778487564,-0.13683459846911447,-0.4061768352985382,-0.0742684006690979,-0.910771369934082
3312,3312,1,0.99770737,276.1033082563174,41.10035895092785,760.8985227089428,1.0060997288352747,-0.09564006793340549,-0.40794894099235535,-0.0591445192694664,-0.9110869765281677
3313,3313,1,0.99794966,276.1675296627661,40.69119542986484,767.1752754225239,1.0385140514078108,-0.040296139037698436,-0.4245300889015198,-0.03936419263482094,-0.9045577049255371
3314,3314,1,0.9971257,269.68909616961565,40.74432279369815,747.3285092508031,1.0473803187446733,0.03702228199928686,-0.43551790714263916,-0.013038764707744122,-0.9000856280326843
3315,3315,1,0.997451,263.839800979848,40.621101667777175,733.3452161508586,1.0630516840252568,0.11215737927395085,-0.44789183139801025,0.013955208472907543,-0.8939788341522217
3316,3316,1,0.9974706,267.2543074598998,40.59426447929892,743.4942926552285,1.1028982146200956,0.12083137804532444,-0.4666736423969269,0.015897443518042564,-0.8842867016792297
3317,3317,1,0.9972274,271.16935815419316,41.60827909389604,751.1000875310643,1.136800704523956,0.12623307670889064,-0.4831438660621643,0.015552831813693047,-0.8754028677940369
3318,3318,1,0.9973579,264.3663088493263,41.54031704011055,734.5352177734832,1.1496757395926387,0.10055059485835693,-0.4904181957244873,0.006520756985992193,-0.8714628219604492
3319,3319,1,0.9960175,279.6140650748545,40.57498482448251,778.5739330406759,1.2171528784328494,0.07054031471345194,-0.5107511878013611,-0.004014379810541868,-0.8597192168235779
3320,3320,1,0.996036,281.51641390624695,40.39105313974966,783.4737175758792,1.2609865355385954,0.04931174108519543,-0.5273718237876892,-0.011366919614374638,-0.8495585918426514
3321,3321,1,0.9979965,276.7180226500563,39.52164512934644,769.7657896718637,1.2864657740222658,-0.008576784443150865,-0.5381899476051331,-0.029585225507616997,-0.8423041701316833
3322,3322,1,0.99812144,271.4701486919098,38.40272180804874,749.6518808922187,1.321227727775616,-0.0651406326853992,-0.5554839372634888,-0.047537438571453094,-0.8301673531532288
3323,3323,1,0.9978694,281.73175448288976,37.514796301392295,779.8055509817068,1.3801249500992199,-0.13377620840985974,-0.5669691562652588,-0.06602394580841064,-0.8210888504981995
3324,3324,1,0.998073,295.37576408327755,38.39278188270806,815.5488097969857,1.4296746410312815,-0.21120234609277458,-0.5728965401649475,-0.0862894058227539,-0.8150728344917297
3325,3325,1,0.9970253,282.43074501442317,37.31779183455064,773.8042035841991,1.440742748724947,-0.27012364614232376,-0.5845357775688171,-0.10591987520456314,-0.8044245839118958
3326,3326,1,0.9976755,279.07397162622084,38.11775649362474,764.4247969766448,1.4780919896972808,-0.3039679657662267,-0.5975048542022705,-0.11683190613985062,-0.793308436870575
3327,3327,1,0.99761343,274.09179246836476,38.0165349793707,747.6581449396708,1.4746756633033435,-0.28176939248736443,-0.6025742888450623,-0.11225943267345428,-0.7901278734207153
3328,3328,1,0.9970951,275.12459325696494,38.68247583380508,748.7476170411824,1.4734821735745087,-0.23177217346792522,-0.605205774307251,-0.09805544465780258,-0.7900070548057556
3329,3329,1,0.9983103,288.7156058351307,39.27653462915443,792.6513324590834,1.4902904553281502,-0.1684709061111625,-0.6016626954078674,-0.0762583538889885,-0.7951017618179321
3330,3330,1,0.9983713,283.82708334080377,40.02895478071206,781.2427224858325,1.4514089359020959,-0.09863784717676764,-0.5945373177528381,-0.057762786746025085,-0.8019905686378479
3331,3331,1,0.9970204,288.93306119042217,40.23000889053461,791.9030429781934,1.4192684271566827,-0.04460760165457927,-0.5842946767807007,-0.04134796932339668,-0.8104875087738037
3332,3332,1,0.99675554,300.9544236392468,41.56368264150938,828.4898474355676,1.4309168825283924,-0.04391040662993808,-0.5789254307746887,-0.04100885987281799,-0.814348578453064
3333,3333,1,0.99663794,281.7252293568793,40.63691953480568,771.2440513178007,1.3649716410972992,-0.06605576684043336,-0.5688740611076355,-0.04910179600119591,-0.820957601070404
3334,3334,1,0.99762577,294.91023473395757,41.252895564238024,810.2695192063985,1.3844430015924682,-0.11605681493229572,-0.5639270544052124,-0.062434304505586624,-0.8234611749649048
3335,3335,1,0.9978034,290.36046717546134,40.58349245020327,796.9654141171085,1.3768376465610999,-0.16613711130595699,-0.561822235584259,-0.07743389159440994,-0.8236259818077087
3336,3336,1,0.9974688,281.78042278787285,39.64448207406566,767.6615109189538,1.332987715455087,-0.20577654643476398,-0.5513066649436951,-0.09131491184234619,-0.8292904496192932
3337,3337,1,0.9981546,294.9404316464396,40.27414647858289,800.4919295949671,1.319949545978868,-0.24739629342422872,-0.5380837917327881,-0.10111390799283981,-0.8368045091629028
3338,3338,1,0.99831545,293.1733945901927,39.66041437131948,794.8634026585787,1.2870648471231787,-0.26759764471975367,-0.5256459712982178,-0.10754266381263733,-0.8438785076141357
3339,3339,1,0.998287,291.2342070752452,39.81502709436705,788.5544224810151,1.2576055563207236,-0.2673838563045257,-0.5153862833976746,-0.1088147982954979,-0.8500213623046875
3340,3340,1,0.99821585,290.13217723062286,39.33344848400923,783.7864874013635,1.2324407685364318,-0.2708909719618003,-0.5062805414199829,-0.11029906570911407,-0.8552860021591187
3341,3341,1,0.99826425,291.20878407198114,39.40392625420556,785.6363565209967,1.2067962820737452,-0.27196506756752636,-0.4955021142959595,-0.11083916574716568,-0.861505925655365
3342,3342,1,0.99823964,291.30460761239993,40.020918615298605,782.9369406928421,1.1818402865711763,-0.2679900683879399,-0.48634976148605347,-0.11092100292444229,-0.8666951656341553
3343,3343,1,0.99822503,290.0134762828753,39.55408043210003,783.193185293598,1.1820257554882638,-0.261786853010126,-0.4856117367744446,-0.1085391640663147,-0.8674102425575256
3344,3344,1,0.9982723,290.48651772230807,40.19931661397762,785.2080193117457,1.185299353981534,-0.24605386593072182,-0.48733678460121155,-0.10407951474189758,-0.866989254951477
3345,3345,1,0.9983437,295.49522812192714,40.35427101919225,798.5982602325365,1.1887563746647398,-0.2302328601730316,-0.48767802119255066,-0.09778863191604614,-0.867529571056366
3346,3346,1,0.9982582,297.37074431140417,40.31801288539379,803.6934054995072,1.198919747238754,-0.23391721304345586,-0.4909842312335968,-0.0982067659497261,-0.8656153678894043
3347,3347,1,0.9980671,298.4400637291602,40.12107739790516,807.2717767379132,1.1632152624138634,-0.26583120309083347,-0.47337809205055237,-0.10771065950393677,-0.8742492198944092
3348,3348,1,0.99803454,296.7546789620265,40.66530483548914,799.2158149293532,1.087630401538253,-0.269207832718696,-0.44157421588897705,-0.11119993776082993,-0.8903071880340576
3349,3349,1,0.99802315,290.46157537964297,40.03565636401503,780.3873460080134,1.048261169160264,-0.2486856665799045,-0.42657092213630676,-0.1068059429526329,-0.8981256484985352
3350,3350,1,0.9975854,272.14662699041713,39.889348337892876,734.5536521692094,1.0716282033734479,-0.1639353013339769,-0.44639402627944946,-0.08355449140071869,-0.8909270763397217
3351,3351,1,0.9976871,279.7011087954586,40.47777099402778,753.0922027839624,1.0708438316478306,-0.0825086818756953,-0.448662132024765,-0.05449073761701584,-0.8920387625694275
3352,3352,1,0.99740845,291.9008852383408,41.338404862247366,783.9571163564257,1.0835691302113297,0.015558872021875458,-0.4562060236930847,-0.020858468487858772,-0.8896297216415405
3353,3353,1,0.99761826,283.3686502778533,40.49474857297198,759.3992052175636,1.0719987369655912,0.11235082421621667,-0.4585079252719879,0.013417482376098633,-0.8885890245437622
3354,3354,1,0.99768245,290.8045051760815,39.82441204223591,780.6779946613607,1.0512005492097294,0.028322818257092024,-0.44172772765159607,-0.014393473975360394,-0.89703369140625
3355,3355,1,0.9977556,286.5379828792442,40.10464311444821,767.9080774190444,0.9330656754962615,0.09338000967816967,-0.3848273456096649,0.010381020605564117,-0.9229302406311035
3356,3356,1,0.99830186,285.14497419474185,39.51892473755158,762.9254080440099,0.7207276504272937,0.29799955507474013,-0.2653941214084625,0.09557025134563446,-0.9593915939331055
3357,3357,1,0.9963821,281.9210701711501,38.44594221165428,751.2037130696181,0.479052491828518,0.5708613673221312,-0.10268139839172363,0.22011974453926086,-0.970053493976593
3358,3358,1,0.99868363,284.73325140146795,36.99953976412188,745.3160964847962,0.2363684835344402,0.8120698213410363,0.06938839703798294,0.32922202348709106,-0.9416996240615845
3359,3359,1,0.9981675,303.8540981169975,36.469629049715145,779.4386578618555,-0.020013108005618514,1.040168690183985,0.21294784545898438,0.398654043674469,-0.892035961151123
3360,3360,1,0.9985077,307.4230473530193,38.59265150867092,777.2665745045823,-0.12408260597270314,1.089284265430562,0.2751888632774353,0.41066309809684753,-0.8692680597305298
3361,3361,1,0.9979722,308.83445181460655,38.35196140534371,771.8084371243702,-0.1550745858492525,1.0713347012316579,0.29537296295166016,0.40579432249069214,-0.8649195432662964
3362,3362,1,0.99775285,309.18367254240906,40.808740081096026,765.4793817663627,-0.16435975553943358,1.0286499164626821,0.3048856556415558,0.39057713747024536,-0.8686162829399109
3363,3363,1,0.9985468,311.61393008307033,40.73385073649796,764.3767752054581,-0.18375714591538828,1.027181799870355,0.3145914077758789,0.38991615176200867,-0.8654465079307556
3364,3364,1,0.9985707,314.8744211194466,41.86931326490298,764.1071475801017,-0.19824656941644017,1.0328628265481097,0.3198552429676056,0.3904651403427124,-0.8632668256759644
3365,3365,1,0.9974583,310.80792317879605,42.134775263610685,749.6833718090528,-0.18309099683582059,1.047643862688148,0.319813072681427,0.40207481384277344,-0.857936680316925
3366,3366,1,0.9976496,316.4689362620155,42.231674974602946,753.2192458442902,-0.21685972824228647,1.1323210732661713,0.3294077515602112,0.42862075567245483,-0.8412935137748718
3367,3367,1,0.996506,306.4041715336258,43.23980608064753,729.0903875568256,-0.2056401535832595,1.1758387363417921,0.34116891026496887,0.45298323035240173,-0.8236564993858337
3368,3368,1,0.99666744,313.238257213747,45.41684350486065,735.765957476665,-0.24154591572418666,1.2763544843612566,0.34817200899124146,0.47948408126831055,-0.8055254817008972
3369,3369,1,0.99645656,327.24712512004277,45.80433952322455,764.5312633461193,-0.3077013273103818,1.425633628428676,0.3534490168094635,0.5087605118751526,-0.7850074172019958
3370,3370,1,0.99624985,328.1159264841778,44.8712085343793,763.2913921346941,-0.32312404914067555,1.4611574707220671,0.3594985604286194,0.5195345878601074,-0.775141716003418
3371,3371,1,0.99754447,342.02568934258034,43.515995360728105,798.3235375720997,-0.3807728789185718,1.5447970023377586,0.3602224886417389,0.5255026817321777,-0.770770251750946
3372,3372,1,0.9975122,323.4513279850909,41.3461579789222,765.6081594201393,-0.30992440177121816,1.4844574577031928,0.35408610105514526,0.5285370349884033,-0.7715385556221008
3373,3373,1,0.9974202,326.7722617422509,42.73266643669362,784.1538010607848,-0.27836969955614077,1.4969101071508468,0.3263325095176697,0.5253288149833679,-0.7858350872993469
3374,3374,1,0.9976114,326.7315201143925,42.99657680402802,791.8488985662801,-0.16657738372868833,1.3668614353628183,0.2644028067588806,0.4904675781726837,-0.8303810358047485
3375,3375,1,0.99794036,318.84353147709504,43.00509172863295,786.8187597148776,-0.0005868176040642367,1.1002223858986087,0.17843371629714966,0.41117849946022034,-0.8939204216003418
3376,3376,1,0.99750346,320.62022104815816,42.943295627503346,810.3350048504193,0.19861088209907235,0.8809466990421714,0.0422818660736084,0.3226945102214813,-0.9455583095550537
3377,3377,1,0.9978701,317.0226091345205,41.44316885934067,815.1166985286494,0.41558045833713475,0.5741509119264165,-0.09662775695323944,0.20168501138687134,-0.9746724367141724
3378,3378,1,0.9978556,314.89107650257864,40.17252123516324,818.994336102688,0.5712824886372652,0.20018324784699013,-0.18786932528018951,0.057031646370887756,-0.9805368781089783
3379,3379,1,0.9987612,317.2949184621402,39.479834219304074,836.5655334333272,0.6638057742536386,-0.11650034218178329,-0.23302915692329407,-0.05601300671696663,-0.9708552360534668
3380,3380,1,0.9984371,302.00993365839685,39.24952986673161,803.9432361523328,0.658458867389356,-0.24587837562816361,-0.2163836508989334,-0.10309148579835892,-0.9708502888679504
3381,3381,1,0.99763834,315.4101462434771,40.652278730328895,841.8006216589129,0.556499664029969,-0.2427742170553151,-0.1620716005563736,-0.09834536910057068,-0.9818661212921143
3382,3382,1,0.9976714,294.7010425296133,39.040378704483324,784.7576961705396,0.4275452506846127,-0.0548678271308905,-0.06721504777669907,-0.03276671841740608,-0.9972003102302551
3383,3383,1,0.9974124,290.4731792443122,40.03997955860433,773.9836341615091,0.25843860445386047,0.17890659569962877,0.05297457426786423,0.06085328385233879,-0.9967399835586548
3384,3384,1,0.99789494,297.9750057144415,40.76718565903351,784.8760167669884,0.03435737809364801,0.5230634272124219,0.19436794519424438,0.19782526791095734,-0.960773766040802
3385,3385,1,0.9972378,306.430484782294,40.87953436869413,793.5728756274997,-0.12759218589331123,0.7615412189801318,0.28336578607559204,0.284122109413147,-0.9159576892852783
3386,3386,1,0.9969267,310.1335166785123,41.09820598552445,795.7912923618283,-0.2050868145982803,0.9273561503129634,0.3216046988964081,0.34025126695632935,-0.8836286067962646
3387,3387,1,0.9978397,318.65244243932307,41.06669254909777,812.6924683490734,-0.24820242631766362,0.9875086643940297,0.32974758744239807,0.35373950004577637,-0.8752913475036621
3388,3388,1,0.99648774,309.4654726847264,41.15005732752918,781.8603450225705,-0.18854379847177524,0.930698401249237,0.3172162175178528,0.347425252199173,-0.8824225068092346
3389,3389,1,0.99813986,311.7945237968435,41.21171340391547,780.8524168503573,-0.1776827521645347,0.9391257457339751,0.30793386697769165,0.3516005277633667,-0.8840553164482117
3390,3390,1,0.99706334,319.94314728006,42.8786494389997,794.4824009796243,-0.19077870544148964,1.0017159621015574,0.30014657974243164,0.36680126190185547,-0.8805503249168396
3391,3391,1,0.9975668,322.1084965594419,43.0567980636008,792.7725236598027,-0.20326742860215738,1.0354838212118453,0.3047500550746918,0.3786846995353699,-0.8739137649536133
3392,3392,1,0.99707377,321.312267587288,43.98667044284415,785.2776036272039,-0.19915326774032308,1.0583851954815455,0.3050035536289215,0.38883689045906067,-0.869355320930481
3393,3393,1,0.99788195,310.57745406189855,42.94772108382735,756.1343871664922,-0.16390048326867845,1.0376542432674527,0.30617958307266235,0.3958146572113037,-0.8657856583595276
3394,3394,1,0.99754816,313.55793069694266,43.294883444898254,762.161442861539,-0.1834044461165542,1.0664635290323055,0.3117815852165222,0.40222591161727905,-0.8608174324035645
3395,3395,1,0.99710983,319.31974251850136,42.995872976323675,774.4929607809974,-0.20894078231681998,1.0982842426217465,0.3153097629547119,0.4074469804763794,-0.857068657875061
3396,3396,1,0.997336,323.30683216816203,43.38058415625883,783.40043634196,-0.2216166461044373,1.1156609031630425,0.31479912996292114,0.4088837802410126,-0.8565719723701477
3397,3397,1,0.9979498,320.2643468245629,43.697557594071895,778.8884168580558,-0.22269142371005482,1.160730458053214,0.3186808228492737,0.42513489723205566,-0.8471734523773193
3398,3398,1,0.99806684,319.15765517161964,43.91350002505988,777.1947032507055,-0.20609544889162099,1.2239977002919713,0.3078271448612213,0.44751426577568054,-0.8396269679069519
3399,3399,1,0.9981275,320.30556484506025,43.63880688660376,781.466764489267,-0.14259335208776863,1.2391925291935362,0.26534315943717957,0.4547431468963623,-0.8501774668693542
3400,3400,1,0.9983353,314.70383734329977,42.43075793158264,772.2592068701653,0.04448313237825702,0.9924511071176212,0.15894587337970734,0.3807103931903839,-0.9109313488006592
3401,3401,1,0.99866354,312.5960300846285,43.098872762517324,782.0225687633861,0.334558331558302,0.7656713157610672,-0.04042694345116615,0.2863447964191437,-0.9572734236717224
3402,3402,1,0.9976271,307.9136687257722,43.52409941674017,785.0450963985163,0.6517802012217141,0.5531533288545387,-0.24743321537971497,0.1873445063829422,-0.9506202340126038
3403,3403,1,0.99688417,314.77743842524757,43.204162393443994,810.3585676195695,0.8691814425542275,0.25355521257597335,-0.3671945333480835,0.0633264109492302,-0.9279859662055969
3404,3404,1,0.99680847,317.71752220806655,42.09390357687652,825.4146282242117,0.942564815114536,-0.07884930127672425,-0.38964685797691345,-0.04953591153025627,-0.9196311831474304
3405,3405,1,0.9968418,312.52648048052885,40.330766135294546,817.5206547171764,0.8900210527690896,-0.19687822361604734,-0.3557624816894531,-0.08647668361663818,-0.9305669069290161
3406,3406,1,0.9977817,299.6579058099341,40.57622554067287,789.1047809032792,0.8246279256254471,-0.17719359139909377,-0.31847041845321655,-0.08322800695896149,-0.9442720413208008
3407,3407,1,0.99799937,301.6153629965051,40.44572894124333,797.1168968517519,0.7943281712086772,-0.12693468813179606,-0.30276310443878174,-0.06490199267864227,-0.9508534073829651
3408,3408,1,0.9966265,293.5561596271262,40.528551791912065,780.2443473695616,0.7360862176178281,-0.052697316212873255,-0.267951101064682,-0.039284128695726395,-0.9626312255859375
3409,3409,1,0.9966794,295.94367078825974,40.30553372702383,788.3526805074656,0.6502037608496636,0.16844878012417747,-0.22203028202056885,0.04488164186477661,-0.9740062952041626
3410,3410,1,0.99692947,292.8970721238234,40.214739232792276,783.1006973776072,0.5601100074516581,0.38669114295284845,-0.1654345840215683,0.13283106684684753,-0.9772345423698425
3411,3411,1,0.9969037,291.9138849033363,40.418496335351854,778.9689853266076,0.43693377955320034,0.6509767929741425,-0.0838557630777359,0.24257420003414154,-0.9665018916130066
3412,3412,1,0.99808395,286.1531631272078,40.43303704082652,756.8209725484256,0.2482809612147088,0.9035621923504027,0.05599673464894295,0.3553832173347473,-0.9330418705940247
3413,3413,1,0.99753356,293.3290824889904,40.724509038507286,764.7285316538124,0.06768901765880422,0.9420124583552403,0.1735054850578308,0.3661045730113983,-0.9142555594444275
3414,3414,1,0.9971372,307.6655140856375,42.661844495891906,786.3575632062015,-0.056538897613468045,0.9944893067490771,0.23252570629119873,0.3717554211616516,-0.8987378478050232
3415,3415,1,0.9959978,307.3989260757323,42.59369417295154,775.05766721607,-0.07191853578090313,0.8985862602167091,0.2489103525876999,0.34129586815834045,-0.9063999056816101
3416,3416,1,0.9959292,296.08764914090847,42.293970641746576,739.1127963994094,-0.03518107946932014,0.7302139534043264,0.254040002822876,0.29108181595802307,-0.9223530292510986
3417,3417,1,0.9975937,307.1556300302989,43.34743545816041,764.5093128431294,-0.06468845040485155,0.7478218239618112,0.2515713572502136,0.2877494692802429,-0.9240736961364746
3418,3418,1,0.9960318,309.6173741294978,43.6743052122242,765.5496290128834,-0.07290341125560718,0.8097509879999921,0.25218310952186584,0.31071406602859497,-0.9164389967918396
3419,3419,1,0.99654585,315.3254107110591,44.52038368938229,776.2810145879371,-0.08690678239669804,0.9030498541888738,0.24869945645332336,0.3406074345111847,-0.9067167043685913
3420,3420,1,0.99733907,320.94340616297217,44.954859013044675,785.9133469490589,-0.11099734549827926,1.0083764210945563,0.2516193985939026,0.3739784061908722,-0.892652153968811
3421,3421,1,0.9969111,325.9144184676658,45.75355074508028,794.4897923095581,-0.15510463697987245,1.1861500607409032,0.2651877999305725,0.4290505647659302,-0.8634761571884155
3422,3422,1,0.9967253,320.8074514484701,45.721856454211746,782.0830206293309,-0.15832857726842528,1.3976400096808825,0.2679385840892792,0.5019076466560364,-0.8223731517791748
3423,3423,1,0.9964217,323.82577085959684,45.59579206618662,784.5647025712842,-0.20085972935639082,1.577579575233991,0.28083187341690063,0.5513378977775574,-0.7855952978134155
3424,3424,1,0.9964893,327.01869503456095,45.89921622318832,790.7832301691523,-0.271973796637432,1.7571125493083124,0.30691444873809814,0.5909088253974915,-0.7460766434669495
3425,3425,1,0.9968658,314.9537464361995,45.601731777830906,759.0768344286852,-0.2734756029397976,1.7125473918388558,0.3318641483783722,0.5930803418159485,-0.7335679531097412
3426,3426,1,0.99666107,320.1145107596662,46.27735766579315,775.1781427971342,-0.27675212081469086,1.5741837626144575,0.3318115770816803,0.547539472579956,-0.7681807279586792
3427,3427,1,0.99590045,308.8813125068891,44.26053610494577,749.2456746869019,-0.21598590502261175,1.3937329246455683,0.3264637291431427,0.5123984217643738,-0.7942728400230408
3428,3428,1,0.99527633,315.0758503320922,44.716840662575464,762.1197069364895,-0.20284513091908873,1.3896467851417316,0.30769526958465576,0.5064375996589661,-0.8055089116096497
3429,3429,1,0.99613625,308.8479177223053,43.72831066331287,745.5231588014991,-0.18690388218718548,1.5044967611517934,0.30387675762176514,0.5507881045341492,-0.7773618698120117
3430,3430,1,0.9969723,303.12797318002276,41.51997607818609,730.0712042694544,-0.2081435222692141,1.8130975864303744,0.30785584449768066,0.6410989761352539,-0.7030056715011597
3431,3431,1,0.99844486,315.2411509442837,41.76289226616714,759.7754834895544,-0.32788189843544346,2.4349482540883285,0.3108760416507721,0.7434074878692627,-0.5922004580497742
3432,3432,1,0.9979321,309.0595793313214,40.564721928259736,746.9406541035627,-0.34306371413763115,3.216808692725032,0.2727659344673157,0.8482929468154907,-0.45386987924575806
3433,3433,1,0.99831474,304.9645883770665,41.17948873953562,744.5736423756554,-0.34336133333995567,4.178250820376818,0.22213786840438843,0.9174141883850098,-0.33016058802604675
3434,3434,1,0.99828595,308.1764791195811,41.926027084986565,759.9965738262869,-0.4231952466214987,4.814208970992549,0.21775327622890472,0.9365901947021484,-0.2745584547519684
3435,3435,1,0.9982247,307.84800925280405,43.13003404681424,760.0905347778354,-0.32711544348446037,3.9358719733077896,0.22536684572696686,0.901439905166626,-0.36961594223976135
3436,3436,1,0.997519,314.97410093879154,47.7134433691099,777.714466375592,-0.07589688446898049,2.5961054741335077,0.16976682841777802,0.7794777154922485,-0.6029874086380005
3437,3437,1,0.99560106,318.2356131883012,48.3954818051171,780.2507242268172,-0.11615641068719539,1.7371207862014482,0.23016196489334106,0.5998162031173706,-0.766319751739502
3438,3438,1,0.9974595,309.63142117616434,46.26080965499875,752.6308237092575,-0.0876749851677992,1.1882156448491272,0.2536901533603668,0.4506988227367401,-0.8558691143989563
3439,3439,1,0.99775296,311.8182941166297,46.38255647180669,760.9451115936168,-0.08716049138867302,1.0024619792886844,0.2550133168697357,0.38105347752571106,-0.8886880278587341
3440,3440,1,0.9976127,310.83744258028554,45.75243380486588,766.3036915917013,-0.055586873404457345,1.1298429689098248,0.2293267846107483,0.4258357286453247,-0.8752560615539551
3441,3441,1,0.9978865,314.9831921205327,46.086487156071655,781.5026505953944,-0.07540766253086433,1.6017427405441915,0.21457430720329285,0.5660632848739624,-0.7959461212158203
3442,3442,1,0.9958443,314.1522367419346,45.78078318107088,791.0411913465574,-0.18834199756619435,2.5603635516252834,0.22921746969223022,0.7605571150779724,-0.6074638366699219
3443,3443,1,0.99613637,308.0265392636307,42.21895675799414,792.1318761728897,-0.07378624146700988,3.571963604633657,0.1337781846523285,0.8824866414070129,-0.4509109556674957
3444,3444,1,0.9964805,288.76835265113726,40.5686252774454,766.6676129618086,0.6505688272103609,3.952984084752183,-0.16680139303207397,0.9046130180358887,-0.3922405540943146
3445,3445,1,0.99593383,276.50831029243307,43.352999961910164,769.2651379603366,1.27195892365688,4.1381604605142215,-0.3813369572162628,0.8522289991378784,-0.35817304253578186
3446,3446,1,0.99384624,255.09538585672203,45.284663685049445,756.0996829019695,1.5689156939880655,3.430676322759454,-0.5103330016136169,0.7528544664382935,-0.415656715631485
3447,3447,1,0.99027586,245.05911303166928,49.56773623491919,781.4249338320437,1.8052113237000078,2.9702463358321105,-0.6016935706138611,0.64835524559021,-0.4664766490459442
3448,3448,1,0.99307454,216.10664574883324,50.526716370991345,734.6071570330886,1.8805783810622398,2.5176451746009176,-0.6507173776626587,0.5825256109237671,-0.4870634973049164
3449,3449,1,0.9900085,214.55740928844907,52.44739855134751,756.4535734177553,1.9630026382919763,2.414115852516399,-0.6721543669700623,0.5436714291572571,-0.5026230812072754
3450,3450,1,0.9861254,202.82607510472678,52.33065453851679,742.0868655534791,1.90681516150321,2.2337918251537827,-0.6686477661132812,0.5265377759933472,-0.5250410437583923
3451,3451,1,0.99208814,193.64283201963562,52.513090433807086,727.913064539431,1.8285679947943378,2.1486805463757475,-0.6533643007278442,0.5298566222190857,-0.5407098531723022
3452,3452,1,0.98824257,197.36332726129157,53.81160156346373,754.7467375706977,1.7959967507560202,2.1581935603693045,-0.6373684406280518,0.5285707712173462,-0.5606909990310669
3453,3453,1,0.98855466,192.49543004079624,53.346714987921224,746.046854814925,1.7780818003304275,2.17313046599905,-0.6313014030456543,0.538991391658783,-0.5576261281967163
3454,3454,1,0.9891677,190.4786837796726,53.11274577353578,738.9822457691253,1.8096154905525987,2.204370600291495,-0.6394140124320984,0.5422897338867188,-0.5450427532196045
3455,3455,1,0.9900333,192.14200546849565,54.24399922151269,746.4316726288811,1.8967915206907389,2.2760759471607486,-0.6573893427848816,0.5375794768333435,-0.528060257434845
3456,3456,1,0.9922848,200.672061033735,53.36238068499295,759.6255923287048,1.921502280882783,2.3133662720858563,-0.6612975001335144,0.535106897354126,-0.5256864428520203
3457,3457,1,0.9882884,203.16243300751992,49.82976402858045,746.1594487671915,1.7258913090203232,1.7615079165404601,-0.6448769569396973,0.4565609097480774,-0.6129322648048401
3458,3458,1,0.9931961,208.20332300596468,47.11316791586736,739.7887150880971,1.4447959973518583,1.1032794962278845,-0.5801572799682617,0.3233391046524048,-0.7475757002830505
3459,3459,1,0.99228376,212.53194449404046,45.269868723945784,727.2447643402974,1.2115818116247696,0.6586549226712125,-0.4905937612056732,0.2047206312417984,-0.846998929977417
3460,3460,1,0.99616784,222.54453054182102,45.74349498822581,733.7255529011683,1.0921749535458938,0.3914973215547751,-0.43070343136787415,0.11175083369016647,-0.8955480456352234
3461,3461,1,0.99617946,247.7687125094075,50.05336793799876,790.8445067602502,1.0109307434216217,0.2438892068827701,-0.38242435455322266,0.04970463737845421,-0.9226489663124084
3462,3462,1,0.99741334,248.3074569241497,50.02736069701185,776.4897264594365,0.9703748073853438,0.10710408759759216,-0.3619078993797302,0.002331012859940529,-0.9322109222412109
3463,3463,1,0.9968574,246.86684884914584,46.19195705149832,763.6119250881247,0.9574889456573333,0.008419339658404634,-0.35441404581069946,-0.028502432629466057,-0.9346541166305542
3464,3464,1,0.99721766,252.68478963099395,45.83015507796535,773.8642353477362,0.9507697390596319,-0.04115690771393736,-0.3505915403366089,-0.04518336057662964,-0.9354379177093506
3465,3465,1,0.99541014,259.74597347241655,46.61441964647323,794.7876971318714,0.9472209048582888,-0.04591544959371948,-0.34763914346694946,-0.046535950154066086,-0.9364728927612305
3466,3466,1,0.99710435,259.03810102395727,46.442761428548955,787.9463508387176,0.8657570311925266,-0.0340381620983747,-0.3039590120315552,-0.041672781109809875,-0.9517732858657837
3467,3467,1,0.9947135,255.58817244642216,42.03522752910296,780.8435167083131,0.7406157003836712,0.07298233244841662,-0.22993774712085724,0.004907554481178522,-0.9731929302215576
3468,3468,1,0.9942994,247.13986530386254,40.446708924014445,744.4294015099249,0.652317419303564,0.31455515249239047,-0.1762789785861969,0.10737486183643341,-0.9784663319587708
3469,3469,1,0.9969308,251.92475246350182,44.53206888575078,746.1366390428542,0.5666668847858066,0.7885014121239872,-0.1291126310825348,0.2984860837459564,-0.945640504360199
3470,3470,1,0.9909411,253.48535275236716,49.264571357643035,736.7660624780739,0.4242181151385429,1.3097237425733028,-0.03387757018208504,0.4990195631980896,-0.8659282922744751
3471,3471,1,0.9880404,281.42822748134705,55.73324364804557,788.2364298643944,0.16646711669254455,2.1626666229051708,0.08420876413583755,0.6977760195732117,-0.7113491296768188
3472,3472,1,0.9979734,306.37179313615144,59.70773338093462,840.8499315743462,-0.10038718525838058,2.8810934179718943,0.17325328290462494,0.7841628193855286,-0.5958791971206665
3473,3473,1,0.996494,307.09881087831667,57.7279955361466,830.5967996214262,-0.10200095103900145,3.008639440909877,0.16869013011455536,0.8060705661773682,-0.5672687888145447
3474,3474,1,0.99546885,297.7169113316501,52.33618760681935,792.8991194898127,-0.1194578182821226,2.9425078288422526,0.19156008958816528,0.8133857250213623,-0.5492799282073975
3475,3475,1,0.99703133,295.9744670247256,49.25386675061063,781.2886656984906,-0.20955622887936745,2.7705797666237104,0.24718643724918365,0.7896846532821655,-0.5615131855010986
3476,3476,1,0.9971207,299.1806809937827,46.98240345476825,783.128239494684,-0.301131233684743,2.525093734314162,0.30342480540275574,0.7445331811904907,-0.5946459770202637
3477,3477,1,0.998086,306.42386318137346,47.173731692362985,796.0586903889931,-0.37956910375462416,2.0604922808060264,0.36369428038597107,0.6432687044143677,-0.6737446784973145
3478,3478,1,0.997914,300.67860145317763,46.80143497272949,778.9850385012325,-0.3108537315997002,1.565370463955899,0.3703632652759552,0.5350773334503174,-0.7592912912368774
3479,3479,1,0.9974432,301.9503775065278,45.33996060331708,779.4352879865664,-0.2819403400129294,1.271489336486567,0.3684392273426056,0.4514412581920624,-0.8126828074455261
3480,3480,1,0.996986,309.8357695912659,44.715953843710025,794.725345740332,-0.30479573527125514,1.060890877656009,0.37615910172462463,0.3767938017845154,-0.846481442451477
3481,3481,1,0.9974994,310.08352252805616,45.3786485211676,793.6130847834388,-0.28918441719162064,0.8883432961857062,0.3734649121761322,0.31839120388031006,-0.871292769908905
3482,3482,1,0.99771607,302.47783952481427,43.86090694221627,772.8243354981317,-0.24328976043088468,0.7743308701831186,0.36653634905815125,0.2874186038970947,-0.8848963975906372
3483,3483,1,0.9948855,308.60427370632556,43.904720976439755,779.7513228841623,-0.2368026416630588,0.7007830308141664,0.3547261953353882,0.2591385543346405,-0.8983409404754639
3484,3484,1,0.9940301,306.4715727281748,43.43250540691056,774.0681211174178,-0.2085940573567122,0.5740326441833881,0.3446692228317261,0.21439695358276367,-0.9139130711555481
3485,3485,1,0.99451846,306.39558934774857,43.35248770955599,775.9509400988621,-0.19095604199321453,0.46686574562100996,0.33449074625968933,0.1735466569662094,-0.9262815713882446
3486,3486,1,0.99412906,311.1950797508801,43.86417510961894,787.017473462722,-0.18571697102049647,0.34185292645594745,0.32222074270248413,0.12363167852163315,-0.9385569095611572
3487,3487,1,0.9954646,307.2097552141263,43.14397219324852,776.7416858247312,-0.16069065787203252,0.2560175375795838,0.3154299557209015,0.09295930713415146,-0.944384753704071
3488,3488,1,0.99425334,297.13444260308853,43.05960824677658,753.8361068012724,-0.14617268958403834,0.14890065903965832,0.3269212543964386,0.05322977527976036,-0.9435513615608215
3489,3489,1,0.99409384,302.4940527743415,42.732488836566766,766.8237499320718,-0.17876277759253056,0.1198558668435466,0.33549806475639343,0.042197927832603455,-0.9410953521728516
3490,3490,1,0.99501663,305.3820289653642,42.127828736996776,771.5573133541485,-0.2061198688137495,0.18530927077273382,0.34733468294143677,0.06794590502977371,-0.9352763891220093
3491,3491,1,0.99541265,308.7872673746085,42.65673765796966,781.3726693823083,-0.22871220677301002,0.2852260648433927,0.3532591462135315,0.10430797934532166,-0.9296923279762268
3492,3492,1,0.9969579,301.5350741245228,41.9211833769566,763.6003459652237,-0.2325018863229081,0.2782428169059028,0.3712160587310791,0.10443335026502609,-0.9226549863815308
3493,3493,1,0.99815136,297.4773800030554,42.38653928727778,755.3248536652745,-0.1982952822244852,0.291495281490155,0.35875678062438965,0.10990498214960098,-0.9269381761550903
3494,3494,1,0.9978807,309.8841984647343,42.20901225601287,786.4881416445483,-0.16919143017347643,0.22361942322208794,0.313812792301178,0.08092015236616135,-0.9460303783416748
3495,3495,1,0.996588,315.48391891318806,42.72631565684643,801.7353421137377,-0.06224746769610876,0.14826696943152334,0.23466885089874268,0.04957359656691551,-0.9708104729652405
3496,3496,1,0.9968706,309.3738366385467,42.45968291641832,789.800998911669,0.11456709969427022,-0.0013904879880666946,0.12809033691883087,-0.009902717545628548,-0.9917130470275879
3497,3497,1,0.9975424,308.4560126127736,44.30911346854038,799.5705233585969,0.27255776924382386,-0.1578310134257531,0.022500280290842056,-0.07351212948560715,-0.9970405101776123
3498,3498,1,0.9975648,307.3757513086145,44.116689000805,807.8068303160532,0.3647767537988336,-0.26117438742018295,-0.03560459986329079,-0.11085714399814606,-0.9931983351707458
3499,3499,1,0.9977018,305.4431560848726,46.295788683027666,811.265535422071,0.5487794322578363,-0.23340856540054744,-0.15154294669628143,-0.10561689734458923,-0.9827918410301208
3500,3500,1,0.9973598,292.72304525191356,45.541771328308876,783.1856140981527,0.5413850054525902,-0.13240544266887855,-0.13938644528388977,-0.07200983911752701,-0.9876163005828857
3501,3501,1,0.9976031,293.95361619157677,45.98741514141371,786.4395023894441,0.4180126140101957,-0.07026867595382819,-0.05925838276743889,-0.04727533459663391,-0.997122585773468
3502,3502,1,0.9974136,298.8762960634272,45.75218022950214,798.9909370967844,0.306124760180302,0.06797111040413994,0.008962009102106094,0.007906874641776085,-0.9999285936355591
3503,3503,1,0.9969536,299.2847869830403,42.00516517960845,785.6161873457349,0.20534981482711398,0.23440077638312645,0.0771537497639656,0.08033289760351181,-0.9937776327133179
3504,3504,1,0.996612,313.1491548412296,43.12786172055791,814.8982942863564,0.05349938556532575,0.34675943220945116,0.15767960250377655,0.12124382704496384,-0.9800189137458801
3505,3505,1,0.9982084,309.63883191899663,43.726519215634106,797.824668272316,-0.044388141427667414,0.4116441276360885,0.23024298250675201,0.1486799120903015,-0.961708128452301
3506,3506,1,0.9971149,312.0430856553832,45.08599207418183,799.6713251998862,-0.17141992110433896,0.5744048749195383,0.30577847361564636,0.20739510655403137,-0.9292398691177368
3507,3507,1,0.9923293,322.4559895543241,46.5011207326921,820.1650519076317,-0.3022745399635496,0.72135003330833,0.36136293411254883,0.25127071142196655,-0.897930920124054
3508,3508,1,0.9932346,326.4655474456252,47.11859695411258,823.0751705944255,-0.3570847520123432,0.9850232685234045,0.379788875579834,0.3380506932735443,-0.8610935807228088
3509,3509,1,0.9953406,311.98488548109935,47.890775295206595,778.0529774296533,-0.3263527879161642,1.125459768516734,0.3905014395713806,0.40051233768463135,-0.8289140462875366
3510,3510,1,0.9951351,323.1490834945882,49.44018981057231,800.9773348499172,-0.3885216486118542,1.3772144523317145,0.3925590515136719,0.4658015966415405,-0.7930487394332886
3511,3511,1,0.9968844,331.9290809300136,51.80853816152179,818.0937353105452,-0.4505554808523197,1.7819586270661645,0.3877835273742676,0.5632532835006714,-0.7296367287635803
3512,3512,1,0.99692947,340.27978104226054,53.03208433435702,833.8873641218873,-0.5153765388571356,2.1998034598563785,0.3802429139614105,0.6450455784797668,-0.6628209352493286
3513,3513,1,0.9969885,343.0844892453052,52.46056646116764,835.338147121091,-0.5351999210438708,2.435188540183782,0.3704705536365509,0.688298225402832,-0.6236963868141174
3514,3514,1,0.995641,336.87029259950805,51.056683642676866,815.678692358939,-0.47677328760134136,2.4302761189330484,0.35369351506233215,0.7016432285308838,-0.61854487657547
3515,3515,1,0.99446577,323.42845647936025,48.73926976395433,784.2042240342406,-0.3786126939118058,2.171256688891203,0.3431166410446167,0.6755459308624268,-0.6526167988777161
3516,3516,1,0.9933873,335.02412838713934,45.597249708757865,812.137639647567,-0.3608939700493784,1.9829709688008363,0.32755404710769653,0.6282656788825989,-0.7056844830513
3517,3517,1,0.99752146,317.5002771823203,41.88343692835017,770.6798320560861,-0.25105788767175863,1.6868290379279547,0.3138889968395233,0.5859247446060181,-0.747105062007904
3518,3518,1,0.99766314,315.8329652614099,42.11787048944948,766.7236534470057,-0.23102505000575194,1.5954741393316847,0.3106081783771515,0.5645044445991516,-0.7647596597671509
3519,3519,1,0.9975121,308.4073979739451,40.41238609906865,748.6818098672161,-0.18821689123554924,1.5378096926303688,0.3016732335090637,0.5614315271377563,-0.7705764174461365
3520,3520,1,0.9966922,316.4517502620398,39.01638520292792,764.4307688223489,-0.19492528921352079,1.5256127851784012,0.2924934923648834,0.5517792701721191,-0.7810167670249939
3521,3521,1,0.99734336,313.10331741293186,39.58643216808288,754.6746901980987,-0.18944415721241487,1.4297586812424496,0.3010147511959076,0.5279751420021057,-0.794123649597168
3522,3522,1,0.99828243,312.8417817978695,40.05933746920073,753.7362805355888,-0.2149739584049038,1.287938970393314,0.3245014250278473,0.48169368505477905,-0.8140454888343811
3523,3523,1,0.9984419,322.1348996684812,41.79944992287863,774.3310884244507,-0.27288269542129595,1.2097992640515147,0.34552574157714844,0.44214707612991333,-0.8277184963226318
3524,3524,1,0.99542797,319.84358659242525,44.00671827846882,772.1250638984251,-0.2535592248559145,1.1644957585197846,0.3398933410644531,0.42696666717529297,-0.8379570245742798
3525,3525,1,0.9929609,321.55978070923146,47.592722328172584,778.6111441556569,-0.25289741742617944,1.3176545584109138,0.3290387690067291,0.47042784094810486,-0.8187986016273499
3526,3526,1,0.99684143,340.3751537238828,53.335417925300284,826.1699874155047,-0.33327526890827447,1.7323122979728842,0.31996890902519226,0.5587119460105896,-0.7651541233062744
3527,3527,1,0.9945972,329.45959913169645,58.34054463825375,800.9594901859251,-0.27616187338991255,2.211498719050571,0.280460387468338,0.681860089302063,-0.6755804419517517
3528,3528,1,0.99736696,356.1638425032327,64.82797592061169,869.5567815427949,-0.28536206179599755,3.1480294344689606,0.20199181139469147,0.8006290197372437,-0.5640854835510254
3529,3529,1,0.9971059,347.8444009304358,67.60871244122251,855.2377426944707,-0.037238249072993244,3.5453752803141922,0.0842471793293953,0.8570675253868103,-0.5082693099975586
3530,3530,1,0.99764615,344.3287840544547,68.70579452186914,852.2559647173299,0.14327734998169073,3.679094191415357,0.0045808712020516396,0.8705697655677795,-0.4920237064361572
3531,3531,1,0.9974262,332.92052844796666,68.24334560282269,826.6249825254971,0.2660072518249148,3.692469617500063,-0.04055112972855568,0.878913938999176,-0.47525346279144287
3532,3532,1,0.99662566,340.4266054456373,68.27480073655857,841.2467218545702,0.18024967555584984,3.6921032269194156,-0.00864103902131319,0.8752396106719971,-0.48361241817474365
3533,3533,1,0.9984654,346.14267937418646,67.71702868265054,847.9122408177982,-0.030967384747437467,3.4535831513981883,0.0855172723531723,0.8513002991676331,-0.5176626443862915
3534,3534,1,0.99677974,355.4720587682693,65.75511032135273,859.9431088613466,-0.2796358516749794,2.947061940994179,0.21049164235591888,0.7787304520606995,-0.5909925103187561
3535,3535,1,0.9970571,350.6500804232092,61.6372762728304,841.632415159905,-0.3707886392296715,2.106972356517017,0.3066217005252838,0.6337734460830688,-0.7101510167121887
3536,3536,1,0.9966455,343.09599531782413,58.65336801850416,823.0215484891842,-0.39283860216294997,1.6467204198732486,0.355461448431015,0.5286106467247009,-0.7708553671836853
3537,3537,1,0.99523455,331.82617779545564,56.81982164749838,796.1340125681569,-0.38069081797618265,1.4200568021942783,0.38083192706108093,0.4765486717224121,-0.7923815250396729
3538,3538,1,0.9963548,340.49265063507966,54.89950309799727,819.0396762204205,-0.4387564030871161,1.3888916151052373,0.39577656984329224,0.4558278024196625,-0.7972339391708374
3539,3539,1,0.993371,334.4080393415223,53.36869666202747,810.0044031845056,-0.42980292484285737,1.341891745690096,0.4023471176624298,0.44646546244621277,-0.7992405891418457
3540,3540,1,0.9955289,331.5692481889294,52.33766937429749,808.6750099801657,-0.39506035773508136,1.3018741200731687,0.3890828788280487,0.43816524744033813,-0.8103244304656982
3541,3541,1,0.9969502,333.3217503062355,53.59275391673495,815.934561267461,-0.3770408998838436,1.2679462766561995,0.3767879903316498,0.42522966861724854,-0.8229280710220337
3542,3542,1,0.9963988,333.29628502847515,53.51973395331631,811.9532532728786,-0.35184582453230967,1.2791686717977842,0.3640606105327606,0.43235135078430176,-0.8249438405036926
3543,3543,1,0.9969748,332.07700577679833,54.00497002793899,811.5876467166345,-0.33537437753175725,1.3404402382448186,0.35374245047569275,0.4520133435726166,-0.818871259689331
3544,3544,1,0.997357,328.6107802929143,52.80995663603954,800.6838904972437,-0.32262911418758916,1.3815820491451878,0.35185426473617554,0.4708862602710724,-0.8089898824691772
3545,3545,1,0.9965576,326.1926556448074,51.55842512882475,795.5996207506267,-0.3442681625793611,1.4397347564837923,0.3648627996444702,0.4894677698612213,-0.7920204401016235
3546,3546,1,0.99495584,318.76775811263025,50.34176984713179,776.9616421569118,-0.3547787752847339,1.415671944410976,0.38579246401786804,0.4893764555454254,-0.7820964455604553
3547,3547,1,0.99482155,314.07003527936655,47.018448154482996,765.5571533985377,-0.36160790719208014,1.3281600920142083,0.40260207653045654,0.4692557752132416,-0.78594571352005
3548,3548,1,0.9942234,312.6143707419821,44.5348544690249,761.7987099705218,-0.34897016784318696,1.263950256488713,0.4015192687511444,0.45407167077064514,-0.7953623533248901
3549,3549,1,0.9950513,311.0118936355993,43.98247516067355,758.9015158944975,-0.3046091475696333,1.1358731187154123,0.3856680989265442,0.41765961050987244,-0.8226911425590515
3550,3550,1,0.992419,308.63099417546977,45.41947634764656,749.5490813783471,-0.25180708262526985,1.018344153151741,0.3664688467979431,0.3831390142440796,-0.8478826880455017
3551,3551,1,0.99516535,311.94842520910805,46.291710211944206,758.719770818995,-0.22319184696219382,0.9198380087260278,0.3454379737377167,0.3453280031681061,-0.8725944757461548
3552,3552,1,0.9958555,306.723117151874,47.10933590437645,745.8863874861312,-0.18251082031941657,0.8611234488543659,0.3332439959049225,0.3290022611618042,-0.8835756778717041
3553,3553,1,0.996188,301.539327703361,48.53877563295728,735.4962442489373,-0.16782015838107855,0.8969071807162512,0.33322039246559143,0.34495338797569275,-0.8774800896644592
3554,3554,1,0.9947261,298.14777622678156,49.3239976820484,725.3790427833193,-0.16859641734577346,0.9336493491626651,0.3406867980957031,0.3615715801715851,-0.8678701519966125
3555,3555,1,0.994886,314.3466850793165,51.61764062741557,756.4763667146585,-0.29270197580969826,1.0896538030556255,0.37971922755241394,0.3964691460132599,-0.835838258266449
3556,3556,1,0.9948767,321.7192103997617,51.82693446711971,768.0810915200071,-0.3936709852797861,1.1941757620511833,0.4191574454307556,0.4195776581764221,-0.8051469326019287
3557,3557,1,0.9941099,319.29920231623163,51.54746467029785,762.4740133141728,-0.41404875610035763,1.2259745496232408,0.4331713616847992,0.4300457239151001,-0.7921005487442017
3558,3558,1,0.99435776,312.101879730195,51.455457896544694,749.8272448150573,-0.38319791737446673,1.2245921721418427,0.4292604923248291,0.43637722730636597,-0.7907657027244568
3559,3559,1,0.9963714,310.845259978791,50.63418078012324,753.4577280672756,-0.350434438716792,1.1009542536312054,0.4169478714466095,0.3973017930984497,-0.8174997568130493
3560,3560,1,0.9958942,305.9986025327664,48.312750806027964,746.5921697018772,-0.29571616164622,1.0149031474049888,0.39725449681282043,0.37623289227485657,-0.8370410203933716
3561,3561,1,0.99712807,311.0370876048426,46.664720620109705,761.2568890369888,-0.2914775716986385,0.9550519589789991,0.3850957751274109,0.35228246450424194,-0.8529937267303467
3562,3562,1,0.9978896,314.40357798337493,45.5589307448951,773.3798016449147,-0.279296183498761,0.8784690040598533,0.37165307998657227,0.32296788692474365,-0.87038254737854
3563,3563,1,0.997943,301.8128953100096,44.0004054971864,747.7754065934873,-0.24476430482760703,0.8295001846694017,0.37723347544670105,0.3160797357559204,-0.870510458946228
3564,3564,1,0.99613094,308.5619353420587,43.1315725945212,768.9915176320295,-0.27122138404078716,0.8291582099335536,0.37628233432769775,0.30905967950820923,-0.8734378814697266
3565,3565,1,0.9953555,301.42697517986664,42.024513492597514,752.1625588627049,-0.22984026874205338,0.7882366972566166,0.3677006661891937,0.3022189736366272,-0.8794657588005066
3566,3566,1,0.9950805,305.4616185228955,43.456392116780506,762.8880438216632,-0.22335360928956494,0.7735090614234678,0.35528573393821716,0.2922007143497467,-0.8879137635231018
3567,3567,1,0.9958513,301.3955574724218,43.88828267530814,754.3820797725703,-0.19718545600416085,0.7704836973598204,0.3475125730037689,0.2940830588340759,-0.8903651833534241
3568,3568,1,0.99645066,298.0646631627354,45.96327960059566,744.451455303652,-0.1599818980524695,0.7277105225887183,0.3334004580974579,0.2796964645385742,-0.9003410339355469
3569,3569,1,0.99738985,312.5911862931926,46.40188115876467,781.2493148729262,-0.21434806269593823,0.733930468110581,0.33564484119415283,0.2692528963088989,-0.9026879072189331
3570,3570,1,0.9971935,312.9066510413058,47.46467268908796,781.5957337471738,-0.2085230304587865,0.782952809179624,0.3305780589580536,0.28625279664993286,-0.8993205428123474
3571,3571,1,0.9979954,316.2019863896487,46.916074206141964,790.2517989760553,-0.2392106692994072,0.8236432692023057,0.3409721553325653,0.2980174422264099,-0.8915848731994629
3572,3572,1,0.9981229,320.53342631219095,47.71407103196767,802.0413670990444,-0.2630664897585564,0.8664092266799124,0.34473365545272827,0.30791372060775757,-0.8867625594139099
3573,3573,1,0.99862003,321.5464963920036,48.64389658577716,803.2091197032688,-0.27598715624682546,0.9007518646779441,0.34987935423851013,0.3180786669254303,-0.8811415433883667
3574,3574,1,0.9986247,319.16098868108617,48.711673224690834,797.4467966016351,-0.27675998259357354,0.9188028230495646,0.35461488366127014,0.3259653151035309,-0.8763532042503357
3575,3575,1,0.99883455,316.68556079631963,49.451551545990505,788.9190107136804,-0.2770918211984089,0.948941017815539,0.3599946200847626,0.3383912444114685,-0.8694223761558533
3576,3576,1,0.99908996,316.43766812196736,49.8851459399332,788.229516298621,-0.2657960720524191,0.9541923593686897,0.35383862257003784,0.34058600664138794,-0.8710909485816956
3577,3577,1,0.99905914,310.86990507714245,50.056798526767835,774.2126591418104,-0.22634066985035683,0.90676174047655,0.3435172438621521,0.3299810588359833,-0.8792658448219299
3578,3578,1,0.998978,310.73052773133674,49.50910986513031,772.4812421359912,-0.1967264284733789,0.8444112138202767,0.32796648144721985,0.30985793471336365,-0.8924270868301392
3579,3579,1,0.99867475,317.5033919861161,50.16542698348818,792.3720450627819,-0.21136363400210678,0.8412515933317316,0.32188740372657776,0.3012065291404724,-0.8975873589515686
3580,3580,1,0.99747306,316.3206951278796,50.12223267598477,788.8958671231409,-0.19075564547542942,0.8170135773567057,0.3124995529651642,0.29425662755966187,-0.9031926989555359
3581,3581,1,0.9981212,312.4007026673398,50.77942066510436,779.769166306181,-0.1604386006001033,0.8147846081309453,0.3015788495540619,0.2964286208152771,-0.9061899781227112
3582,3582,1,0.99886763,317.5412901788477,52.272736194991474,788.4056636622463,-0.15539392408176278,0.9806265241175042,0.2849428951740265,0.3526919484138489,-0.8913002014160156
3583,3583,1,0.9988636,313.98027795706287,53.1567308207437,779.231542330641,-0.14042085798707732,1.1524119045199899,0.27691954374313354,0.41604095697402954,-0.8661555647850037
3584,3584,1,0.9966395,324.54224433258497,56.29911802528046,810.8893051412907,-0.21316006357074688,1.3860200284712598,0.29075106978416443,0.4713708162307739,-0.8326303958892822
3585,3585,1,0.99691486,335.6198018868649,58.96707961685754,837.7917039414369,-0.3107385239968866,1.5305178383364786,0.3203715980052948,0.49448081851005554,-0.8079918026924133
3586,3586,1,0.9962036,325.3480702278493,59.904355678916204,814.7162648825961,-0.2966021917798691,1.2805823001081496,0.34178006649017334,0.4279230833053589,-0.8367007970809937
3587,3587,1,0.9972434,334.79436090198936,60.17923266859285,833.5172903673333,-0.22553735546276063,1.1739088375190108,0.28855380415916443,0.3909722864627838,-0.8740007877349854
3588,3588,1,0.9960194,332.84950696322863,59.64098256885115,826.1544256234229,-0.09419664965790589,1.0738840549918856,0.21561527252197266,0.36562132835388184,-0.9054452776908875
3589,3589,1,0.99515754,336.69108435319237,60.069293513097385,836.6296370424433,-0.001873403321666566,1.081520282813508,0.14964866638183594,0.36541470885276794,-0.9187368750572205
3590,3590,1,0.9950766,325.1801483779075,62.6486121691619,818.0726228040694,0.11057246891656207,1.1878478043529124,0.09028919786214828,0.40713825821876526,-0.9088929295539856
3591,3591,1,0.9964141,311.7087642064533,64.38253462046144,793.7236524487338,0.23681249565118884,1.3023927304891345,0.021239085122942924,0.4545000493526459,-0.8904934525489807
3592,3592,1,0.9965323,314.4057584045406,65.41735939937477,813.0676639749732,0.3311816284364169,1.4731601500828757,-0.04773012548685074,0.49532604217529297,-0.8673949241638184
3593,3593,1,0.9955254,306.5949321109173,64.2672333339084,796.6207340629779,0.44576122793983636,1.5407077536018277,-0.11488024890422821,0.5202938914299011,-0.8462250232696533
3594,3594,1,0.99533147,304.7730141589405,64.61094142196315,791.8162848635957,0.48410195845653137,1.5517104622153475,-0.13822443783283234,0.5234295129776001,-0.8407827615737915
3595,3595,1,0.994599,304.8190210558226,65.15038198530404,788.6478803492205,0.5025694270525376,1.5493145519705769,-0.1507839560508728,0.522560179233551,-0.8391633033752441
3596,3596,1,0.9919457,307.95723161279756,66.54365740459669,789.120693772347,0.5061280780352367,1.5697949850203599,-0.1568782925605774,0.5265774130821228,-0.8355270624160767
3597,3597,1,0.99120796,308.65202626560813,68.07196160787714,782.2200904784617,0.488200041817634,1.5580655703078419,-0.14741742610931396,0.526831328868866,-0.8370883464813232
3598,3598,1,0.9958758,314.74541195983915,70.39765750502177,793.3824171233881,0.44674095569274525,1.5938691173247044,-0.12641379237174988,0.5317424535751343,-0.8374183773994446
3599,3599,1,0.9978447,317.57767863300165,71.26557809222943,793.5088977165086,0.387573543979714,1.59652261248492,-0.091273732483387,0.5352630019187927,-0.8397396206855774
3600,3600,1,0.9979644,316.083438299745,72.38324331101722,786.4794667521078,0.3458030357956078,1.5959109307655934,-0.062325045466423035,0.5403846502304077,-0.8391067385673523
3601,3601,1,0.99757785,317.8556869097278,72.94368325845083,790.8987241735191,0.34353823053026783,1.6604288383653918,-0.0631793886423111,0.5563805103302002,-0.8285222053527832
3602,3602,1,0.99768245,321.9660890343095,73.6757847461031,803.9235840872857,0.33092659010431796,1.7686923534299899,-0.05987120792269707,0.5791667699813843,-0.8130075931549072
3603,3603,1,0.99793917,320.58266243945644,72.90238134088735,799.8481029430949,0.3323082203665993,1.9833773804828607,-0.06031765788793564,0.637440025806427,-0.7681354284286499
3604,3604,1,0.99740833,318.561546206172,72.32320315480307,795.3775215695608,0.31808761314537937,2.415923222253469,-0.05114750936627388,0.7328555583953857,-0.6784590482711792
3605,3605,1,0.9978448,314.1262631054661,69.87119402972304,786.6750444125663,0.21395880417464305,2.8340042928615077,0.00828940887004137,0.8073886632919312,-0.5899617671966553
3606,3606,1,0.9971961,314.14739203779095,65.86405659607553,781.6252897862934,-0.0044638184399399435,3.0398535736717283,0.11745806038379669,0.8337218165397644,-0.5395475625991821
3607,3607,1,0.9972167,318.7538678260865,61.39196787215658,787.9734838232501,-0.25453763002945734,2.805623007923182,0.2474810928106308,0.7875762581825256,-0.564337432384491
3608,3608,1,0.99791795,313.9092508439573,50.61521435671463,766.4069752322699,-0.2950390867410321,1.920873683424036,0.33068758249282837,0.6350254416465759,-0.6981321573257446
3609,3609,1,0.99752706,301.8859532860794,46.46679163295958,737.4923393970366,-0.2268818144254238,1.3275410882820873,0.34904080629348755,0.4929836392402649,-0.7969552278518677
3610,3610,1,0.99589694,314.1449786382465,45.614159776307496,769.184840816533,-0.24750052757035487,1.043777913221163,0.34900376200675964,0.38484427332878113,-0.8544537425041199
3611,3611,1,0.9967512,311.01299342623463,44.568945200601284,763.5689478146859,-0.20665838579002846,0.8762526126104171,0.33558598160743713,0.3302326500415802,-0.8822292685508728
3612,3612,1,0.9953577,307.7524186571389,43.938408884366424,760.9009948958125,-0.1630442500148313,0.7991866369774189,0.3152235746383667,0.3048250079154968,-0.8987300992012024
3613,3613,1,0.9954384,315.5782431327157,43.53235115746205,786.7132135612038,-0.1595694879525958,0.766100492226173,0.29519304633140564,0.28498101234436035,-0.9119467735290527
3614,3614,1,0.99536717,296.2086282551779,41.967039925743485,742.3961426913551,-0.08346448745921695,0.7012833040304765,0.2863799035549164,0.2775043249130249,-0.9170485138893127
3615,3615,1,0.9937405,303.82003446369197,43.59912487821754,762.1573112041501,-0.11135653458300816,0.7532413100626973,0.28731632232666016,0.2887190580368042,-0.9132856130599976
3616,3616,1,0.99576265,295.8541826390885,44.25466348996749,736.981535102489,-0.10608980224821524,0.7742491212989964,0.30237576365470886,0.30446845293045044,-0.9032540321350098
3617,3617,1,0.9973978,298.2989367082059,46.658821995137224,736.7460152961802,-0.1430039966094172,0.8501470742016425,0.3218516707420349,0.3297022581100464,-0.8875290751457214
3618,3618,1,0.9964695,307.815495135097,48.946534470746364,752.4747554187055,-0.2121993442311098,0.9343950159209292,0.3458300530910492,0.3500380218029022,-0.8705601692199707
3619,3619,1,0.9943422,314.51898951921834,51.51662283547048,766.2893992145447,-0.28353764664799,1.0217312191678602,0.37292733788490295,0.3695714771747589,-0.8510829210281372
3620,3620,1,0.99696463,323.71429686594274,52.82956182710402,785.7898829346854,-0.38786332630109216,1.1042910364437677,0.4108908176422119,0.38281166553497314,-0.8274200558662415
3621,3621,1,0.9976616,314.41538664881597,53.21459948465394,766.4414416899573,-0.39493195987823076,1.098153252676626,0.4326210916042328,0.3854338228702545,-0.8150336146354675
3622,3622,1,0.99627364,323.63686419365064,54.457301432733175,789.1026725289001,-0.45875643385014064,1.104479912343376,0.4470768868923187,0.37432631850242615,-0.8124051094055176
3623,3623,1,0.9974468,314.2479213682171,54.63091204401229,767.7959502530713,-0.42519790386002043,1.0489189585836791,0.45058608055114746,0.3643273413181305,-0.8150078654289246
3624,3624,1,0.99724716,312.6465572069397,54.665000934358126,768.9044485334593,-0.4398976150137036,0.9461287573073787,0.46322011947631836,0.32742437720298767,-0.8235413432121277
3625,3625,1,0.99786085,313.2691708903888,54.73970408054792,774.7481983238127,-0.40414059969425997,0.8155537358459057,0.4452625513076782,0.28234249353408813,-0.8497200012207031
3626,3626,1,0.99606615,320.97074397334603,56.561189494983104,795.8047734553761,-0.21345183192319162,0.6548842539496553,0.3225044012069702,0.22435680031776428,-0.9195950031280518
3627,3627,1,0.9975585,320.583663063087,56.408621764354486,800.9664624829203,0.08116764388836488,0.46974476974443635,0.1311323046684265,0.15392963588237762,-0.9793416261672974
3628,3628,1,0.9954281,307.58448257871095,55.236623540887756,777.770915644714,0.34253208164270105,0.3150277106300494,-0.032409727573394775,0.09245643764734268,-0.9951891303062439
3629,3629,1,0.99587053,291.6135651667998,52.528358124825594,748.5292654681206,0.5431875958181801,0.2110313841275261,-0.15556718409061432,0.051142480224370956,-0.9865005612373352
3630,3630,1,0.9926676,284.862672416325,49.703008272662885,744.1860200215506,0.7153556779007538,0.0967992423468246,-0.26182904839515686,0.0047772228717803955,-0.96510249376297
3631,3631,1,0.98753,279.31940816093953,47.10198377312552,737.2041900376136,0.8472365301241677,0.07309652281690839,-0.33987435698509216,-0.0039496757090091705,-0.940462589263916
3632,3632,1,0.9890876,279.4314308384451,47.350817837342454,737.1446220655349,0.8145515935959589,0.05083863362014201,-0.3191356658935547,-0.012137657962739468,-0.9476313591003418
3633,3633,1,0.9959021,274.5716653370234,49.490067857048416,724.6719366268386,0.6740805076756896,0.05892271787546562,-0.22591954469680786,-0.009109137579798698,-0.9741033911705017
3634,3634,1,0.99614537,297.9766051712685,56.798417750803424,778.3438451201528,0.46467897922967155,0.17504223674769656,-0.10294308513402939,0.031513821333646774,-0.9941878914833069
3635,3635,1,0.9968079,315.30546559685274,63.692213488609035,806.0536337224133,0.26294851819044895,0.3208016009349504,0.013593689538538456,0.08229942619800568,-0.9965149164199829
3636,3636,1,0.9972531,321.41194149259167,66.04853653341861,805.0727198147924,0.04779970311898517,0.44412334984470525,0.15266276895999908,0.13123370707035065,-0.9795263409614563
3637,3637,1,0.9983773,334.44722753202205,67.60161792352193,828.9466860575603,-0.1804796111492514,0.6339998682567366,0.27644047141075134,0.19682341814041138,-0.9406599402427673
3638,3638,1,0.99838877,340.53021970649485,63.83438100483178,836.989272204196,-0.3830960788459979,0.7925117822342767,0.3812164068222046,0.2511862516403198,-0.8897075653076172
3639,3639,1,0.9970721,330.8066799400723,59.523428271364146,810.9744842834689,-0.3908304103995937,0.8781505576061492,0.40348348021507263,0.2912735044956207,-0.8673874139785767
3640,3640,1,0.99730647,335.2445294199302,57.68221608506955,818.4881829734621,-0.42855683764464264,0.9594820359805557,0.41343122720718384,0.3171320855617523,-0.8535231947898865
3641,3641,1,0.9972915,339.24281194545273,57.922470091866394,827.4291662004081,-0.45365376133203,1.0218427428683847,0.4169740080833435,0.3337017595767975,-0.8454441428184509
3642,3642,1,0.99736255,335.58197951389434,57.74361583204205,819.3460676051876,-0.4285462965339052,1.0354900028385394,0.41033247113227844,0.3420458137989044,-0.8453590273857117
3643,3643,1,0.99726486,330.8102829468562,56.994758252724154,808.7223933099273,-0.38683976686793337,1.0112957899411716,0.39791804552078247,0.34028875827789307,-0.8519769906997681
3644,3644,1,0.99709237,328.50175278912474,57.30355734726592,803.242189447717,-0.3662114217309309,0.9825626143181179,0.39226004481315613,0.3330221474170685,-0.8574545979499817
3645,3645,1,0.9971476,338.27187301466915,58.21305288931686,827.279404126121,-0.38545292890158583,0.9870002317518153,0.3831392228603363,0.32576507329940796,-0.864338755607605
3646,3646,1,0.9964952,330.63019343601326,57.47883689071847,806.8158983346448,-0.3485672019597393,0.9659559981381911,0.3793957233428955,0.32726001739501953,-0.865424633026123
3647,3647,1,0.9971649,336.4166182787414,58.614356203865405,819.197139780073,-0.36896013037076936,0.9956921125008347,0.37902340292930603,0.33161529898643494,-0.8639285564422607
3648,3648,1,0.9966653,336.59716383776,58.48356573909539,818.3771810120096,-0.3712941356085709,1.0508131484688923,0.37864452600479126,0.35037311911582947,-0.8566604256629944
3649,3649,1,0.9972357,343.05260912366157,60.177223941451274,829.9930372124487,-0.3763687174037312,1.1349365063032697,0.36777767539024353,0.3726799488067627,-0.8519678711891174
3650,3650,1,0.99750656,344.67951470487293,60.866737952704646,831.0843611855444,-0.34873342115927314,1.2192448663986921,0.34756508469581604,0.40059950947761536,-0.8477727174758911
3651,3651,1,0.99816483,334.7383790881001,62.4836209155292,803.765276918336,-0.3035389936662691,1.331054545859074,0.33773741126060486,0.44732505083084106,-0.8281508088111877
3652,3652,1,0.9978962,341.09781677396313,67.22997457086598,819.8439048197765,-0.3426332720530713,1.5162565067689922,0.3399442434310913,0.4899585247039795,-0.8027319312095642
3653,3653,1,0.9970957,344.9704522901308,72.9783261616562,832.7875421749882,-0.353905815756594,1.6879150339025117,0.33074164390563965,0.5272967219352722,-0.782667338848114
3654,3654,1,0.99631256,358.7764189599407,78.0105721343126,864.7278027554124,-0.39864332968126487,1.889114375188076,0.32237187027931213,0.5599454641342163,-0.7632414102554321
3655,3655,1,0.9978709,360.3523874430511,80.45692012761874,867.9264331693145,-0.3819853234370553,1.9293418816004597,0.3098629117012024,0.5682555437088013,-0.7622799277305603
3656,3656,1,0.9956666,366.8872357703555,82.39495391740493,884.6542727700098,-0.3773099588669062,1.9938828776282662,0.29417964816093445,0.5762722492218018,-0.7624753713607788
3657,3657,1,0.9970202,371.26498822859224,84.38890496937982,893.9837126030133,-0.37001792447594734,2.003837279231264,0.28390756249427795,0.5742039084434509,-0.7679104208946228
3658,3658,1,0.99805236,365.84360559617534,83.5118914828255,878.1363374584829,-0.3317235193266265,1.951322022143138,0.27522021532058716,0.5713226199150085,-0.77320396900177
3659,3659,1,0.9966903,379.939768768246,86.66519815188987,900.7715433242224,-0.36226982994803125,2.010645951349154,0.2700408697128296,0.5730413198471069,-0.7737581133842468
3660,3660,1,0.9916932,356.21477539634503,82.58286673093308,838.6161557778214,-0.29607750983281445,1.8774157490472156,0.2784457206726074,0.5735979080200195,-0.7703592777252197
3661,3661,1,0.99399006,351.68779821525715,79.81210305928117,817.4794178430411,-0.30287566463372817,1.8436581575528876,0.2933993339538574,0.5762434005737305,-0.7627977728843689
3662,3662,1,0.99259406,358.791441432755,79.79244724560156,828.5406863335771,-0.3401755577645579,1.8628696919131944,0.3026852607727051,0.5740448236465454,-0.7608246803283691
3663,3663,1,0.9956514,370.1579285127027,83.5382537640939,850.5853253948593,-0.39627416506103535,1.8783896957083144,0.3153808116912842,0.5621448159217834,-0.7645443677902222
3664,3664,1,0.99665785,361.0862237424522,84.89430286513661,826.7860949923789,-0.3686232694348132,1.8026281327847058,0.3204604983329773,0.553375780582428,-0.7688175439834595
3665,3665,1,0.996523,345.3901553978215,82.7443969249953,791.3910338514451,-0.3178163799762897,1.7213820467302225,0.3228331506252289,0.5517598986625671,-0.7689862251281738
3666,3666,1,0.9959189,358.06120484153183,82.55352323260212,816.6062732811746,-0.36993493414597656,1.7801087501814936,0.3278883695602417,0.5534530282020569,-0.7656232714653015
3667,3667,1,0.993929,356.8999294248027,80.14071666888943,813.0523499692391,-0.36701657354708533,1.7741631169611787,0.3283351957798004,0.5555335283279419,-0.7639231085777283
3668,3668,1,0.9933536,373.2082435363216,83.7208538579129,849.2831592905495,-0.41793147726377633,1.8440953385969059,0.32590562105178833,0.5526760220527649,-0.7670298218727112
3669,3669,1,0.9936699,352.48056104530025,84.78876306940718,802.4227599235177,-0.34140099012909786,1.7374811088513389,0.3248763680458069,0.5484083890914917,-0.7705215811729431
3670,3670,1,0.9963575,371.2782817767107,87.98549266786581,843.561679160759,-0.3943053265386098,1.793889085024373,0.32032251358032227,0.5404844880104065,-0.7779910564422607
3671,3671,1,0.9958812,361.82995935365346,86.93970146340905,824.5502506882408,-0.3680424819273279,1.7552250095513573,0.3229193389415741,0.5403085947036743,-0.777039110660553
3672,3672,1,0.9933435,375.67304623555145,88.08707711899972,855.5534364663439,-0.43706457555239914,1.8460407207502365,0.3324841558933258,0.5457939505577087,-0.7691314816474915
3673,3673,1,0.9932633,360.86181495950103,85.3164789193159,820.3889684531669,-0.42786371771762927,1.839242597402076,0.3521775007247925,0.560305655002594,-0.7496857047080994
3674,3674,1,0.9938863,339.3701808018518,82.68306383494853,771.7900950924744,-0.39669241052795867,1.809703188760174,0.37325191497802734,0.5761949419975281,-0.7271054983139038
3675,3675,1,0.99399143,331.2295605072122,79.45849785525606,747.9748763459443,-0.4012865668663784,1.78997096371752,0.3921745717525482,0.5825750231742859,-0.7119027376174927
3676,3676,1,0.9918128,335.7241871165001,78.98151861491237,755.6877573846314,-0.4349107614773532,1.8441594215476027,0.3989645540714264,0.5904330015182495,-0.7015811800956726
3677,3677,1,0.9925504,334.43653769774403,81.82360029638588,757.2932657812195,-0.44247642303788604,1.8559449374309838,0.40357068181037903,0.5892298817634583,-0.6999563574790955
3678,3678,1,0.99687153,358.92332120420014,87.59966909247727,808.9690029337675,-0.5616294835299183,2.057796876082299,0.41082799434661865,0.6024600267410278,-0.6842969655990601
3679,3679,1,0.99766016,358.71540601166134,88.39593528351179,816.2432368360111,-0.5695855295264353,2.104257977682409,0.40960580110549927,0.6083503365516663,-0.6798036694526672
3680,3680,1,0.99779713,375.0230030159228,89.9241431731909,859.6458647264094,-0.6271679800152183,2.1206569181351815,0.40853822231292725,0.5899379253387451,-0.6964695453643799
3681,3681,1,0.9967691,365.81300686262284,82.53739866211095,841.9420295454858,-0.5732825906072397,1.8425131769766798,0.41239747405052185,0.5400352478027344,-0.7336827516555786
3682,3682,1,0.9969105,354.37779921047144,73.312844168827,818.3014162310983,-0.4872866150957548,1.4723460382198514,0.4073158800601959,0.4626653492450714,-0.7874227166175842
3683,3683,1,0.9937475,343.27114250004246,71.57361036607604,798.7519618144397,-0.3980825529198912,1.1970916786163193,0.3909756541252136,0.3919166624546051,-0.8327901363372803
3684,3684,1,0.99202055,332.2748795462782,69.33194728915463,785.9515794044099,-0.3342782958057796,0.9491855476055704,0.380386084318161,0.3164948523044586,-0.8689864277839661
3685,3685,1,0.99120086,345.14683808999865,66.91124445622562,828.3156291976262,-0.3602588369490741,0.7963042617845698,0.3676636517047882,0.25272130966186523,-0.8949611186981201
3686,3686,1,0.9920507,292.9120451559932,64.4816321010829,716.7236104144313,-0.190669475881829,0.5717461058074963,0.3767462372779846,0.2000611275434494,-0.9044544100761414
3687,3687,1,0.9879759,312.75256569466484,68.1080330396514,768.6274533382788,-0.2794948876726653,0.472622948099045,0.3856562376022339,0.14510616660118103,-0.9111604690551758
3688,3688,1,0.98367506,263.9095993006625,59.85450431400238,671.8886159110956,-0.11907670128477789,0.24214509793514968,0.3887682855129242,0.07378020137548447,-0.9183766841888428
3689,3689,1,0.9919212,258.6950945569902,57.31536905400662,669.3698813617003,-0.1376987154337983,0.022601397950025665,0.4053671061992645,-0.015969770029187202,-0.914014458656311
3690,3690,1,0.9909887,269.73372955431876,57.90018335794682,704.2907007406116,-0.22919593324537194,-0.2334752549571761,0.422839879989624,-0.11143438518047333,-0.8993269205093384
3691,3691,1,0.99366355,262.12506988528304,53.1279182166434,689.3762193706676,-0.23342569830055937,-0.2995033587987192,0.43862083554267883,-0.13095960021018982,-0.8890789747238159
3692,3692,1,0.9896382,276.56255101866776,56.275838419986876,726.3789288452967,-0.3186372135217291,-0.29763942823379835,0.4521045982837677,-0.12504294514656067,-0.8831566572189331
3693,3693,1,0.98701155,279.893244573597,55.73356846659388,730.5442091134247,-0.34301512631101655,-0.3091132505802991,0.45921990275382996,-0.12665912508964539,-0.8792465925216675
3694,3694,1,0.992802,274.6415751584379,56.09843895476158,723.0116998075181,-0.32920405460278335,-0.2673488490069855,0.4625333547592163,-0.11397086828947067,-0.8792459964752197
3695,3695,1,0.9903881,276.69552448382683,56.15774282106665,728.6207973698274,-0.34403245141710675,-0.1762387907584772,0.4689377248287201,-0.08059896528720856,-0.879546046257019
3696,3696,1,0.98734856,280.2421210046995,57.35150074087494,736.0929451404763,-0.34580445947899113,-0.08224181029940368,0.46559709310531616,-0.04787387326359749,-0.8837010264396667
3697,3697,1,0.98646796,274.76997498567385,57.0189640555474,722.5480645671068,-0.32306906775865535,0.01817784464811983,0.46870508790016174,-0.011506895534694195,-0.8832797408103943
3698,3698,1,0.98693687,271.450454391697,56.95164080067608,713.480532786923,-0.3179598277392073,0.13454735822538053,0.47663378715515137,0.03286338225007057,-0.8784875273704529
3699,3699,1,0.9854254,279.3656468128643,57.4209142288816,735.3256834739528,-0.366225385977958,0.13194536571314988,0.4827042818069458,0.031230680644512177,-0.8752264380455017
3700,3700,1,0.9882632,278.75313374194087,57.04697335110661,733.9805713854149,-0.36362274622870056,0.20046718648811154,0.48369020223617554,0.05737287923693657,-0.873356819152832
3701,3701,1,0.9899889,276.95610528488925,57.98992251246553,728.8925328425267,-0.3873499930882198,0.32681967120699823,0.5017068982124329,0.10410444438457489,-0.858750581741333
3702,3702,1,0.9882414,267.76435049668015,54.78697493968129,710.7677674935053,-0.4149367208117492,0.5041697238582257,0.5337327122688293,0.17650870978832245,-0.8270272612571716
3703,3703,1,0.9906151,286.35267383091076,55.865626648309394,766.886447132641,-0.6287502372437896,0.6800995429411286,0.5814608931541443,0.2192157357931137,-0.7834843397140503
3704,3704,1,0.9884334,265.1277805074816,51.29483079084245,715.0948846664211,-0.46158985501033034,0.7347653274173339,0.5512901544570923,0.2621930241584778,-0.7920442819595337
3705,3705,1,0.98543566,273.4821657996674,53.920552320608316,740.2184133799698,-0.39546441429065915,0.883170732608141,0.49392014741897583,0.31150609254837036,-0.8117923736572266
3706,3706,1,0.98271537,283.4651250532451,54.74996550145723,769.1468318178595,-0.3665229256329009,0.8393856260417706,0.4567675292491913,0.28991982340812683,-0.8410171866416931
3707,3707,1,0.98312163,281.3788514061625,54.32506497492591,765.673444423574,-0.37037176521921267,0.7147615574499603,0.4655590355396271,0.24641644954681396,-0.8500198125839233
3708,3708,1,0.9843233,276.2417387849009,54.94452562738626,756.4965492541916,-0.3582113546336571,0.48106755937735274,0.47217193245887756,0.16211095452308655,-0.8664720058441162
3709,3709,1,0.9751271,274.9225439376169,53.04027291274232,755.2348281431432,-0.32912630581213076,0.3024665112779431,0.4587382376194,0.0986332893371582,-0.883080244064331
3710,3710,1,0.988648,269.0493275487394,52.626889489332655,727.3943508622039,-0.25159858930911394,0.18823519772733735,0.4352273941040039,0.05792391672730446,-0.8984553217887878
3711,3711,1,0.99440163,277.5933061945049,52.95430307426577,735.4281384148962,-0.25906750129980644,0.06938078481750007,0.42461684346199036,0.011677591130137444,-0.9052978157997131
3712,3712,1,0.99139625,286.495746831118,50.646111863614614,746.0841904325221,-0.26675942817923415,0.02359098571799299,0.4134812653064728,-0.00251012877561152,-0.9105091691017151
3713,3713,1,0.990175,296.4333795047201,49.799933645597015,758.2882226609472,-0.2686426981393958,0.008283898719608631,0.397946834564209,-0.007044263184070587,-0.9173814654350281
3714,3714,1,0.990615,295.75429330706453,48.55928626007639,749.8282945856145,-0.2527232026277787,-0.026260676400675673,0.3927484452724457,-0.01881873421370983,-0.9194533824920654
3715,3715,1,0.9942524,292.8210996907099,46.52698547905072,741.0004573258262,-0.24237904239829675,0.018625560630065503,0.3948591351509094,0.00037147002876736224,-0.9187415838241577
3716,3716,1,0.9938949,291.4490736475312,44.18971216792337,737.8685217196586,-0.26540263927090657,0.004232367298761472,0.4110218584537506,-0.0015473829116672277,-0.9116241931915283
3717,3717,1,0.9941076,293.82194937807975,43.70415152691203,748.4272732858702,-0.3083104114573553,-0.01128866911911955,0.4273993670940399,-0.005710786674171686,-0.9040448665618896
3718,3718,1,0.9959495,289.2799419128201,42.53276299890161,745.0513344040364,-0.34341207357797054,-0.04992997245020427,0.45198968052864075,-0.017564645037055016,-0.8918502926826477
3719,3719,1,0.99167234,286.2744950925964,41.498269174289646,740.6173570075898,-0.3670523580036433,-0.11742813732658161,0.46793729066848755,-0.040076009929180145,-0.8828525543212891
3720,3720,1,0.99322766,285.07189954230245,41.50420907315935,740.7713209762693,-0.38894696143738083,-0.13609309237188164,0.47974902391433716,-0.045970700681209564,-0.8762006163597107
3721,3721,1,0.99029934,287.2607859759977,42.22941512718579,748.7338501177932,-0.3898874532285301,-0.09807490829896347,0.4751521646976471,-0.03304921090602875,-0.8792827725410461
3722,3722,1,0.9938022,289.69789968904917,42.764158773565896,757.0974370550827,-0.403844680112496,-0.09377404698333262,0.47580060362815857,-0.03151823952794075,-0.8789883255958557
3723,3723,1,0.99562305,293.3233514031634,42.8820718773747,766.4763028361286,-0.41153771144295415,-0.15056355240026265,0.4700095057487488,-0.05081547796726227,-0.8811973929405212
3724,3724,1,0.9957761,294.30215729039264,42.933312975756564,768.3067544824986,-0.39396172634211307,-0.15200095291600305,0.45929470658302307,-0.05190565809607506,-0.8867661356925964
3725,3725,1,0.9955159,292.0354274980529,43.391567377273304,760.0725146168302,-0.36350653657865556,-0.14014936207203402,0.4501098692417145,-0.049765460193157196,-0.8915854096412659
3726,3726,1,0.99315864,294.1412389066242,44.06348160751474,767.4618237512071,-0.34224587604118095,-0.10677517373153055,0.4341672956943512,-0.039228226989507675,-0.8999777436256409
3727,3727,1,0.99209726,299.15594809878763,44.5235227567112,780.8390942350203,-0.3442691214005019,-0.1096185851278787,0.4239572286605835,-0.04024047031998634,-0.9047878384590149
3728,3728,1,0.9943252,291.84187165511474,44.65675587874344,762.978662900709,-0.27193978552646797,-0.09287536782332112,0.4004872739315033,-0.03730391338467598,-0.915542721748352
3729,3729,1,0.99519485,293.09425308293515,44.73430919351862,765.7655302185309,-0.24842913571257055,-0.09657372025755763,0.38451436161994934,-0.039353422820568085,-0.9222798347473145
3730,3730,1,0.9966402,291.49668857167325,45.46219768602969,762.4458086644808,-0.2156547236570706,-0.09436667102521883,0.36877259612083435,-0.04059051349759102,-0.928632915019989
3731,3731,1,0.9965879,296.59953302230707,46.9447250200125,777.508300728201,-0.2324606407889214,-0.03788712331472863,0.3676190674304962,-0.020953748375177383,-0.9297403693199158
3732,3732,1,0.99741226,292.4270292981944,47.71667745130335,770.7164845325061,-0.21575052042969348,-0.012127397695056868,0.36575978994369507,-0.013044524937868118,-0.9306179285049438
3733,3733,1,0.99668664,284.27157393082933,48.19223418066241,754.853958901509,-0.19225562965426196,0.02813107095499467,0.36839431524276733,0.0007014574366621673,-0.9296693801879883
3734,3734,1,0.9965957,286.61645682501353,48.941697543661114,763.3336742297846,-0.22410868505626144,0.09367622680308964,0.3817823827266693,0.024888359010219574,-0.9239171147346497
3735,3735,1,0.9971734,288.2740530366098,50.27750462273024,768.4957058023259,-0.2729341504037922,0.21132835664680105,0.4069477915763855,0.06749840825796127,-0.9109541773796082
3736,3736,1,0.99732983,287.13347198361,51.039014079823325,764.0983370278791,-0.3203466916138165,0.20765224697278917,0.43655288219451904,0.0656675174832344,-0.897278904914856
3737,3737,1,0.9970214,291.34286006982046,51.178404649065065,777.1283653516913,-0.34110642621185566,0.23916085431074194,0.4374624192714691,0.07624676078557968,-0.8959984183311462
3738,3738,1,0.9966807,290.2795282748206,51.42068529237121,776.1540866822614,-0.2936549549424121,0.11217362789855836,0.4118441641330719,0.029302075505256653,-0.910783052444458
3739,3739,1,0.99608636,291.697071677192,51.53023707358761,779.4925365774421,-0.2509929472692045,-0.05623235438165903,0.3821563124656677,-0.0325983464717865,-0.9235225319862366
3740,3740,1,0.9963845,291.2616682809162,52.09006802556371,778.5575056067152,-0.23346942194454925,-0.2026485860423977,0.3697126507759094,-0.08556761592626572,-0.9251976609230042
3741,3741,1,0.99696213,292.9648873534489,51.80126910102277,784.4908866415071,-0.24804105343288305,-0.3335819106287439,0.3699493408203125,-0.1285175234079361,-0.9201200008392334
3742,3742,1,0.9962048,285.4627335096688,51.05009093864438,760.4902898556553,-0.24770521866374245,-0.4848771917529657,0.3820657432079315,-0.18095135688781738,-0.9062463641166687
3743,3743,1,0.9961504,282.6530945619612,51.24477182833757,752.7183539928136,-0.23020979507663608,-0.47090419730225164,0.3790287375450134,-0.17895323038101196,-0.9079168438911438
3744,3744,1,0.9969258,280.5981983818722,51.05523134552544,747.8455623400351,-0.25094520470243115,-0.380295302861065,0.3982437252998352,-0.14796823263168335,-0.9052664637565613
3745,3745,1,0.9973066,283.111726082356,49.88256626779929,754.3065906233129,-0.26089442792062134,-0.14251142823635884,0.40602272748947144,-0.062311459332704544,-0.9117361903190613
3746,3746,1,0.9958073,285.2160648957716,48.333480222111525,752.802928194792,-0.25454201753325806,0.08325635153623921,0.4056335985660553,0.02251739613711834,-0.913758397102356
3747,3747,1,0.99510324,277.87910580368265,47.49723505401112,735.0311122153935,-0.20154011739558358,0.19007631825036203,0.39213746786117554,0.0648270919919014,-0.917619526386261
3748,3748,1,0.9926812,287.1640264614459,47.453894799184745,760.0277465209001,-0.25396172285147256,0.26467822774228955,0.4014489948749542,0.0918687954545021,-0.9112622141838074
3749,3749,1,0.9935417,281.6926060885848,46.68504129514199,748.8589249036112,-0.2371451897202456,0.2573772340914175,0.40282362699508667,0.09102348238229752,-0.910740315914154
3750,3750,1,0.9934047,283.41316782762107,48.11152429594489,757.2549145837664,-0.29150245168253097,0.1333497586388556,0.4269382357597351,0.041847504675388336,-0.9033119678497314
3751,3751,1,0.9936761,281.4307366519785,49.31028182656191,755.6123537264439,-0.354477595108393,0.03212830414526869,0.46201667189598083,0.004166737664490938,-0.8868614435195923
3752,3752,1,0.9953811,277.1579669867992,50.49082668178263,748.4535003021629,-0.44080642594859404,-0.17013974286624542,0.5071831345558167,-0.06599219143390656,-0.8593080639839172
3753,3753,1,0.9955344,282.6842963783681,51.529384150562485,768.0158718353285,-0.484202512487168,-0.21590967502903893,0.5110703110694885,-0.07954321801662445,-0.8558504581451416
3754,3754,1,0.9957339,280.7315140503126,51.14312735877084,761.7130542689679,-0.45009039001813755,-0.22211784469838436,0.499815970659256,-0.08305040746927261,-0.8621407747268677
3755,3755,1,0.994493,279.9395428842441,51.39080394981164,762.7273284265776,-0.34403317691828567,-0.06571419438387567,0.4521791338920593,-0.0334942564368248,-0.8912980556488037
3756,3756,1,0.99678683,284.28303429157614,50.706160960979595,772.6551545803145,-0.29089510731493023,0.17393371577436795,0.4188484251499176,0.052809938788414,-0.9065192341804504
3757,3757,1,0.99629694,282.8133988082514,49.607826862080884,766.093881461033,-0.21828391761036087,0.48783836873988423,0.3820972442626953,0.1733579784631729,-0.9077162146568298
3758,3758,1,0.9940235,277.01086604979326,48.33163537409232,747.8358553008102,-0.06703257539860773,0.7855858708143313,0.2960953116416931,0.2988952696323395,-0.9071875214576721
3759,3759,1,0.9945791,274.72856494929357,47.93107456588671,740.4190543387289,-0.039682927846080567,0.999968563367997,0.27661749720573425,0.384756863117218,-0.8805935382843018
3760,3760,1,0.99362504,276.28738186896254,47.37338862387739,737.809833524239,-0.04017898749815006,1.106103462122901,0.27173081040382385,0.4255685806274414,-0.8631649613380432
3761,3761,1,0.99299824,275.4073082277287,47.03879357486332,735.0339214788024,-0.030720583528850907,1.1319354092833662,0.2662869691848755,0.436946839094162,-0.8591675162315369
3762,3762,1,0.99353963,282.11899540993676,48.24341791139617,753.8229789483486,-0.08773453246837663,1.2734809962253502,0.28355133533477783,0.4723101854324341,-0.8345787525177002
3763,3763,1,0.99323785,276.8296020378104,48.34967446267962,738.0864690916043,-0.14334194664524189,1.3608976481764696,0.3253116011619568,0.5034928917884827,-0.8004170060157776
3764,3764,1,0.99324185,272.8866527165495,48.371445616125015,725.3952253251822,-0.2789008285525274,1.4711870624206727,0.4067513048648834,0.5290562510490417,-0.7447502613067627
3765,3765,1,0.991755,280.82524759134367,50.16478254470533,748.2811856720488,-0.5461282597968735,1.590265139048676,0.5147921442985535,0.5188357830047607,-0.6824943423271179
3766,3766,1,0.99440515,283.5018141540698,49.84318515254457,757.4235048662955,-0.47805930650348816,1.3348555301661493,0.49449124932289124,0.4520314037799835,-0.7423921227455139
3767,3767,1,0.99411994,284.07044289328013,50.074821059978014,757.2081333590509,-0.3699539547078127,0.9121497881925592,0.46048852801322937,0.3244195282459259,-0.8262580037117004
3768,3768,1,0.9937125,280.8933576109641,49.63682327991801,748.179891697132,-0.32047594895983234,0.6398639614918424,0.4488644599914551,0.23138074576854706,-0.8631243109703064
3769,3769,1,0.99503976,292.878509115264,50.29236767551146,776.3526482519022,-0.4270883522801627,0.23594175276276536,0.4807664453983307,0.07625984400510788,-0.8735261559486389
3770,3770,1,0.9913761,276.78846877343466,49.967874319768555,736.0343314253606,-0.33995881046952886,0.14958748231791147,0.4710845351219177,0.04691670835018158,-0.8808395266532898
3771,3771,1,0.99034345,275.4492877165232,49.70792373806046,729.3031838753868,-0.3332677248364413,0.06941109240035005,0.4710426330566406,0.017281323671340942,-0.8819411396980286
3772,3772,1,0.9922975,293.6682715998054,50.57729217733807,773.4865617452774,-0.39827997283370836,0.045998223306309545,0.46423664689064026,0.008340220898389816,-0.8856719136238098
3773,3773,1,0.99448085,286.37854262545744,48.71298765853478,753.3257059428834,-0.35928070095202347,0.02668974082337203,0.46076440811157227,0.00305176735855639,-0.8875172734260559
3774,3774,1,0.99501365,285.28791121798366,48.956941907815256,749.8132048036852,-0.33241519119284263,0.006575520842101262,0.44891002774238586,-0.005158246029168367,-0.8935621380805969
3775,3775,1,0.9932695,286.1213559019515,49.47057194598377,752.1692054539312,-0.3136433844408407,-0.0110478870521969,0.43635624647140503,-0.012667707167565823,-0.8996848464012146
3776,3776,1,0.9925851,285.14029441277717,49.27093879012886,750.0484556516518,-0.2719627176319974,0.009467777669218611,0.4156893789768219,-0.005881279241293669,-0.9094876050949097
3777,3777,1,0.9946972,275.49477730730564,48.52381943888769,726.1488193122659,-0.22976911314498688,-0.023833810541948466,0.412685364484787,-0.018805373460054398,-0.9106795191764832
3778,3778,1,0.99384284,281.91198933509787,48.954968425357634,742.9333116592765,-0.22535746839006426,-0.05436588285069162,0.39442014694213867,-0.030612746253609657,-0.9184201955795288
3779,3779,1,0.9929045,273.2118317466057,48.30878536136235,720.3922126452975,-0.16873342155153467,-0.0831483772079721,0.3801514506340027,-0.04330999031662941,-0.9239097237586975
3780,3780,1,0.99094665,275.5349875562678,48.65206268598016,725.2715716473266,-0.1616441856503793,-0.10876661204839803,0.37030717730522156,-0.05359406769275665,-0.9273619651794434
3781,3781,1,0.9892964,276.4304203278707,49.03579957827278,726.8595806592357,-0.14871604618189752,-0.10043841567843309,0.36078423261642456,-0.05128965154290199,-0.9312379360198975
3782,3782,1,0.98978806,278.94573659540987,48.710681690577616,733.9289709521596,-0.16460919047974223,-0.10470149605119738,0.3644397556781769,-0.05155356228351593,-0.9297988414764404
3783,3783,1,0.9934683,281.6227345861161,49.086055922263206,739.5276611573203,-0.17437681780754596,-0.1216599222988343,0.36447158455848694,-0.057778500020504,-0.9294202923774719
3784,3784,1,0.99329454,274.60461491230103,48.950911506336645,721.6378991103347,-0.1538510397117496,-0.07703831755305865,0.36894816160202026,-0.04226440191268921,-0.928488552570343
3785,3785,1,0.99203277,279.7566100062416,48.54397688839532,733.9420540260163,-0.1842760061729396,-0.01469453172144524,0.37734663486480713,-0.01643277332186699,-0.9259262681007385
3786,3786,1,0.9917572,283.3392310812991,48.30324459741107,742.9546032435064,-0.20606804313212654,0.07328045895414145,0.38374367356300354,0.018155129626393318,-0.9232612252235413
3787,3787,1,0.99453765,283.39033526529533,47.083855430397826,741.3254817898923,-0.223556819843565,0.08174746342539264,0.39496132731437683,0.02334076538681984,-0.9184011816978455
3788,3788,1,0.9981938,281.83333982912575,46.387391709646586,736.616811926331,-0.2236804312439277,0.1156271771819722,0.39943578839302063,0.03746551275253296,-0.9159952998161316
3789,3789,1,0.997717,281.1254583258509,44.93237133467014,732.8121948438851,-0.23991661118227817,0.10298594483074469,0.41144680976867676,0.03484448045492172,-0.9107674360275269
3790,3790,1,0.99734974,281.2665637769999,45.16584835499017,733.4784926967835,-0.23788243387562108,0.1281525468605468,0.41009512543678284,0.04423524811863899,-0.9109693169593811
3791,3791,1,0.9975921,282.1895450990997,44.80251074798685,736.8130894855185,-0.2320405196195187,0.052766572931671765,0.4029768705368042,0.015441177412867546,-0.9150799512863159
3792,3792,1,0.9973072,282.8073733953765,45.12353967673835,737.0303169800553,-0.22804440917692184,-0.032477238134887634,0.3983020484447479,-0.017540112137794495,-0.9170866012573242
3793,3793,1,0.9977068,279.05701982808665,45.0552510615314,727.9491102082267,-0.21790272103983857,-0.08015139029939158,0.3997182846069336,-0.03603985905647278,-0.9159293174743652
3794,3794,1,0.9972711,283.23481097089683,44.75432965922766,737.4138641117493,-0.24575740324746556,-0.12305238694667706,0.4058634042739868,-0.05040167272090912,-0.9125429391860962
3795,3795,1,0.996779,280.7775993502955,44.60296547048117,732.0260868018373,-0.2632005894108077,-0.11489923651564292,0.42125454545021057,-0.046828772872686386,-0.9057326912879944
3796,3796,1,0.99670476,282.790221141872,44.08487259781628,736.7358181977097,-0.289213825355894,-0.07962136008185122,0.4323800206184387,-0.03209676221013069,-0.9011200666427612
3797,3797,1,0.9965551,281.6279374349496,44.207023799420064,734.2611556022003,-0.3133954660687973,-0.037922123581493807,0.44917210936546326,-0.016182836145162582,-0.8932986855506897
3798,3798,1,0.9968989,287.69626258415104,44.23138386083625,751.373513712489,-0.36850349448226094,0.12494632566459841,0.4669737219810486,0.04471762850880623,-0.8831397891044617
3799,3799,1,0.9968809,285.7304275685629,43.971477614972436,744.5327272829369,-0.35733694983602904,0.4902303501950388,0.4673119783401489,0.18224580585956573,-0.865104615688324
3800,3800,1,0.9969465,296.5209695222821,44.85187752380853,773.856279784489,-0.41151078062658464,0.6647258572503875,0.4679263234138489,0.23751726746559143,-0.8512523770332336
3801,3801,1,0.9969489,283.1971459675189,44.22475071839991,740.7115673117509,-0.3401187147310039,0.7430823894758364,0.4577506184577942,0.2775447368621826,-0.8446498513221741
3802,3802,1,0.9972759,279.4941838445047,44.31649730735261,732.5169795806355,-0.3259768364322799,0.7456842015342021,0.4578312933444977,0.28114742040634155,-0.8434136509895325
3803,3803,1,0.997686,281.94097495436876,44.32372293153403,738.7138008420328,-0.3056327579938108,0.7240372997005339,0.44154804944992065,0.2727941572666168,-0.8547623157501221
3804,3804,1,0.9979693,289.0767118735631,43.76738985855459,755.0245687978978,-0.3048160286916755,0.6424796627649295,0.4275285303592682,0.23945385217666626,-0.8717116713523865
3805,3805,1,0.99762744,289.53944468910544,44.26267709428299,755.4245038207355,-0.2897642355455694,0.6124831221500898,0.41897791624069214,0.22821420431137085,-0.8788491487503052
3806,3806,1,0.9963289,284.8176894959725,43.299764120093926,747.753693353511,-0.2539750256120281,0.5696500968238254,0.40768006443977356,0.21589261293411255,-0.8872358202934265
3807,3807,1,0.9955446,285.335302827777,42.892027196337345,749.1183747934591,-0.2335449613719987,0.484138990823829,0.3955426514148712,0.18386030197143555,-0.8998563289642334
3808,3808,1,0.99438053,282.02884617382864,42.62190384673481,740.5871381160555,-0.22221202484619965,0.3811652213468336,0.39727678894996643,0.14573751389980316,-0.9060528874397278
3809,3809,1,0.9929488,288.45237227202625,42.80443354411318,754.6977953172296,-0.25262573548981454,0.19824591183663753,0.4012473523616791,0.07309679687023163,-0.9130484461784363
3810,3810,1,0.9958002,299.9104207886391,42.36483676854164,783.8669597437867,-0.28056806624675945,0.29177757264680326,0.3919656276702881,0.10623891651630402,-0.9138250946998596
3811,3811,1,0.99663526,295.84074572192156,42.609802099937774,771.4072407951016,-0.2331193091622074,0.3195353227799375,0.37447434663772583,0.11796418577432632,-0.91970294713974
3812,3812,1,0.9969189,295.29713210395465,41.57218157222829,768.5670700009041,-0.24768762135020023,0.12864222978833167,0.3839983344078064,0.04757882282137871,-0.9221071600914001
3813,3813,1,0.9962845,295.4379905071612,42.00518270997224,765.3350082765238,-0.25117881592483976,0.14823507537407585,0.3875194787979126,0.05460791289806366,-0.9202426671981812
3814,3814,1,0.9970402,295.32040412955206,41.65100832373937,762.919298426308,-0.22216099267772121,0.2501472907776465,0.37220996618270874,0.09381513297557831,-0.9233950972557068
3815,3815,1,0.9967585,303.94826709892953,42.05714459671114,780.2953873877174,-0.24158649108698155,0.3538362499833601,0.36657506227493286,0.13073505461215973,-0.9211575388908386
3816,3816,1,0.9980749,298.870357991617,42.08382774790064,765.0844387904763,-0.1974859431022514,0.4583727195413985,0.3516111373901367,0.17346808314323425,-0.9199339747428894
3817,3817,1,0.99768543,296.96871712304005,42.34105507205885,757.0368985989525,-0.1869800723130331,0.5364641392456009,0.3498312532901764,0.20524483919143677,-0.9140529036521912
3818,3818,1,0.99793255,295.91952574231004,43.20850982617324,751.8709000183634,-0.18432367027203725,0.6533072928058743,0.3496345579624176,0.25078949332237244,-0.9026961326599121
3819,3819,1,0.9982443,303.74820458680307,42.54554240474721,766.8385861250505,-0.20087373244362267,0.7883996803036578,0.3413902819156647,0.2982390820980072,-0.8913507461547852
3820,3820,1,0.9977895,292.7836016867305,42.58037418414458,740.3987493661002,-0.16733835996277896,0.8365602828760778,0.34250015020370483,0.3259870707988739,-0.881150484085083
3821,3821,1,0.9963361,294.64281713249335,43.87934154830688,741.7370350291377,-0.19313370357170206,0.8614060396220562,0.3553522229194641,0.33216580748558044,-0.8737223148345947
3822,3822,1,0.9965017,297.1687826408524,43.43957942014803,750.4976714211051,-0.21063548379923383,0.8920258138236224,0.35852110385894775,0.34004542231559753,-0.869385838508606
3823,3823,1,0.997141,305.37164216258924,43.53822748015423,777.4985262116205,-0.2711929301884768,0.9846916671126896,0.371221125125885,0.36022070050239563,-0.8558247089385986
3824,3824,1,0.99627614,301.92987472675424,43.74482434946182,774.895015449821,-0.29707970928341154,1.0243286172128303,0.3893008530139923,0.3723406195640564,-0.8425006866455078
3825,3825,1,0.9972361,295.43157406111766,43.05748268585889,765.7165197306762,-0.3839758783589152,1.0917174042166393,0.4441288411617279,0.3911352753639221,-0.8060786724090576
3826,3826,1,0.9982439,283.6563811191576,43.62889897730801,744.0685037127582,-0.43915276559708505,1.207171794546327,0.4872327148914337,0.4282113313674927,-0.7610777616500854
3827,3827,1,0.99791855,292.6963302634056,43.99074418441001,775.6720792041957,-0.5268766324844842,1.2626039246753538,0.5038540959358215,0.42572635412216187,-0.7515904307365417
3828,3828,1,0.9981553,284.79378083083435,43.903031324300514,763.36141842595,-0.5059893388668806,1.2360292521638547,0.5078825950622559,0.4225720465183258,-0.7506584525108337
3829,3829,1,0.9969241,279.37720230217707,43.7532769934519,758.55582481519,-0.4585397286515581,1.3043650039726333,0.4886353313922882,0.4492330849170685,-0.7479473352432251
3830,3830,1,0.9961845,278.75624157529006,43.29170639386657,757.4075150074681,-0.4319564214215389,1.494085146764889,0.46500375866889954,0.5086022019386292,-0.72463458776474
3831,3831,1,0.99628013,282.86359465706033,43.46450074583145,769.1006321125514,-0.5150061914373684,1.7432071607651096,0.47842326760292053,0.5601617097854614,-0.6762619018554688
3832,3832,1,0.99686253,278.61480638199805,42.69375536664623,757.9741669327617,-0.4276350453981949,1.7227056735105406,0.44683951139450073,0.5707328915596008,-0.6889111399650574
3833,3833,1,0.9965425,268.5382469504503,41.01875444267598,740.0793961486639,0.21199866601818967,1.2829423941482792,0.09905103594064713,0.5002672076225281,-0.8601869344711304
3834,3834,1,0.9977342,258.6038186945961,40.857633606670326,718.8643765706842,0.6353893635423573,1.0103839617893173,-0.19457818567752838,0.3961803615093231,-0.8973184823989868
3835,3835,1,0.99644274,266.0305518091969,39.905282327385486,734.7867901393932,0.7944759739062397,0.7408978272265524,-0.3070540130138397,0.2717624008655548,-0.9120652675628662
3836,3836,1,0.99596316,274.03483483349595,42.25263966464279,752.8606239053139,0.8342744955263433,0.4056541028068288,-0.32991310954093933,0.130252867937088,-0.934982180595398
3837,3837,1,0.99661225,281.31434675739393,44.95169772665897,760.8291114955979,0.8362828024739336,0.21356045270171017,-0.33105066418647766,0.051910508424043655,-0.9421840310096741
3838,3838,1,0.996438,284.3492553857516,48.7188461271004,755.078404716052,0.8334493968119346,0.18356090957757062,-0.33420151472091675,0.0360385961830616,-0.9418123960494995
3839,3839,1,0.9953441,282.8673620675758,52.11678370839251,740.6668074606,0.8296605318448427,0.09978235680609757,-0.3329736292362213,0.00010085357644129544,-0.94293612241745
3840,3840,1,0.99479127,284.7509905353279,54.11210325558695,737.2116973455021,0.8363431331953748,0.04994698488841254,-0.3385542929172516,-0.021691035479307175,-0.9406968355178833
3841,3841,1,0.99633527,284.1042088350029,55.74078609112646,726.5386427128955,0.8322896092257481,0.00035830558429966665,-0.3375553488731384,-0.04310419410467148,-0.94031822681427
3842,3842,1,0.9972645,294.02619757558995,58.66543359402227,745.064803764104,0.827382662789042,-0.028694768125242808,-0.33698397874832153,-0.056423284113407135,-0.9398181438446045
3843,3843,1,0.9964965,311.48682776734876,62.78043917128656,777.2683160326588,0.8275855294250001,-0.06745037566452695,-0.34167471528053284,-0.07257317751646042,-0.9370120167732239
3844,3844,1,0.9946308,303.89820035536394,63.261391690486384,756.2559164818558,0.8261194983133561,-0.029004709150423125,-0.34266605973243713,-0.06130736321210861,-0.9374547600746155
3845,3845,1,0.9940813,305.39988171383544,65.3773486170703,758.662415065851,0.7926077165216682,-0.0334633766591734,-0.323498010635376,-0.06515955179929733,-0.943982720375061
3846,3846,1,0.99590486,302.25246029624293,65.0117575725347,750.248711657231,0.7376048808784553,0.14068619377928546,-0.2967993915081024,0.0009671582956798375,-0.9549393653869629
3847,3847,1,0.99392277,310.96473584482527,65.82721678972908,775.2946864919364,0.6408269942286112,0.7151014968664073,-0.2509772479534149,0.22431327402591705,-0.9416443109512329
3848,3848,1,0.9946467,304.21646796758296,65.1150869510957,757.7264186436879,0.5153982904459563,1.6009082970927553,-0.16319164633750916,0.5544970631599426,-0.8160278797149658
3849,3849,1,0.99555594,292.19305686444903,57.53724435128114,727.4218045874028,0.28326570631001324,2.7723759547501268,-0.006229727063328028,0.8313629031181335,-0.5556950569152832
3850,3850,1,0.9975509,299.5908062220434,53.29990215762672,738.4735573908583,-0.050677123150380886,4.62006396039758,0.10090184211730957,0.9508722424507141,-0.29267868399620056
3851,3851,1,0.99765164,308.99513938999945,47.65347542812007,760.732831056724,-0.31545003784890624,5.69796512946523,0.15109848976135254,0.966184675693512,-0.20894114673137665
3852,3852,1,0.9959044,305.54116110774123,41.862608516631916,757.4509833945873,-0.32591491243626924,4.29400634805753,0.2091207206249237,0.9215359091758728,-0.327169805765152
3853,3853,1,0.99730825,304.82215401566367,39.35011201038835,763.1561515629852,-0.30989580799853056,2.8135279186894766,0.28506433963775635,0.7989577054977417,-0.529532790184021
3854,3854,1,0.99455416,308.2256163293379,39.07389057951536,784.3922431541681,-0.3811341986159205,1.8548724314064187,0.3777826428413391,0.6076152920722961,-0.6986300945281982
3855,3855,1,0.9979632,304.98221916024016,39.09699125178794,788.7392513622027,-0.4394845454232275,1.2620677913515295,0.44452938437461853,0.4369993805885315,-0.7819368243217468
3856,3856,1,0.99766773,294.6528326397782,39.41232085703485,776.6271134761431,-0.43490701378986435,0.9034050961636755,0.47281885147094727,0.32394683361053467,-0.8194515705108643
3857,3857,1,0.9972389,285.89953747524976,40.39443023241463,763.379550043845,-0.42850571536767995,0.6710287712624803,0.49093908071517944,0.2451331466436386,-0.8359955549240112
3858,3858,1,0.99680835,284.7394976044764,39.93386977668482,765.4949002186835,-0.461084727635611,0.503713163759802,0.5094619393348694,0.18422342836856842,-0.8405417203903198
3859,3859,1,0.9952325,288.2105304811934,40.431029143052534,787.2648774562349,-0.5310846579509997,0.32778280106246804,0.5284706950187683,0.11756911873817444,-0.8407711982727051
3860,3860,1,0.99396133,282.7111068147091,41.08494674963936,780.2285347804985,-0.5280673697188788,0.18305156731663644,0.5343392491340637,0.06776418536901474,-0.8425494432449341
3861,3861,1,0.9896786,294.49479079147153,41.77597367675489,818.4720494661352,-0.6016361917871009,0.041936873573779725,0.5351864695549011,0.01959524117410183,-0.8445066213607788
3862,3862,1,0.9888172,280.6377133751835,42.219741103008595,791.1384418230787,-0.5651344497807308,-0.06701176116556619,0.5417420268058777,-0.01659143529832363,-0.8403810858726501
3863,3863,1,0.9928524,278.8527842405296,42.9213504247685,790.485030459768,-0.5493835942616806,-0.13393760455838988,0.534865140914917,-0.039387382566928864,-0.8440188765525818
3864,3864,1,0.9908133,266.76001943786326,44.614397680872976,763.8229309129705,-0.4833036715537072,-0.1469778435346684,0.5287808179855347,-0.04851202294230461,-0.8473708629608154
3865,3865,1,0.99258035,268.7849466362571,46.30124710526318,772.5717370167241,-0.482551776840911,-0.12291202285118905,0.522983968257904,-0.04214346036314964,-0.851300060749054
3866,3866,1,0.9960438,276.36918230733437,47.43010631641639,804.8213780010341,-0.4829597715733259,-0.05125446216272243,0.5027185678482056,-0.018997415900230408,-0.864241361618042
3867,3867,1,0.99293387,255.65618825133302,47.659731321903,742.4251629553752,-0.3280834054286816,0.0613048721388284,0.480521023273468,0.01633075810968876,-0.8768311738967896
3868,3868,1,0.99569327,262.95650619140383,49.518856652770296,766.0739829784534,-0.30020887641990396,0.20243455569798688,0.448840856552124,0.06454870104789734,-0.8912773728370667
3869,3869,1,0.99400085,259.9950049220897,50.98180202514417,756.2990177658517,-0.2554950666414994,0.34070104463595435,0.4331912696361542,0.1151321604847908,-0.8939182758331299
3870,3870,1,0.9937477,260.64511515487186,51.55950023206332,753.2343263251029,-0.23267821008410108,0.48204572362920933,0.42071112990379333,0.1689775139093399,-0.8913185596466064
3871,3871,1,0.9934191,271.3108366927041,50.46795878622738,778.8681368844467,-0.27175424991310804,0.5530655350111634,0.4185117185115814,0.19167527556419373,-0.8877548575401306
3872,3872,1,0.99136555,277.3790491493963,51.19233956086407,790.8415227808761,-0.2855699794071828,0.5640971212261844,0.4143252670764923,0.19250944256782532,-0.8895362019538879
3873,3873,1,0.9915801,271.5883434992898,50.003994093186414,770.5731262081946,-0.07740822829252275,0.533082108652764,0.3060011565685272,0.19086629152297974,-0.9327021241188049
3874,3874,1,0.99515754,253.6504675010558,46.35740460303807,729.0446535244135,0.23436965649236755,0.43092651606770355,0.12412066757678986,0.16327962279319763,-0.978740930557251
3875,3875,1,0.9961765,245.25347578459423,41.58270415409641,729.9922076284971,0.4536031572417097,0.341695114044263,-0.02988196164369583,0.12665756046772003,-0.9914963245391846
3876,3876,1,0.98960567,243.92458740010207,38.59873482415128,748.4300997421527,0.6405866773013047,0.26884519239521326,-0.16166125237941742,0.09122775495052338,-0.9826205372810364
3877,3877,1,0.9924299,238.83163488785127,38.974685601441486,732.2184500702225,0.8111464262456121,0.1649088581681159,-0.27349376678466797,0.044244710355997086,-0.9608556628227234
3878,3878,1,0.99285454,237.42247474302403,41.49062653938171,720.347490849697,0.9256367834421252,0.13382185175426423,-0.3484061062335968,0.025455191731452942,-0.9369980096817017
3879,3879,1,0.98895174,249.467721098079,41.18839568196275,753.7387383389058,0.9722873983465808,0.1111778374945448,-0.3740367591381073,0.014989702962338924,-0.9272927641868591
3880,3880,1,0.99114436,248.15871468138877,39.91435027980118,742.5670343542412,0.9284182177967951,0.04348219661407965,-0.3493093252182007,-0.0075853620655834675,-0.9369767308235168
3881,3881,1,0.99279803,256.5493169972178,41.48856894246827,761.4241105208658,0.8640510849466206,0.06190674176169447,-0.313674658536911,-0.001240322832018137,-0.9495297074317932
3882,3882,1,0.990446,258.7043571672286,44.67969511979447,759.8085680285391,0.759658918076983,0.18996933775094674,-0.25609785318374634,0.046253617852926254,-0.9655436277389526
3883,3883,1,0.9930815,253.25620926297086,44.22098905799181,723.8790541730153,0.5812141601797688,0.5864312797535557,-0.1430428922176361,0.22318296134471893,-0.964224100112915
3884,3884,1,0.99637693,248.5147599163745,42.59925384205898,694.3194397983149,0.2893381751057671,1.2309152032355257,0.0762300193309784,0.507451057434082,-0.8583020567893982
3885,3885,1,0.9959991,271.20419624452694,43.761631528973226,732.224963269679,-0.07716657475341811,2.189885347534144,0.24322451651096344,0.7270826101303101,-0.642022430896759
3886,3886,1,0.99798477,288.38377924444984,46.84009698734851,765.953614783676,-0.26165920241530505,2.9625679038564825,0.2687682509422302,0.8154188394546509,-0.5126945972442627
3887,3887,1,0.99701095,278.9700448610792,48.82825808340913,744.6682031672784,-0.16342446192683263,2.971395867312228,0.23320229351520538,0.8315562605857849,-0.504114031791687
3888,3888,1,0.99673176,281.9529918866058,54.14089228033482,769.1490346993887,-0.11534080953523287,2.8388221858136626,0.21235859394073486,0.8076351881027222,-0.550117552280426
3889,3889,1,0.996707,275.63255056766843,56.24553534146478,756.5583191521781,-0.03835246707024363,2.6011843702376645,0.19289791584014893,0.7836232781410217,-0.5905293822288513
3890,3890,1,0.99761057,308.07557666571324,61.795066392790794,825.0668998351322,-0.12429020770987427,2.7699798640133193,0.19034501910209656,0.7735707759857178,-0.6044477224349976
3891,3891,1,0.9983278,339.51611698987693,68.60326735606691,892.5895647787041,-0.24419919026743345,2.8008412361592927,0.2112814038991928,0.7421401143074036,-0.63607257604599
3892,3892,1,0.9980719,353.5810296373292,75.69029944583404,930.6444344286901,-0.3582106175883215,2.74523373515099,0.25031235814094543,0.7081913948059082,-0.660158097743988
3893,3893,1,0.9980959,326.98874117249505,73.16013933260581,859.2551343799743,-0.31869515354671996,2.350874412854374,0.28775572776794434,0.6690031886100769,-0.6852965950965881
3894,3894,1,0.9983171,329.0046929831898,65.58880693861494,860.5973173481949,-0.32675995418652565,2.1669149476878578,0.2982030510902405,0.6347734928131104,-0.7128376960754395
3895,3895,1,0.9973598,308.0574626856357,56.28570688320203,804.8139079810062,-0.23493572388864303,1.8491232339397001,0.29955342411994934,0.598610520362854,-0.7429221272468567
3896,3896,1,0.9980976,295.2965364763392,50.08752296190922,773.9331647225214,-0.18251560000037156,1.640564763672733,0.3020135462284088,0.5665945410728455,-0.7666540145874023
3897,3897,1,0.9959234,293.76472664460806,52.9589863297976,773.6125498280213,-0.1922912744926615,1.410934913137256,0.3222543001174927,0.4961434602737427,-0.8062219619750977
3898,3898,1,0.9962824,320.24075550659427,57.220829093233554,843.0274098567902,-0.2608171924074727,1.260617362154215,0.3180653750896454,0.4137483835220337,-0.8530220985412598
3899,3899,1,0.9962225,304.9117185079388,56.5055302173399,806.0617019537846,-0.16915747300628667,0.9782996447818548,0.30281442403793335,0.3380504250526428,-0.8910810351371765
3900,3900,1,0.99584997,302.83428989933753,55.309585399365915,800.1384230669559,-0.14450964857974305,0.7770415753855866,0.29704609513282776,0.26981320977211,-0.9159500598907471
3901,3901,1,0.9965468,317.0689960476656,55.771814948418346,832.8995361903959,-0.17698170501590096,0.7206016187285925,0.2905966341495514,0.23976938426494598,-0.9263176321983337
3902,3902,1,0.9972006,305.1429479926001,55.60110409590542,794.6671348937948,-0.1345157494703295,0.7163578613142841,0.2912483215332031,0.2491452842950821,-0.9236346483230591
3903,3903,1,0.9965405,310.2151395538928,56.43574687277518,800.8341561486282,-0.15073601886221363,0.7770199899856527,0.2921958565711975,0.26883000135421753,-0.9177973866462708
3904,3904,1,0.9968548,326.3690546042823,59.306321097082254,830.8863332150546,-0.2008657501531763,0.8722144257440104,0.2924642860889435,0.2903299331665039,-0.9111383557319641
3905,3905,1,0.99686426,325.12911098944664,59.82950790323275,819.659217956396,-0.19916068450293878,0.9061727719096986,0.29579320549964905,0.3053588271141052,-0.9051311612129211
3906,3906,1,0.9966413,325.5276579034111,61.25264722371798,812.7184513645556,-0.2214378814161821,0.9085626596508228,0.3112195134162903,0.30623483657836914,-0.8996458053588867
3907,3907,1,0.9970964,326.77647552272697,62.26447860801676,810.076624344294,-0.24058242591887716,0.8892094573010649,0.3228152394294739,0.2985442280769348,-0.898143470287323
3908,3908,1,0.997468,332.52710302758146,63.8417086189198,820.232120657905,-0.27202028028787495,0.8720612555449883,0.3319045603275299,0.2868872284889221,-0.8986296057701111
3909,3909,1,0.99756277,340.30695597316713,65.0655984621242,835.7324228183711,-0.3114986906158096,0.8693895237088392,0.3407503068447113,0.27925047278404236,-0.8977240324020386
3910,3910,1,0.99761665,339.74489308336257,65.6726351658916,833.6607400238003,-0.3127436947626541,0.88023702105247,0.3426462411880493,0.2828456163406372,-0.8958749771118164
3911,3911,1,0.99849546,342.4300709546707,67.09400488946532,838.9152226826413,-0.33077989020509574,0.9030051993661179,0.3476850390434265,0.28713366389274597,-0.8925633430480957
3912,3912,1,0.9986083,346.3711199544303,68.23510118629989,848.9105232393421,-0.36518815786731706,0.9468447930077707,0.3580344319343567,0.2967592477798462,-0.8852939009666443
3913,3913,1,0.99836546,342.4712789207544,68.36644933650501,842.3878364926976,-0.3564113541886591,0.9678612051688645,0.35915085673332214,0.3056037724018097,-0.8818259835243225
3914,3914,1,0.99794847,334.9117170188229,67.72375223183865,824.6831075749284,-0.3399868153612568,0.9699097283886683,0.3644840121269226,0.3124893009662628,-0.8772125840187073
3915,3915,1,0.99746466,342.9861967659769,69.64453115882512,844.4554443101368,-0.3878731723568156,1.020658000161608,0.3737052083015442,0.31975483894348145,-0.8706901669502258
3916,3916,1,0.99764246,341.3408186509612,69.30423134266381,839.8233641395246,-0.38693352487827837,1.0226323780998865,0.37652745842933655,0.32209882140159607,-0.868607759475708
3917,3917,1,0.99730825,344.5298164996313,69.80529484177242,847.7560130861117,-0.40180076289397576,1.0646538796524267,0.37710121273994446,0.33243682980537415,-0.8644538521766663
3918,3918,1,0.997551,342.98554484585947,70.20277736464162,843.4173465046074,-0.39243513411459074,1.0706074098498382,0.37516650557518005,0.33570656180381775,-0.8640319108963013
3919,3919,1,0.9977075,343.2655255195138,71.02149127164917,844.236397929088,-0.39525407569006316,1.068337854473536,0.3762738108634949,0.3337267339229584,-0.8643173575401306
3920,3920,1,0.99856204,337.71628643629856,70.10155267735253,829.4096362628044,-0.36048945062974663,1.049688314241743,0.3691345751285553,0.33463701605796814,-0.8670396208763123
3921,3921,1,0.9986619,337.7344697006694,70.77745886142343,824.1074275498576,-0.3495870745413875,1.0763981149346769,0.3643706142902374,0.34531569480895996,-0.8648648262023926
3922,3922,1,0.99837446,349.72515470449906,72.27599942511164,845.8315042539825,-0.39121209717127686,1.1313492265837137,0.3652164041996002,0.3535780906677246,-0.8611617088317871
3923,3923,1,0.99786264,338.6656966665931,71.3262279864145,814.4286775115839,-0.35417668550713205,1.1394513224809404,0.3675690293312073,0.3692128360271454,-0.8535659909248352
3924,3924,1,0.99763024,342.6908751070194,72.06947830481529,823.0819412141733,-0.37924019785236335,1.1928529092972153,0.3721456527709961,0.38173604011535645,-0.8460409641265869
3925,3925,1,0.99728155,325.41862100448884,70.02844531711422,784.4435799432223,-0.3064073785419963,1.1300287000622007,0.3662095069885254,0.38000965118408203,-0.8494017720222473
3926,3926,1,0.9983359,326.2057216282223,69.56098508450684,792.3504863507363,-0.30702122181633634,1.1190757289604734,0.36298254132270813,0.37369927763938904,-0.8535763025283813
3927,3927,1,0.9988456,328.0497017804975,68.34258456359366,805.7376456638491,-0.3310625110123046,1.1254516603418083,0.3691006302833557,0.370693564414978,-0.8522623181343079
3928,3928,1,0.9966612,328.2275148262152,67.18098031760974,817.5810640949729,-0.33641538062034915,1.1161509467013842,0.36753222346305847,0.3640097975730896,-0.8558136224746704
3929,3929,1,0.99786335,336.4247457137998,67.34407024907769,847.3430214194372,-0.3704781644861055,1.15912797715679,0.36525312066078186,0.36611321568489075,-0.8558920621871948
3930,3930,1,0.9976624,331.598258012546,66.55611375597015,842.0262009004063,-0.3505081752010642,1.1502806318347345,0.3614714741706848,0.3664276897907257,-0.8573617935180664
3931,3931,1,0.997912,333.5042455404006,66.50615452256892,850.5083613532688,-0.3484126937503847,1.1414731643200495,0.35563987493515015,0.3609665632247925,-0.862104058265686
3932,3932,1,0.9984206,330.94853639997433,67.80628966616582,849.89556424198,-0.3469266502424998,1.1429220148474932,0.3577929437160492,0.3600391447544098,-0.8616008758544922
3933,3933,1,0.9979748,320.9730676387032,67.78653078637602,823.608585416489,-0.29952222714798804,1.0946107901019408,0.3531016409397125,0.35497087240219116,-0.8656298518180847
3934,3934,1,0.9974376,319.1247479283851,67.72172456888562,822.0488104454386,-0.2719303919670461,1.089762613129772,0.34015128016471863,0.35520869493484497,-0.8707031011581421
3935,3935,1,0.99704224,315.08521361191873,67.0187333281135,810.4626058015214,-0.237559829359372,1.0884840964707545,0.32871660590171814,0.36115381121635437,-0.8726473450660706
3936,3936,1,0.9966846,309.5757244473522,66.69608402638698,796.5169845666927,-0.21020585260794916,1.0758390752239564,0.32395026087760925,0.363264262676239,-0.8735532760620117
3937,3937,1,0.99704057,312.3590804578021,67.37513946737253,802.4722133182946,-0.22347613597607272,1.0885474421205694,0.3263085186481476,0.36426228284835815,-0.8722590208053589
3938,3938,1,0.9972772,309.76999170178686,67.20109175346956,794.2664890895577,-0.2200814630744096,1.0775446599425336,0.3304647207260132,0.3637050688266754,-0.8709257245063782
3939,3939,1,0.99727076,310.1667151256588,67.4418670993713,796.3823690678245,-0.22958680482278943,1.0684626915500601,0.33524996042251587,0.3590034246444702,-0.8710476160049438
3940,3940,1,0.99712026,312.12872118659755,67.30161408412941,799.2260116950343,-0.2426659663083604,1.056289328909262,0.3401378393173218,0.3534272611141205,-0.8714329600334167
3941,3941,1,0.9973169,315.05949183036483,67.57537395700218,806.205057057983,-0.2609044820047233,1.0438518815944902,0.345436692237854,0.345659464597702,-0.8724637627601624
3942,3942,1,0.99725753,313.86468752411275,67.54839508848606,802.7120648920527,-0.2546836196800517,1.0194687768704986,0.3451906144618988,0.33869701623916626,-0.8752872347831726
3943,3943,1,0.99729234,314.1319391600439,67.43567167870907,803.8301323943901,-0.2493025751974404,1.0053340364995342,0.3417493999004364,0.33380022644996643,-0.8785127997398376
3944,3944,1,0.9973515,315.55228674857244,67.47601925529513,806.6483325847389,-0.24718016218660632,0.9905843798157885,0.33834052085876465,0.32788896560668945,-0.8820512890815735
3945,3945,1,0.9974107,317.56904550886077,68.17789000888199,811.1885080226352,-0.2488180990669829,0.97490906478845,0.33595144748687744,0.3202187716960907,-0.885774552822113
3946,3946,1,0.997361,319.05903601733394,67.93540019035554,817.5542273360462,-0.2516296232788934,0.952419310806351,0.3342081606388092,0.31050893664360046,-0.8898815512657166
3947,3947,1,0.9972435,316.1834303814715,67.56540835395079,810.7710105892464,-0.2396261176828937,0.9166378610195506,0.3337155282497406,0.300774484872818,-0.8934028744697571
3948,3948,1,0.9974483,318.3904088459878,67.33098716739526,815.9475737277729,-0.24332477699291674,0.8958199386344826,0.3320361077785492,0.29210156202316284,-0.8968994617462158
3949,3949,1,0.9976649,321.97359183725456,67.95886043581771,824.0321611856642,-0.2544339162381427,0.8855340485766813,0.331955224275589,0.285200834274292,-0.8991475105285645
3950,3950,1,0.99778026,324.8006984280915,67.63470755305192,829.1710127433681,-0.25968246143251394,0.9001133644217325,0.32968366146087646,0.2891783118247986,-0.8987127542495728
3951,3951,1,0.9975873,322.0737047562515,67.75425072288593,820.819823997992,-0.23295732907624495,0.9370299895752061,0.31914153695106506,0.30535149574279785,-0.8971672654151917
3952,3952,1,0.9969156,320.9892271193813,67.43939925272936,819.3081363443652,-0.20894134939523742,1.0281652774447934,0.30409857630729675,0.33878377079963684,-0.8903648853302002
3953,3953,1,0.99685293,323.5975709350286,68.4479878195848,824.4033390768772,-0.18057225250811304,1.1776694464621382,0.2780570387840271,0.38802963495254517,-0.8787020444869995
3954,3954,1,0.9980615,333.360035884853,73.16874886943293,853.9891009470398,-0.15588469063282767,1.4083668529747437,0.23726190626621246,0.44659239053726196,-0.8627062439918518
3955,3955,1,0.99830025,335.02389243516427,81.47353891556081,866.9379231960797,-0.1331618245199054,1.6062593171037434,0.21335984766483307,0.4929591715335846,-0.8434861302375793
3956,3956,1,0.9961123,329.0148299373689,83.38312220469562,852.2351462684738,-0.06668305399085031,1.6896371274045638,0.1809145212173462,0.5241224765777588,-0.8322052955627441
3957,3957,1,0.9937203,340.98072251407694,86.62022292763307,877.47422744091,-0.03547091721136167,1.776822812242848,0.1426011472940445,0.5347924828529358,-0.8328636884689331
3958,3958,1,0.99398744,329.13393974263846,86.51158347785798,838.7509798511896,0.05741308445417175,1.6858256796123636,0.10699618607759476,0.530329167842865,-0.8410130143165588
3959,3959,1,0.9963887,344.43097474536677,89.01191840261906,864.6329021961448,0.06883945813925575,1.72371810142096,0.07881767302751541,0.5262897610664368,-0.8466445207595825
3960,3960,1,0.9972433,350.6821336012201,91.48427706977355,865.1797062051143,0.08044508077472787,1.700590688299443,0.06498365104198456,0.5176341533660889,-0.8531307578086853
3961,3961,1,0.9972826,352.98703613320885,91.89921538165252,856.461375382722,0.08004658586449342,1.67315975502934,0.06368386000394821,0.5140202641487122,-0.8554107546806335
3962,3962,1,0.9963821,359.86103201380485,93.50843540420802,860.1565292455381,0.05722864512638909,1.6778680379799642,0.06954275071620941,0.5124043226242065,-0.8559238314628601
3963,3963,1,0.99618894,364.02007284033107,94.76871236185707,859.6952909431285,0.009854482062202333,1.662672471648319,0.09457490593194962,0.5072546005249023,-0.8565911054611206
3964,3964,1,0.99603146,376.58974735087463,97.18282671798583,880.366317499154,-0.08361756262126506,1.69726681413366,0.1340629607439041,0.5044252276420593,-0.8529844284057617
3965,3965,1,0.9968014,372.18406789690295,95.94375415644068,865.824385525153,-0.15650109602100032,1.672077750852693,0.18550129234790802,0.5032220482826233,-0.8440123200416565
3966,3966,1,0.9962716,369.3915327314176,95.30121198008192,858.4961129344547,-0.23089113617185614,1.7033636139417365,0.23256970942020416,0.5128417015075684,-0.8263805508613586
3967,3967,1,0.9976665,362.42768172490725,93.42334915844633,843.4636635968501,-0.29824751050696746,1.7505785265554716,0.2798531651496887,0.529917299747467,-0.8005435466766357
3968,3968,1,0.9956519,365.7674095623145,91.17739514074806,857.3416585346349,-0.3917737239755752,1.8538447247714342,0.3182773292064667,0.5463650822639465,-0.7747159004211426
3969,3969,1,0.99335194,371.52938329300576,90.04601588800206,877.6935680012342,-0.4353725660317181,1.922613952653701,0.32603371143341064,0.5529057383537292,-0.7668098211288452
3970,3970,1,0.9979011,372.1971376405379,83.82382778777041,879.1414466101352,-0.45773872638188723,1.8247562580824657,0.33998143672943115,0.5305843353271484,-0.7764617800712585
3971,3971,1,0.9983575,348.4508274367704,74.08395270932569,822.755701667676,-0.33061782541033885,1.4655553434137647,0.32834896445274353,0.46971482038497925,-0.819484531879425
3972,3972,1,0.9978643,342.23894259219566,69.30581824241796,808.7159813008108,-0.2634309408667649,1.2160365158427802,0.31037038564682007,0.40502890944480896,-0.8600127100944519
3973,3973,1,0.9971732,347.5888301664889,68.5196996341757,818.3492821393016,-0.2501532589412064,1.0557592184297568,0.29852792620658875,0.3491535782814026,-0.8882414698600769
3974,3974,1,0.9975668,343.94844958473385,68.08263866530298,810.0956526760905,-0.22673990612314338,0.9980803262448821,0.2928050458431244,0.33316510915756226,-0.8962512016296387
3975,3975,1,0.9982179,340.2107071936735,65.6792284993746,805.6091577657253,-0.245039722015981,1.0463124825920749,0.30796098709106445,0.3531680405139923,-0.8834208250045776
3976,3976,1,0.9981553,336.5525926094568,64.36246528746345,801.985258049609,-0.2980352999841143,1.1060557785511786,0.3425542414188385,0.37323135137557983,-0.8621803522109985
3977,3977,1,0.9985789,332.8996091489689,63.99179213294241,800.9294882898698,-0.3282932909915342,1.182435499143135,0.3613113760948181,0.3970761299133301,-0.8436732888221741
3978,3978,1,0.9975464,330.214030537275,61.71570543891617,800.7961638125047,-0.3433760785370379,1.1599447369886495,0.37316468358039856,0.3905542492866516,-0.8415554165840149
3979,3979,1,0.997563,319.80422723634086,60.10276366660556,780.1809018648564,-0.3006869353422147,1.0829354614812965,0.3707413077354431,0.3756578862667084,-0.8493715524673462
3980,3980,1,0.9980411,328.186941950276,60.387224673450625,805.4077166225956,-0.3348152671903685,1.0668539253412326,0.3719685673713684,0.3593404293060303,-0.855870246887207
3981,3981,1,0.9971513,326.86894532764813,60.888372983126764,809.6553667177113,-0.3354605765476484,1.0022919803011874,0.37427613139152527,0.33514347672462463,-0.8646364808082581
3982,3982,1,0.99774534,334.2376945120857,62.29538800766957,834.2055650352225,-0.35951457637152745,0.9491377106071737,0.372103750705719,0.3071972131729126,-0.8758816719055176
3983,3983,1,0.9968176,339.93483389908755,62.01493819703368,853.6331384706388,-0.3791216289936441,0.8622301342688709,0.3715105652809143,0.27235347032546997,-0.8875829577445984
3984,3984,1,0.9975321,339.2594462297659,62.628338212375446,860.1823314847521,-0.37508905166064344,0.8019744219521368,0.3687862157821655,0.24978789687156677,-0.8953226804733276
3985,3985,1,0.99829286,327.01998570540064,62.60889633121013,838.0736432220639,-0.31721816833641714,0.7224002121127038,0.3596021234989166,0.2287149429321289,-0.9046412706375122
3986,3986,1,0.9977429,322.68891740954354,61.99404956549336,832.0474636876737,-0.2364620318865201,0.7010003252809386,0.32071876525878906,0.22501522302627563,-0.9200584888458252
3987,3987,1,0.9977456,325.3339070834995,62.328422626497364,841.9727342688947,-0.127008737607135,0.751393515219777,0.24804788827896118,0.24221308529376984,-0.9379792809486389
3988,3988,1,0.99831665,318.5570857349647,61.72879010433123,828.554201185218,0.013065385842876316,0.8331894394212537,0.1689777821302414,0.2775398790836334,-0.9457367658615112
3989,3989,1,0.9976549,318.50584747660815,63.56489694214784,837.786128859106,0.17407087650163505,1.0324444774588422,0.05771348252892494,0.3429270088672638,-0.9375874400138855
3990,3990,1,0.9981634,295.42442913098097,65.21840295084053,800.2543625157715,0.35834616519191065,1.1899827348520415,-0.03948359936475754,0.4083181619644165,-0.911985456943512
3991,3991,1,0.99741566,287.21967617312254,67.6720743502659,802.0369529884988,0.47852611201681067,1.3381279664218666,-0.11143257468938828,0.4494752287864685,-0.8863152861595154
3992,3992,1,0.9957982,285.0985516766655,69.7381886560816,809.188467475515,0.5615123069510899,1.4271203205833416,-0.16210809350013733,0.4670356214046478,-0.8692518472671509
3993,3993,1,0.99722856,277.3512485641303,68.47031561844985,794.2219856363058,0.6007148093248682,1.4872506397745218,-0.18016602098941803,0.49243253469467163,-0.8514989018440247
3994,3994,1,0.9972609,272.81168707680376,69.00977736326811,781.5537145484587,0.5660317483682631,1.5024400984133306,-0.15439656376838684,0.5067326426506042,-0.848164975643158
3995,3995,1,0.99717367,275.6594299516396,69.25508692982254,788.9453970972753,0.45944753919279274,1.4719905999556544,-0.08620823174715042,0.49984392523765564,-0.8618144989013672
3996,3996,1,0.9963319,290.31838531559066,70.61972186318765,820.8605134709169,0.33150931393741834,1.4098431193941203,-0.01704009436070919,0.466788113117218,-0.8842049837112427
3997,3997,1,0.9954105,292.7433286282056,67.0726278222685,812.4060021671288,0.2046360083696466,1.1586454002280404,0.06946554034948349,0.3931499719619751,-0.9168465733528137
3998,3998,1,0.99791986,300.57478179798017,64.76061772472478,819.9022685640458,0.07532832815505731,0.9498599517423854,0.14976167678833008,0.3187490403652191,-0.935932993888855
3999,3999,1,0.9977362,302.2829691765318,63.41902105388482,812.4787671276905,-0.04018090083818542,0.7726095335786324,0.2285943180322647,0.25681430101394653,-0.9390373229980469
4000,4000,1,0.9981651,301.69861738363244,62.57195505608286,805.7870152576594,-0.1169647040047067,0.6509023311742371,0.28217238187789917,0.21321575343608856,-0.9353703856468201
4001,4001,1,0.9987424,307.6437119663843,62.71887467258647,816.4348807143596,-0.17695814566796517,0.6150863865480402,0.30898258090019226,0.19673767685890198,-0.9304966926574707
4002,4002,1,0.99792,315.38845912689567,63.120341428057436,831.5442478967593,-0.21063106608825255,0.6544426943374245,0.3145277500152588,0.20708324015140533,-0.9263848066329956
4003,4003,1,0.99715686,324.1816561031651,63.302243866464835,850.5795089183366,-0.2511484675610221,0.7178069674930144,0.32085081934928894,0.22462372481822968,-0.9201080799102783
4004,4004,1,0.99803203,315.2216606407567,61.65652804448852,827.3896557377972,-0.2192486048363115,0.7365927296971357,0.31989410519599915,0.23903852701187134,-0.9168033599853516
4005,4005,1,0.99790525,319.9513006293714,62.72875457729134,836.9706682165864,-0.24384153912369472,0.7697309517187062,0.3251381516456604,0.24676202237606049,-0.9129039645195007
4006,4006,1,0.9978309,307.9137179431416,61.773224596681644,804.9141698718854,-0.20379370682483053,0.746881546570673,0.3269246816635132,0.24853549897670746,-0.9117841720581055
4007,4007,1,0.99764997,322.05000559654235,63.0364685467597,838.9335895694225,-0.25419634860394247,0.7692388638911305,0.32817018032073975,0.24563147127628326,-0.9121236205101013
4008,4008,1,0.9976139,321.1667042701393,63.422404513986784,839.4376685866941,-0.26125441620108536,0.7587564456262427,0.33319857716560364,0.24111323058605194,-0.9115059971809387
4009,4009,1,0.9975942,326.65225598400946,63.12090298026084,851.2576537332963,-0.28038830470111553,0.7527897942842081,0.33399951457977295,0.23632268607616425,-0.9124669432640076
4010,4010,1,0.99771667,319.5192459167119,62.59292671332403,833.5065641574835,-0.25569570481971493,0.7327462069318664,0.3343212604522705,0.23445852100849152,-0.9128299355506897
4011,4011,1,0.99787796,318.2635377913189,62.38632534115825,829.6134679897168,-0.2504179448413319,0.7272253983067478,0.3341492712497711,0.23376992344856262,-0.913069486618042
4012,4012,1,0.99788934,316.4138519575423,62.156335650138715,824.7621038549017,-0.24574243814848531,0.7341176407904202,0.3351172208786011,0.23770524561405182,-0.9116976857185364
4013,4013,1,0.9977164,314.52114255460975,62.65294075209349,818.52350815711,-0.24759892722537377,0.7513711628726973,0.3403521776199341,0.2447301596403122,-0.9078918695449829
4014,4014,1,0.99766797,321.19249091101267,63.12505662310755,834.7434353462969,-0.2846636272899939,0.7929545695238059,0.34756264090538025,0.2539742887020111,-0.9026058316230774
4015,4015,1,0.99772507,317.61715776080115,62.74420922878312,826.3630472292122,-0.27971680900882995,0.807197182432405,0.35141661763191223,0.261507511138916,-0.8989551067352295
4016,4016,1,0.9977574,317.4716971707406,62.3850049123979,824.8170272913063,-0.29088100470409245,0.8260364704753504,0.3580518662929535,0.2685331106185913,-0.8942531943321228
4017,4017,1,0.9976901,317.0552804803364,62.48803525035871,823.4895533439741,-0.29722912957327025,0.8351783134089529,0.36239656805992126,0.27170616388320923,-0.8915405869483948
4018,4018,1,0.9975344,317.7137236709096,62.26338857042899,824.6444778078616,-0.2971244410281441,0.8376264686998292,0.3611132502555847,0.2725543677806854,-0.8918023109436035
4019,4019,1,0.99757785,320.1715418125788,61.78511243112339,831.0075692080891,-0.30046278772968016,0.8358604449711463,0.35792428255081177,0.27077731490135193,-0.8936273455619812
4020,4020,1,0.9975495,327.91213509283165,62.65055026648505,850.2977847260522,-0.3194778573265665,0.845535746403813,0.3530297577381134,0.26780271530151367,-0.8964662551879883
4021,4021,1,0.9976386,319.06204587836925,62.364135255176315,828.3766400216188,-0.2747185367764742,0.8082451941569196,0.34620440006256104,0.26205918192863464,-0.900814950466156
4022,4022,1,0.99777114,315.46904156653756,62.035662408156526,819.3067733168922,-0.2575873087925944,0.8069537947644071,0.343662828207016,0.2647857964038849,-0.9009907841682434
4023,4023,1,0.9977296,323.3753294231,63.62976554343323,840.391898949439,-0.2450759494872839,0.8651609742294265,0.31914401054382324,0.2783626914024353,-0.9059035778045654
4024,4024,1,0.99771523,322.62159013888544,62.8611008707089,836.6789406331192,-0.15994263196965014,0.9622227526633573,0.268520325422287,0.31663399934768677,-0.9097471237182617
4025,4025,1,0.99886,328.92256789825166,65.0253137855625,854.3831688302986,-0.07624831295798466,1.1573514000505085,0.20081348717212677,0.376508891582489,-0.904386579990387
4026,4026,1,0.99871075,313.29006417544764,66.77632271191395,823.2842898790003,0.08775142769077345,1.298192619087715,0.11727301776409149,0.43659794330596924,-0.8919805884361267
4027,4027,1,0.9984786,300.82610032118504,68.77996856829391,805.9796720571375,0.21507100539967153,1.4215804593505406,0.04734409973025322,0.48274245858192444,-0.874481737613678
4028,4028,1,0.9976313,305.6339872470029,71.51947262866382,828.8223917533142,0.2793579796134904,1.5877296023850551,-0.004165383987128735,0.5178152918815613,-0.8554823398590088
4029,4029,1,0.9978465,304.43164855617425,71.21659750298936,824.8252263467948,0.3238638322082863,1.6728326205570994,-0.03233259916305542,0.5435550212860107,-0.8387506008148193
4030,4030,1,0.99663585,310.1004183110587,71.81739223611488,839.3013952539858,0.31391251611226173,1.8162986381016262,-0.03372002765536308,0.5746640563011169,-0.8176944255828857
4031,4031,1,0.99812573,315.6104131957949,71.79629349167256,844.6595438720921,0.2432693785295402,1.837305179332584,0.0032362849451601505,0.5792264938354492,-0.8151602149009705
4032,4032,1,0.9955362,317.77844256598075,70.61901933957458,838.9709597465984,0.17209734316273478,1.7592759785401915,0.04616723582148552,0.5636016130447388,-0.8247556686401367
4033,4033,1,0.9979863,315.12075719287196,68.22960330013849,817.4422653711937,0.10071459993823874,1.511797603357789,0.10193069279193878,0.5060626268386841,-0.856452465057373
4034,4034,1,0.9977761,318.4572252872053,67.41872160160214,811.9463374696165,0.00881656179729914,1.304641874798478,0.1641041338443756,0.4428451359272003,-0.8814522624015808
4035,4035,1,0.99712986,335.46108994866427,68.13499447809488,842.5619516573888,-0.12959340167540465,1.1440180788843994,0.2294718474149704,0.37290579080581665,-0.8990461230278015
4036,4036,1,0.9975147,331.75417820539406,67.02850318084678,827.3680310848185,-0.1724963484174968,1.0009373063794356,0.2679818868637085,0.32942426204681396,-0.9053536653518677
4037,4037,1,0.99797386,334.7068005812773,66.12198170853691,830.4998887192199,-0.23204279742909287,0.9915979358611632,0.29966840147972107,0.3243023455142975,-0.8972328901290894
4038,4038,1,0.99790454,340.9899089579213,66.53199608769394,842.6450167802547,-0.28196552669346,1.0065597891758742,0.3175107538700104,0.3235112726688385,-0.8913626670837402
4039,4039,1,0.9980192,335.9404461605854,66.60610789783806,829.5888989540626,-0.27150035636960057,1.0395690398305646,0.32048115134239197,0.3390313982963562,-0.8845052123069763
4040,4040,1,0.99817765,334.9405117896261,66.25207002525856,825.5917926492549,-0.27399476055414007,1.0877674856977375,0.3228784203529358,0.35691702365875244,-0.8765613436698914
4041,4041,1,0.9985661,344.0922111661727,67.07630536884189,846.6957883648741,-0.2804911992053086,1.1727616663145033,0.30716145038604736,0.3769473433494568,-0.8738206624984741
4042,4042,1,0.9982248,354.80744069176006,70.1015652337511,872.8799040062228,-0.3050651869348455,1.3170233863715552,0.29730191826820374,0.40931564569473267,-0.8625962734222412
4043,4043,1,0.99849474,342.2158301740144,70.93239690483632,842.0486614130122,-0.25866778457816453,1.3677702633049578,0.29180699586868286,0.4377594292163849,-0.8504206538200378
4044,4044,1,0.998618,346.4248811922828,73.79573003537627,850.5959607837094,-0.27863357512670245,1.5028896044611717,0.29133057594299316,0.47154322266578674,-0.8323301672935486
4045,4045,1,0.998733,350.96116491436607,77.54147357190418,859.8272959266327,-0.3123959279036735,1.640186605321867,0.29756373167037964,0.5019683241844177,-0.8120859265327454
4046,4046,1,0.9982827,339.9707416047881,80.80728727401892,830.824976656204,-0.3049357038293923,1.6845659280947822,0.31143346428871155,0.523749053478241,-0.7929036021232605
4047,4047,1,0.99799097,359.6412840472792,86.1075765235783,877.0236129000276,-0.38963251345343,1.865742483868032,0.3163415193557739,0.543241024017334,-0.7777000069618225
4048,4048,1,0.9976675,350.66931565237786,84.91450619771338,853.0995659692122,-0.39298958892361263,1.8741368551302446,0.33262380957603455,0.555253803730011,-0.7622693777084351
4049,4049,1,0.9974517,349.07143892621434,84.73718731766051,845.7373220839196,-0.400080942894753,1.8814214890198577,0.33946704864501953,0.5596987009048462,-0.7559758424758911
4050,4050,1,0.9971949,348.91395233762097,84.27893871276557,842.2155305389837,-0.4090306357909553,1.8880994526089518,0.3447573184967041,0.5625225305557251,-0.7514724731445312
4051,4051,1,0.9975591,363.72013003117894,86.40612601834255,877.0009958593491,-0.4747165569722304,1.952075271121298,0.3509170711040497,0.5582252740859985,-0.7518256306648254
4052,4052,1,0.997456,356.745965643857,85.82136067702238,859.7325486807827,-0.4537119909606843,1.8950355249768664,0.35484644770622253,0.5527116656303406,-0.754051685333252
4053,4053,1,0.9974482,359.822783246533,86.5269074823026,867.4125113737796,-0.4635783865057429,1.8853218127589217,0.3553309440612793,0.5460859537124634,-0.758637011051178
4054,4054,1,0.99721116,356.676783171258,86.54142037742965,861.0485923439413,-0.4588807493040541,1.8740892741775261,0.3583901822566986,0.5458391904830933,-0.7573744654655457
4055,4055,1,0.9977865,360.8200351179336,86.57783800787588,873.3251678190694,-0.5256969102039101,1.9887873449635673,0.3771698772907257,0.5631808638572693,-0.7352348566055298
4056,4056,1,0.9985935,353.9372345184168,83.98885002264761,857.7691874837616,-0.5230482981712576,2.0231937414504717,0.3839479982852936,0.5785534381866455,-0.7196248173713684
4057,4057,1,0.9984397,350.88764331409146,82.08784076236292,852.4808072842757,-0.5044851372428452,2.0432673920189903,0.3777350187301636,0.5880547761917114,-0.7151978015899658
4058,4058,1,0.99882823,359.64745846771,81.1052438282144,873.9139445167117,-0.5074636094253706,2.084583503880903,0.36275169253349304,0.5904620885848999,-0.720947802066803
4059,4059,1,0.9988219,346.8620428205557,74.85878175017892,844.5603808434374,-0.39081119291952693,1.8542574014353757,0.33657965064048767,0.5611779689788818,-0.7561702728271484
4060,4060,1,0.99913114,338.1916189282942,71.25967005679797,824.3778755328707,-0.28713732792723856,1.6252795366694661,0.3063259422779083,0.519315779209137,-0.7977941632270813
4061,4061,1,0.9983108,350.89145164997245,70.69338267312722,858.0513995916322,-0.32920867132580955,1.527050240193538,0.31103089451789856,0.4755168557167053,-0.8228873610496521
4062,4062,1,0.9989623,343.2643097395187,68.6675998274419,839.3805005494847,-0.2980117778496444,1.347471802560194,0.3143045902252197,0.43268436193466187,-0.8449833393096924
4063,4063,1,0.9992035,334.1982066323322,66.81307030488708,814.6369932935223,-0.28180468148139226,1.2134348794974532,0.32769644260406494,0.40188199281692505,-0.855047345161438
4064,4064,1,0.9987232,339.4169199994993,66.97340738655187,820.8941194102871,-0.2988980887842686,1.1701768171562519,0.3313588798046112,0.3847721517086029,-0.8614822626113892
4065,4065,1,0.9985697,337.1168739068734,66.84360742063267,813.4665627097949,-0.3145913879915037,1.0614208835125563,0.3491676151752472,0.35016509890556335,-0.8691757321357727
4066,4066,1,0.99810886,332.5745256496202,64.77411399711555,800.9253601055843,-0.3014909484165095,0.99887108077324,0.35293298959732056,0.3355499804019928,-0.8734097480773926
4067,4067,1,0.9982515,342.893638192163,65.13896869475468,832.2647258047353,-0.34856687462881886,0.9856547945406788,0.35725897550582886,0.31878790259361267,-0.8779181838035583
4068,4068,1,0.9977464,328.48458354630856,63.41463191758413,811.2926100392652,-0.2973245577747597,0.9087605320451507,0.353361576795578,0.3016193211078644,-0.8855288624763489
4069,4069,1,0.9984106,317.0833743664532,61.01409593559554,791.5073390366156,-0.2622365693826115,0.8188014975771798,0.3550737500190735,0.2786652743816376,-0.8923386931419373
4070,4070,1,0.9972825,332.4029498923871,61.666764070838134,842.8625936087229,-0.33497892798687284,0.8423275449807761,0.35968899726867676,0.26985037326812744,-0.8931990265846252
4071,4071,1,0.9980965,330.96441596696826,60.94160938480932,849.1420202537889,-0.3602684611695437,0.8256003673702449,0.3727724254131317,0.26211482286453247,-0.8901328444480896
4072,4072,1,0.9967368,323.78501456727565,60.873498146855844,839.904351495862,-0.3485018739751471,0.8209237872344659,0.37737762928009033,0.2627458870410919,-0.8880038261413574
4073,4073,1,0.99780816,323.2727672427529,60.75440625094799,846.2450972489618,-0.3568119693203543,0.8165859397117708,0.3799334764480591,0.25930336117744446,-0.8879258632659912
4074,4074,1,0.9973078,316.4114086631924,59.66065646528048,828.6094847379227,-0.3175081683053717,0.7867878635853573,0.3730187714099884,0.25575533509254456,-0.8918779492378235
4075,4075,1,0.996923,312.0224814565651,59.25042101744227,818.1628217106776,-0.276611165726858,0.7532864660019384,0.3594662845134735,0.24825702607631683,-0.8995290398597717
4076,4076,1,0.99746644,315.8560722618586,59.355811579554086,826.5295589456996,-0.26859163603602476,0.7556775488710016,0.34753116965293884,0.2473691701889038,-0.9044504165649414
4077,4077,1,0.9970036,316.8724762623702,59.357948847970306,824.5294265701165,-0.24490358558964254,0.7401637656674462,0.3338373005390167,0.24321556091308594,-0.9107133746147156
4078,4078,1,0.9968573,328.2014258756101,60.17293117274442,847.5360142013161,-0.2661190380558243,0.7571213639643778,0.3252592980861664,0.24261020123958588,-0.9139730334281921
4079,4079,1,0.99711204,310.8438489153944,59.06720615874502,806.294993061823,-0.20549589940183277,0.7303192531587487,0.3241729438304901,0.2455412596464157,-0.9135761857032776
4080,4080,1,0.99766564,324.8997643311554,60.21586701355803,838.0486313123348,-0.25718330790565963,0.76454129043915,0.32694706320762634,0.24761751294136047,-0.9120258688926697
4081,4081,1,0.9972927,324.86968627488835,60.00167472467306,838.3274462479136,-0.2613200400135424,0.7754166946541665,0.3290359079837799,0.2514694631099701,-0.9102189540863037
4082,4082,1,0.99721223,331.7393846691446,60.27448745633157,856.5132859001711,-0.2917922846282078,0.7978278651252646,0.33211061358451843,0.25373905897140503,-0.9084706902503967
4083,4083,1,0.9969056,331.9380738746034,60.308090850796624,858.2324505884477,-0.27452845334325987,0.8126731111394967,0.3213277757167816,0.25880348682403564,-0.9109166860580444
4084,4084,1,0.9963121,337.04326430405473,60.63472472438239,870.3579628108231,-0.22071294483237955,0.8850283233754618,0.2798176109790802,0.28139203786849976,-0.9178891777992249
4085,4085,1,0.9965354,316.73500480613313,58.97534859882348,820.5668936518531,-0.058117090807398616,0.9350493740999889,0.2167607694864273,0.3192487955093384,-0.9225480556488037
4086,4086,1,0.99780756,309.3564876386005,59.401786643019165,806.5033105657835,0.10667384556120076,1.059191360963376,0.11707232892513275,0.3702715337276459,-0.9215167164802551
4087,4087,1,0.9979054,300.2100936130694,61.26286093923644,798.0507378106354,0.23966042996042833,1.1963739117111658,0.03590400889515877,0.4191792905330658,-0.9071933031082153
4088,4088,1,0.99814165,297.11581391440694,63.914837980249075,801.4802136851032,0.3270447209031459,1.3363953914014626,-0.022052479907870293,0.45976972579956055,-0.8877642750740051
4089,4089,1,0.997195,294.7798592093263,65.12630310472956,803.246803503489,0.3980239970825297,1.4509513015648619,-0.06780971586704254,0.49165108799934387,-0.8681480884552002
4090,4090,1,0.9971585,299.74247786232996,65.93854341842139,815.7127696831773,0.3652846178584358,1.5717955549300522,-0.052625756710767746,0.5223209261894226,-0.851123571395874
4091,4091,1,0.99734193,303.69380489436134,67.36263280125773,817.0265283955783,0.28552326852578613,1.5317928542369699,-0.005062316078692675,0.511070728302002,-0.8595237731933594
4092,4092,1,0.9982052,306.72730094740666,65.1817415329425,809.521567427415,0.18494992077207265,1.3707929044708793,0.060752082616090775,0.46854156255722046,-0.881350040435791
4093,4093,1,0.99817085,308.8910446067113,63.526218085612435,796.8180862496151,0.047301213623388925,1.1650645035529001,0.15695622563362122,0.4068831503391266,-0.8998949527740479
4094,4094,1,0.99701345,316.76786624740765,61.94175609806922,803.5886395300477,-0.08180023695087607,0.9968681488300878,0.23512530326843262,0.34396979212760925,-0.9090659022331238
4095,4095,1,0.9982217,333.7582431187316,63.080671999411635,832.38125198334,-0.2293633905228057,0.9066182124349912,0.3002963066101074,0.2975473403930664,-0.9062492847442627
4096,4096,1,0.9974947,333.3268088862799,63.54597095049319,828.1402238917991,-0.28644542049265376,0.8845541167300608,0.33616966009140015,0.2886500656604767,-0.8964770436286926
4097,4097,1,0.9982602,333.659547157119,62.941035037838596,821.0318403014159,-0.30466063773295865,0.9262403343697179,0.3477839529514313,0.30537834763526917,-0.8864482045173645
4098,4098,1,0.997964,340.56027797100563,62.97192477978255,834.0331387801406,-0.358084411272404,0.9724308194271699,0.36435288190841675,0.3152957558631897,-0.8762622475624084
4099,4099,1,0.99846435,330.1547177072589,62.75555179872884,806.919854882753,-0.32734586451408587,0.9514902946567215,0.36914825439453125,0.31751158833503723,-0.8734506368637085
4100,4100,1,0.99895513,329.70963057351895,62.92049876965248,802.6654991881469,-0.3197808295812601,0.9671078888114955,0.36656761169433594,0.3245462477207184,-0.8719506859779358
4101,4101,1,0.99880934,328.70909317483523,63.260773720457024,799.2689356411598,-0.2957520974546186,0.99930299181017,0.3542053699493408,0.3377044200897217,-0.8720632791519165
4102,4102,1,0.99785906,353.52297272041454,65.55754317700452,860.1115588154349,-0.3543529917696199,1.1646325321101387,0.3342320919036865,0.36840662360191345,-0.8675053119659424
4103,4103,1,0.9986016,324.8510428584602,65.94259185182929,796.8370651153303,-0.23426312746115685,1.2296790915110871,0.31533241271972656,0.41713473200798035,-0.8523872494697571
4104,4104,1,0.998706,344.3825525227981,72.83760504461144,848.9944676819658,-0.26229251586470004,1.4826049955999343,0.28538966178894043,0.4677935838699341,-0.8364938497543335
4105,4105,1,0.99863976,345.2639904452474,75.46523933720654,851.7406983120063,-0.23333685714133048,1.6107083006640608,0.26248183846473694,0.5032058358192444,-0.8233391046524048
4106,4106,1,0.9976775,345.54746701970316,77.70155742234566,854.4756665627445,-0.20753902311444583,1.7338046627753192,0.2421121895313263,0.5356804728507996,-0.8089673519134521
4107,4107,1,0.99844354,352.57067098283636,78.77915278533044,871.2812915161512,-0.1853722389494814,1.8314011482760046,0.2148081362247467,0.5545217394828796,-0.8039671182632446
4108,4108,1,0.9982449,355.114971829214,80.71276133411196,876.4673967340054,-0.19948093688670646,1.8414445563698991,0.21890120208263397,0.5527244210243225,-0.804100751876831
4109,4109,1,0.9988172,363.81909648544803,84.23405906297668,891.7551576212413,-0.2374220539951576,1.8688268423716974,0.22722141444683075,0.5489232540130615,-0.8043965101242065
4110,4110,1,0.9983322,371.33147659577304,86.49528653910403,904.903227644023,-0.20374718834174507,1.8654493010598518,0.19884197413921356,0.5424842238426208,-0.8161939978599548
4111,4111,1,0.9968401,369.5359127670792,86.81929637315051,894.7615467013158,-0.15576801943946067,1.8250677378693778,0.17698946595191956,0.53824383020401,-0.8239953517913818
4112,4112,1,0.9964929,369.2381648085439,88.78008985234278,889.2956313097206,-0.14596397389868,1.795012150195494,0.17378051578998566,0.53170245885849,-0.8289106488227844
4113,4113,1,0.9969728,374.0361731538744,90.95632408838578,895.1699784890083,-0.14383805602522265,1.7943741454352895,0.166681706905365,0.5274531245231628,-0.8330729007720947
4114,4114,1,0.9939051,375.59263066432123,92.10126355111828,892.2726309219847,-0.16194467242922617,1.804900277334035,0.17561623454093933,0.5303682088851929,-0.8293784260749817
4115,4115,1,0.9918637,362.66094657783765,91.59983518894934,857.8664541731004,-0.14200913219836137,1.7402490461717892,0.18618175387382507,0.5295999646186829,-0.8275628089904785
4116,4116,1,0.99444854,363.3029973978937,91.81335499505171,858.0216714371014,-0.16485842396821898,1.7528510386550218,0.19850195944309235,0.532017171382904,-0.823137104511261
4117,4117,1,0.99464804,364.389946063344,91.86544359309443,859.5149770685595,-0.2045550041553762,1.7715502729635424,0.21945244073867798,0.5347243547439575,-0.8160334229469299
4118,4118,1,0.99516594,363.39558651465836,91.49891694381053,855.9883948235606,-0.2567411120853731,1.76390312570257,0.25142815709114075,0.5317768454551697,-0.8087010383605957
4119,4119,1,0.99537957,362.28119413156224,91.7790139500557,854.5591983019713,-0.24859132420993973,1.7694247839169561,0.24813143908977509,0.5340550541877747,-0.8082178235054016
4120,4120,1,0.99531364,363.7369449885834,91.4114014393736,858.0378260677898,-0.22143293236351677,1.7654288426310265,0.23037469387054443,0.533231258392334,-0.8139975070953369
4121,4121,1,0.9955711,360.64280110421527,91.73401779355254,851.0774842099112,-0.20413466174217682,1.7420304417428103,0.22620822489261627,0.5304445028305054,-0.816981315612793
4122,4122,1,0.99598783,370.63506440859584,93.10493545627111,870.1571845318416,-0.24007996936415438,1.7623477425618181,0.2313629388809204,0.5250635743141174,-0.8190112709999084
4123,4123,1,0.9966378,370.1692282915551,93.68702926643782,863.5750619866486,-0.23417447346454032,1.7655078470978656,0.22986066341400146,0.5289016366004944,-0.8169621229171753
4124,4124,1,0.9963527,364.86343387182563,92.61640632048729,851.7897705213692,-0.23763098089401102,1.7673923634314652,0.23992159962654114,0.5351876020431519,-0.8099455833435059
4125,4125,1,0.99472034,358.38731005299945,91.78418246138351,846.0214972268905,-0.2505082205871731,1.8313057975798566,0.25266119837760925,0.5542253255844116,-0.7930931448936462
4126,4126,1,0.99586225,380.69660716929405,93.824394246832,911.4099577767819,-0.3616166989184355,2.083008311091962,0.26460668444633484,0.5803372263908386,-0.770189642906189
4127,4127,1,0.9976017,360.17771239602985,88.42001430725787,877.5392935489666,-0.31115325158651447,2.1196461107773374,0.2630557119846344,0.6084842681884766,-0.7486979365348816
4128,4128,1,0.99894744,358.75661632646097,86.62500670487627,885.7661045152727,-0.25434488506172026,2.201373213101149,0.22904005646705627,0.6273878216743469,-0.7442615032196045
4129,4129,1,0.9984993,357.4357252425557,86.37106027574798,880.9876292350042,-0.16502141000842946,2.211076299497243,0.18298077583312988,0.6365792751312256,-0.749189555644989
4130,4130,1,0.9985251,339.3784900057755,83.04096701176054,835.1552352530656,-0.06366894752884943,2.109738480406579,0.1550464630126953,0.6421257853507996,-0.7507563233375549
4131,4131,1,0.9969482,347.2873551809309,87.32045622015438,850.6211491896626,-0.028715940107561653,2.077133302629161,0.12572170794010162,0.6252257823944092,-0.7702511548995972
4132,4132,1,0.99734855,354.85413138859803,87.45821828879097,858.3337191678698,-0.06782777785273479,1.9080616457905684,0.14481164515018463,0.5790823698043823,-0.8023049235343933
4133,4133,1,0.99761426,352.6935553054941,83.69979017973402,843.3784317325197,-0.057618874886627855,1.5669371474380922,0.15364447236061096,0.4954156279563904,-0.8549601435661316
4134,4134,1,0.9959124,343.4844000959644,77.50087113722911,817.9818834996577,-0.09787785943253687,1.264251088453363,0.20350714027881622,0.4158909320831299,-0.8863518238067627
4135,4135,1,0.9973158,338.28681604340994,73.74355731705352,809.2339682285319,-0.15520551389386103,1.0158396874283842,0.2553195357322693,0.3352961242198944,-0.9068563580513
4136,4136,1,0.998018,339.5634325289378,70.28142524993686,815.1575000541903,-0.20967814991114334,0.8531161548251377,0.2895456850528717,0.2771531641483307,-0.9161601662635803
4137,4137,1,0.99895644,344.4325267168318,68.56809000229457,833.0197766736809,-0.2709561942255608,0.8076553475371036,0.3154956102371216,0.256242960691452,-0.9136750102043152
4138,4138,1,0.9989685,348.13012568864673,69.06186583358843,845.0422434372335,-0.3404958834458023,0.8061633380830142,0.3471068739891052,0.2501688599586487,-0.903843104839325
4139,4139,1,0.9988261,339.2694136857499,66.9104190319299,824.6541235191938,-0.31222641678668184,0.8407360617523488,0.3472566604614258,0.27036669850349426,-0.897950291633606
4140,4140,1,0.99899215,339.2853499032255,66.86418335464808,825.0584347343538,-0.30611861378218214,0.9416367673454455,0.34118467569351196,0.30570274591445923,-0.8888975381851196
4141,4141,1,0.998689,346.1467006432986,68.49911990638189,842.7493307387899,-0.2815873817512316,1.1214282652417606,0.30865034461021423,0.36043378710746765,-0.8802400231361389
4142,4142,1,0.9992799,343.399915995354,71.96074458478995,838.941133843734,-0.2627474553145738,1.3028738520958276,0.296359658241272,0.4177539348602295,-0.8588670492172241
4143,4143,1,0.99832207,342.1236330222793,75.48106687976302,838.1792728518234,-0.23580481097071546,1.5094343994608315,0.274944007396698,0.4795546233654022,-0.8333265781402588
4144,4144,1,0.99844474,342.2277215042844,77.87034554831429,838.8592835835092,-0.1914986756083496,1.658735179229703,0.24315671622753143,0.5229207277297974,-0.8169631361961365
4145,4145,1,0.9982699,351.3393071193744,80.81599623014843,857.9906073051924,-0.16097379860893063,1.808444239227892,0.20590727031230927,0.5545827150344849,-0.8062506914138794
4146,4146,1,0.9981614,354.35844933335557,81.86958185427835,863.4376148185429,-0.12011748298226725,1.833934020868551,0.17717446386814117,0.559744656085968,-0.8095030784606934
4147,4147,1,0.9977792,363.4347308096655,83.64763522709103,882.7927971755494,-0.1369321960279672,1.8637611779287067,0.17308519780635834,0.5566978454589844,-0.8124832510948181
4148,4148,1,0.9973448,354.60886495207706,84.3742051923699,859.8973118376698,-0.1024364865306956,1.7922612479314615,0.16881845891475677,0.5491775870323181,-0.8184768557548523
4149,4149,1,0.9976942,354.64163849951007,84.91363418949665,856.8013215114244,-0.06096459867802101,1.7690868979671424,0.14535176753997803,0.5452882647514343,-0.8255504965782166
4150,4150,1,0.996398,354.92581323016856,85.15129554471538,854.1440296236741,-0.019640330190014068,1.764762081028095,0.1205340176820755,0.5462024211883545,-0.8289358019828796
4151,4151,1,0.997489,362.852948283068,87.1447836912502,868.0368290934583,-0.019302521734575473,1.8118169887743099,0.10862443596124649,0.5506389141082764,-0.8276457786560059
4152,4152,1,0.99670726,369.5932819454975,88.69386217976785,882.1358259621188,-0.03639082744385529,1.849647659521146,0.10888823121786118,0.5523906350135803,-0.8264429569244385
4153,4153,1,0.99497104,367.9383192023831,89.02716038288963,873.4106852501042,-0.04192607010268737,1.8714910080328848,0.11434325575828552,0.5621732473373413,-0.8190768361091614
4154,4154,1,0.99467057,360.6905552567753,88.22407698752056,852.2312923278479,-0.02687650867083118,1.8495438981476742,0.11636042594909668,0.5679230093955994,-0.8148151636123657
4155,4155,1,0.9949425,369.96538978352277,90.06767626925114,870.4862657774975,-0.08415617006060269,1.9185126921498155,0.13600993156433105,0.57436603307724,-0.8072205781936646
4156,4156,1,0.9953955,365.4073124674215,89.59144364011696,858.7519110805241,-0.12906506682361987,1.9361791415132465,0.16823269426822662,0.5835391283035278,-0.7944682836532593
4157,4157,1,0.99519265,363.9753555315477,89.14481638948651,855.4868769621445,-0.1830521830385363,1.9614074093266674,0.20044144988059998,0.5894430875778198,-0.7825472354888916
4158,4158,1,0.9948953,371.38899632361114,89.07271320171026,871.6736455900159,-0.24392033265143692,1.9985827060415118,0.2222720980644226,0.5883059501647949,-0.7774903178215027
4159,4159,1,0.99458534,361.41174969992653,88.00802710658438,848.1404110817247,-0.2320407704628618,1.9441045506530572,0.23293769359588623,0.5867301821708679,-0.7755564451217651
4160,4160,1,0.99447304,364.8893680358462,87.44231707532401,858.895767042423,-0.24999640210794583,1.9220982457878915,0.23800019919872284,0.5756427049636841,-0.7822988033294678
4161,4161,1,0.9934435,357.22741888088717,84.86662236814267,847.0644798413904,-0.2147713180522831,1.8662899170992584,0.23076066374778748,0.5701959133148193,-0.788432776927948
4162,4162,1,0.9967781,356.3031897054179,84.55526000978027,850.452001929833,-0.17370682696054116,1.849814214731882,0.20815162360668182,0.5664448738098145,-0.7973788976669312
4163,4163,1,0.99587315,357.1142987240267,85.08019981654492,852.0152397543246,-0.16887540409404136,1.8351953265221688,0.20482182502746582,0.5617370009422302,-0.8015606999397278
4164,4164,1,0.99518424,349.7347681048454,84.95767337890624,830.8850135777049,-0.13375146429257787,1.7935965619910728,0.19790053367614746,0.562416672706604,-0.8028218150138855
4165,4165,1,0.99091727,355.58434351359665,84.85646921034625,845.0665316136143,-0.16935326082285382,1.8491213245957063,0.20750005543231964,0.5689280033111572,-0.7957793474197388
4166,4166,1,0.98904,357.93784925108974,85.20282297814684,848.986670205691,-0.19484497464633327,1.8658011202403493,0.2182769775390625,0.5700184106826782,-0.7921074032783508
4167,4167,1,0.98904943,360.78944003133273,84.97898624954111,855.7886569270813,-0.22542870955108152,1.9125682513862066,0.22924748063087463,0.5774402618408203,-0.783586859703064
4168,4168,1,0.9900323,354.3921040022608,84.63507243123178,843.7295979467114,-0.21858748068314174,1.912682899842348,0.23459060490131378,0.5832980871200562,-0.7776442766189575
4169,4169,1,0.9925834,348.8894305603558,83.53375933243707,831.5580827897799,-0.21419476253450762,1.894838677795292,0.2411779910326004,0.5852583050727844,-0.7741485238075256
4170,4170,1,0.995414,344.3943616860929,83.35275397075189,825.0244719503553,-0.21005136434205363,1.8790276730866344,0.24577409029006958,0.5842648148536682,-0.7734531760215759
4171,4171,1,0.99627835,349.7894968933226,84.99544050061877,841.2925673656792,-0.25210014090451616,1.9394780205805526,0.2576017677783966,0.5881107449531555,-0.7666597366333008
4172,4172,1,0.99678934,350.5600171262017,85.65966034665958,843.7678388203548,-0.26065399178748044,1.970551792461988,0.2596069872379303,0.5936121344566345,-0.7617276310920715
4173,4173,1,0.9962289,355.98090410047786,86.58095819099417,849.5312704158846,-0.3213732427932585,2.024579308851986,0.28315645456314087,0.5996832251548767,-0.7484667897224426
4174,4174,1,0.99498993,364.31505039369375,90.48264187303276,864.2319139545976,-0.38037154266454565,2.068251656178227,0.30087006092071533,0.597099781036377,-0.7436054944992065
4175,4175,1,0.9947114,365.10576665323396,91.8674003002407,855.8216748221788,-0.41098010739961055,2.0252607513961824,0.3204897344112396,0.5875178575515747,-0.7430405020713806
4176,4176,1,0.9962153,368.00550945375375,93.37552040123542,859.1178589635156,-0.4288602089857847,1.994743522653738,0.3279385268688202,0.5765801072120667,-0.7483392953872681
4177,4177,1,0.99583995,365.3498777929472,93.33926547113451,853.332096453129,-0.38452388185247816,1.9443688682785558,0.3117384910583496,0.5701403617858887,-0.7601046562194824
4178,4178,1,0.9951186,362.2141111633386,94.21190917098222,852.7924885910376,-0.30152766806927417,1.94633319163967,0.2705827057361603,0.5759863257408142,-0.7713785171508789
4179,4179,1,0.99601316,371.2162820032708,92.90713901943461,880.7065550929987,-0.27647074891578394,2.02000418778399,0.23813371360301971,0.5844247341156006,-0.7757191061973572
4180,4180,1,0.99548954,365.7196895029377,91.15151054095925,871.2325477928844,-0.20197993901235195,2.0108153812214407,0.2047928273677826,0.5914071202278137,-0.779934287071228
4181,4181,1,0.9953251,369.66441046455793,91.89278157072239,880.5225630679264,-0.15928978254989307,2.0370554786287127,0.17430177330970764,0.5948675274848938,-0.7846983671188354
4182,4182,1,0.9961153,371.29667658222075,91.41303192381149,884.9537181102133,-0.12327941817577558,2.044246185065941,0.15136052668094635,0.5960913300514221,-0.7885209321975708
4183,4183,1,0.99471235,358.0338534785928,90.43266634372429,850.3956518334677,-0.07465930186563294,1.9656414499637724,0.14473816752433777,0.595794141292572,-0.7899875640869141
4184,4184,1,0.9961737,381.73137851262305,95.04970242435802,903.5677505638813,-0.1506264984518974,2.0662445128166422,0.15286868810653687,0.5895479917526245,-0.7931357622146606
4185,4185,1,0.99594635,374.5136119851445,93.97989658982385,886.4885668154988,-0.18755779302137515,2.0004889694809647,0.18565553426742554,0.5808978080749512,-0.7925211787223816
4186,4186,1,0.99486536,384.07309519978656,94.81093257251621,906.4168895226458,-0.2647368894863551,2.010419194607423,0.2144584357738495,0.570665180683136,-0.7926846146583557
4187,4187,1,0.99460536,379.626479515981,93.9054957230383,895.658711535022,-0.2990155292783996,1.971844738216749,0.24090342223644257,0.5646457672119141,-0.7893927097320557
4188,4188,1,0.9956117,365.0342282705763,91.05854508963496,861.5587981891199,-0.29161608609981116,1.87857494035441,0.2628203332424164,0.5579417943954468,-0.7871635556221008
4189,4189,1,0.99567986,377.3123452059465,92.0609564328824,889.8325035679906,-0.3698216295400862,1.9283885525062343,0.2836523950099945,0.5532060861587524,-0.783265233039856
4190,4190,1,0.9957694,374.06396000893983,90.72874112399323,882.7078899448633,-0.3782354609221571,1.9022219977322545,0.2939622104167938,0.5498023629188538,-0.7818590402603149
4191,4191,1,0.99571085,379.51890958479527,91.1653531213214,892.679375538416,-0.4089551944701936,1.889379024882507,0.30274492502212524,0.5404286980628967,-0.785036563873291
4192,4192,1,0.9955071,372.58203516863483,91.98947526591178,868.2011286651433,-0.3699405796542638,1.796156993368841,0.299898236989975,0.5284383893013,-0.7942379713058472
4193,4193,1,0.99725753,358.3673168639204,90.41819550709528,827.0659866189854,-0.34215537768083815,1.6954382922273685,0.3152349293231964,0.5211176872253418,-0.7931351065635681
4194,4194,1,0.9966749,374.44031074988544,94.29732233847879,859.1967153872544,-0.422833034459225,1.7514194033255743,0.331160306930542,0.5151050686836243,-0.7905691862106323
4195,4195,1,0.9961935,367.65470956339715,93.8138974258372,847.1366956837913,-0.4249862660141217,1.7598521597347156,0.3420597016811371,0.5217716693878174,-0.7815046906471252
4196,4196,1,0.9969175,361.42361886915154,93.11718962777104,841.690358832966,-0.4408668586196902,1.8064843808097912,0.3555043339729309,0.5346286296844482,-0.7666739225387573
4197,4197,1,0.99491787,365.95036443228696,91.93702348613901,861.1538172600968,-0.494570473713123,1.937088424261965,0.3650907278060913,0.5561811923980713,-0.7465730309486389
4198,4198,1,0.9948277,361.8170459044557,88.12772585042858,855.5219167494215,-0.47708283627804643,2.0175787582546443,0.3565363585948944,0.5817015171051025,-0.7310986518859863
4199,4199,1,0.99629766,358.06011578952166,85.79286020924394,850.8592271413587,-0.45761723274124505,2.052541217095334,0.3491627275943756,0.594713032245636,-0.7241559624671936
4200,4200,1,0.9956328,355.3918118957174,85.24303957160855,843.8898808161258,-0.4210105696599867,2.04085093815364,0.3357704281806946,0.5984919667243958,-0.727368950843811
4201,4201,1,0.9945444,384.9249596985604,91.5986868503403,907.6154316133503,-0.48684682097535964,2.1901551997749307,0.3181034028530121,0.5993353724479675,-0.7345796823501587
4202,4202,1,0.996262,366.0413991251987,90.09633024820107,862.4795040112389,-0.35516594145934377,2.0230752182520435,0.28870928287506104,0.5898220539093018,-0.7541597485542297
4203,4203,1,0.9947096,370.0316679029968,90.82290946208138,872.400505253806,-0.3211765666332956,2.0091737334308597,0.2652589976787567,0.5843266248703003,-0.7669420838356018
4204,4204,1,0.9952495,381.6987352610376,91.65320624036946,894.9307672472214,-0.34030401519911435,2.0895791023718666,0.25541144609451294,0.5926271080970764,-0.7639097571372986
4205,4205,1,0.99350375,375.32113455498575,90.49628242714239,878.3999247566016,-0.2839364201424542,2.0594519155357545,0.23636311292648315,0.5968632102012634,-0.7667377591133118
4206,4206,1,0.9928651,373.60406135596736,89.64715579123998,875.3968349200859,-0.28122696934629726,2.0758318027868587,0.2363814264535904,0.6026850938796997,-0.7621643543243408
4207,4207,1,0.9901265,358.70592469592356,84.97888158582083,844.0654454905756,-0.25014385386345694,2.0482210287522395,0.24145181477069855,0.6147294640541077,-0.7508719563484192
4208,4208,1,0.9897802,347.87002691236006,82.44178104426278,825.855552367283,-0.21660200889893097,2.0095723810855826,0.23923303186893463,0.6171154975891113,-0.7496239542961121
4209,4209,1,0.9925932,342.94896271269926,78.57297311694485,816.1591594807791,-0.23152717542402387,1.9855651286977134,0.2554161548614502,0.6172100305557251,-0.7441871166229248
4210,4210,1,0.99333763,345.90101170063525,79.09658742864622,827.8838647242268,-0.23363728279046525,2.0196256649626405,0.24938300251960754,0.6192827820777893,-0.7445112466812134
4211,4211,1,0.99010324,344.7292911112267,80.54918538054712,826.1190786164012,-0.21347421957644702,2.0095414087877645,0.24044041335582733,0.6179758310317993,-0.7485281229019165
4212,4212,1,0.9917917,318.9735676681002,77.74524123574372,766.7849326565752,-0.12481468458690934,1.8876357380018431,0.23494131863117218,0.6237024664878845,-0.7455185055732727
4213,4213,1,0.9937484,322.045346592486,80.55683040752405,776.5670333726949,-0.08429845519909514,1.9324093888583336,0.20302827656269073,0.6305750012397766,-0.7491025924682617
4214,4214,1,0.99499714,327.01974376451415,83.24878612744384,787.1930239856657,-0.07976328723489352,1.9727186034238153,0.19122591614723206,0.6336358785629272,-0.7496254444122314
4215,4215,1,0.9951816,340.73294664208913,87.65229688466714,815.7559499462508,-0.07501859942940657,2.0673745718531293,0.165001779794693,0.6394906640052795,-0.7508835792541504
4216,4216,1,0.9971347,347.0387566068276,90.18680350222853,831.9032348921013,-0.012566625389294402,2.1028844542641894,0.11789069324731827,0.6399106383323669,-0.7593525052070618
4217,4217,1,0.9967571,339.71636354602083,90.32403561752288,817.5424404361339,0.07188299629327993,2.0625963480064144,0.07768802344799042,0.6392174959182739,-0.7650918960571289
4218,4218,1,0.9958199,337.2691784508174,89.12046151130954,817.8047647339703,0.18120266749955094,2.0614253267209053,0.013248248025774956,0.6390734314918518,-0.7690316438674927
4219,4219,1,0.9966576,334.1702884905866,87.43846930018624,819.5640618892086,0.27198267660465125,2.101281859047207,-0.03927721828222275,0.6461783647537231,-0.7621750831604004
4220,4220,1,0.9978734,332.3399846108059,87.0568075187242,816.3584214160381,0.34049028441746493,2.134409041801903,-0.07900962978601456,0.6528807282447815,-0.7533287405967712
4221,4221,1,0.99732566,329.27754408195295,87.83584066320134,804.0413534319963,0.41612759518737863,2.1932232688247932,-0.12182119488716125,0.6680849194526672,-0.7340450882911682
4222,4222,1,0.99676216,343.1472266410374,91.15410663329676,830.1665740557314,0.40879483561254293,2.3220881079822644,-0.12940096855163574,0.6784160137176514,-0.7231923937797546
4223,4223,1,0.99588937,328.5194718579103,88.3233545816103,793.6452374290174,0.41187959961744863,2.22407176190231,-0.11928413808345795,0.6807264089584351,-0.7227606177330017
4224,4224,1,0.9971004,326.34415440852285,87.08823873693628,789.1129054178427,0.4061922004487155,2.213098055365252,-0.11380203068256378,0.6822797060012817,-0.7221797108650208
4225,4225,1,0.9956702,334.6889352542973,88.32010783566666,812.0390687369445,0.3871150109744935,2.2651532279519695,-0.10950189083814621,0.6803343296051025,-0.7246755361557007
4226,4226,1,0.99547946,323.7354616023403,85.03170219917696,790.5875087014107,0.419282136053623,2.1986721780974414,-0.11849090456962585,0.6789196729660034,-0.72458815574646
4227,4227,1,0.99530977,317.1016273021651,83.92248634076873,778.1800258882237,0.4672760139374989,2.1680249021452394,-0.1414295732975006,0.6770349144935608,-0.7222336530685425
4228,4228,1,0.99529797,319.6869780014177,85.32874779777113,785.2568959817886,0.4832450841460506,2.1772786476625345,-0.15314951539039612,0.6725584864616394,-0.724023699760437
4229,4229,1,0.99658304,322.90355414506126,86.59284435968927,788.4496500267146,0.5116860134863785,2.2035467064886918,-0.17295947670936584,0.6728286743164062,-0.7192959189414978
4230,4230,1,0.997029,338.3284995643508,90.19309344710587,825.7399431968315,0.504734770970685,2.3131212101407974,-0.1790313422679901,0.672342836856842,-0.7182638049125671
4231,4231,1,0.9970086,328.4535857888238,87.46032553981071,801.6321226752435,0.4935207350798522,2.2166623275866817,-0.1665247082710266,0.6687672734260559,-0.7245826125144958
4232,4232,1,0.9966809,328.59173743489646,87.47923241803157,801.9075248126991,0.4715706696177555,2.1888034798393923,-0.15417197346687317,0.6643525958061218,-0.7313457131385803
4233,4233,1,0.9953246,336.4890971642474,88.50560572894737,820.7561436288539,0.42725991378067596,2.2089771245178915,-0.13456778228282928,0.6603646874427795,-0.7387895584106445
4234,4234,1,0.9953393,330.48549518000686,87.79152314986457,803.9692660488089,0.4233830486846878,2.147252341309435,-0.12788312137126923,0.6572480201721191,-0.742745578289032
4235,4235,1,0.9958092,331.2532708664199,88.13375162703794,803.5864687892273,0.4248843899845551,2.1168654786982657,-0.12997782230377197,0.650102972984314,-0.7486467361450195
4236,4236,1,0.9961677,325.8431856726515,87.29665280152362,791.4543640406008,0.4413052151393865,2.0621786792081074,-0.13553254306316376,0.6440584659576416,-0.7528743147850037
4237,4237,1,0.99620974,328.129055381529,88.01258049724493,796.8396317850742,0.4491336266547888,2.0533771649433263,-0.14244353771209717,0.6375468373298645,-0.7571287155151367
4238,4238,1,0.99526715,331.0483673561759,88.75339682113348,802.8711329979218,0.40650768428167894,2.043817924723322,-0.11921536922454834,0.634174108505249,-0.7639443874359131
4239,4239,1,0.9956298,335.7748745978451,89.82879090725574,817.1641666346487,0.3721775104536052,2.071711774108145,-0.10229729115962982,0.6338844895362854,-0.7666327357292175
4240,4240,1,0.99510854,324.77054567289065,87.83795537177593,791.8558173061974,0.330364463535439,1.986658808938862,-0.06525339931249619,0.6321650743484497,-0.7720811367034912
4241,4241,1,0.99558467,328.30468886278794,88.46476940876501,796.6715976282295,0.22412025039029215,1.956190764794236,-0.0013966913102194667,0.6250179409980774,-0.780609130859375
4242,4242,1,0.9964965,347.97901467055357,91.83258204061833,833.3754956203353,0.1221978470364578,2.022753367361538,0.03745153918862343,0.6199057698249817,-0.7837820053100586
4243,4243,1,0.9960077,354.74107371569613,92.80235822954837,846.4592790319138,0.04850932289183295,2.0072084777023385,0.07420342415571213,0.6084723472595215,-0.790098249912262
4244,4244,1,0.99652857,348.29913891599114,92.14089218494921,831.9551028150195,0.018099185922299012,1.9657507466262836,0.10226485878229141,0.6059184670448303,-0.788926362991333
4245,4245,1,0.9958165,351.8858513344056,92.95489820116507,838.0550498401352,0.0618158756419412,2.0030341126684865,0.07006284594535828,0.6118967533111572,-0.7878283858299255
4246,4246,1,0.99640524,353.3634691549077,91.85173164307214,841.112730718112,0.18784626093261353,1.8570675793956806,-0.006891872733831406,0.5720096826553345,-0.8202179074287415
4247,4247,1,0.9959943,350.27913705427903,85.59321648650642,841.8716384439916,0.3698919833033968,1.546028014789349,-0.11524410545825958,0.4800945222377777,-0.8696137070655823
4248,4248,1,0.99501485,286.7111101729892,64.65764693946588,712.5753212058606,0.6654680768919602,0.9401343647441793,-0.258272647857666,0.336646169424057,-0.9055190086364746
4249,4249,1,0.9977041,273.41794637373397,54.95546511648421,693.7357076679701,0.8360475804585276,0.6329572748135314,-0.36109766364097595,0.2171703279018402,-0.9068878293037415
4250,4250,1,0.99748176,278.05355032967515,52.36553448797414,707.5901649900858,0.9336768235311003,0.3487733019481196,-0.4135962128639221,0.095333032310009,-0.9054555892944336
4251,4251,1,0.99565256,272.1273272894216,50.11822256347785,695.3944013321407,0.9891444588942786,0.08915439924032417,-0.4349917471408844,-0.004997024312615395,-0.900420606136322
4252,4252,1,0.996505,283.0875538897462,50.389573134232734,724.7843728307929,0.9974286680079657,-0.019414440467341764,-0.43090054392814636,-0.045284394174814224,-0.9012624621391296
4253,4253,1,0.99735653,284.96915835949585,49.829902910753674,731.4084010531556,0.9628864858728731,-0.05861881455207738,-0.4090641438961029,-0.058198485523462296,-0.9106478095054626
4254,4254,1,0.9972282,277.2633374596586,48.65623880304915,712.6963048504466,0.8925583211627234,0.11396883111626212,-0.3773110508918762,0.008832857012748718,-0.9260444641113281
4255,4255,1,0.99753964,276.1438629150145,48.41006336018605,709.0272440705052,0.7838851271655085,0.6178913068326829,-0.32278504967689514,0.2195679396390915,-0.9206517934799194
4256,4256,1,0.99481034,275.37622472627316,53.37107472357346,705.6203223885227,0.6186720154349895,1.1421550971132093,-0.20986564457416534,0.43738335371017456,-0.8744440078735352
4257,4257,1,0.9943357,289.6350544005789,60.586532779698054,729.1576260444443,0.35301741928173275,1.7458456569442644,-0.03690863400697708,0.6288983225822449,-0.7766110301017761
4258,4258,1,0.9974732,314.0702963207321,67.99945718851968,773.7146062234459,0.09382313766166926,2.291386617484136,0.08886948972940445,0.7260783314704895,-0.6818448901176453
4259,4259,1,0.99822325,329.69681094963687,74.5516709663288,801.9160093902489,-0.0642085444924772,2.414714393488075,0.15686249732971191,0.7268781065940857,-0.6686123013496399
4260,4260,1,0.99688524,340.4669444414628,78.96080348762864,824.2960165229251,-0.09975320630964958,2.2232303483295124,0.17109368741512299,0.6741596460342407,-0.7184954881668091
4261,4261,1,0.99683386,344.7501107427308,79.4975770739003,830.6395968585995,-0.1294365837089941,2.079912352156305,0.18850739300251007,0.6377987861633301,-0.7467781901359558
4262,4262,1,0.99650085,336.4056227911276,78.79676394483134,811.1724951712675,-0.16731313453411614,2.024683895576283,0.22504541277885437,0.6323561668395996,-0.7412694096565247
4263,4263,1,0.9967391,338.90544422868095,79.2288988962764,814.7933618857536,-0.24383571103203577,2.0679318186062776,0.2626586854457855,0.6352454423904419,-0.7262738943099976
4264,4264,1,0.9983846,344.5017064388867,77.30457898484177,826.221608042495,-0.32566819900703103,2.0699175302318245,0.2981345057487488,0.6255142688751221,-0.7210046648979187
4265,4265,1,0.9981462,349.9948692853193,73.95573442162107,832.7666277375324,-0.40672369093107125,2.0250462833610574,0.3350514769554138,0.6079513430595398,-0.7198164463043213
4266,4266,1,0.997698,338.87239489688125,65.91848033315402,799.0651206070937,-0.3809286082496793,1.7372304280923045,0.3572638928890228,0.5584999918937683,-0.748625636100769
4267,4267,1,0.9963117,329.29398042625076,58.94085841634615,773.2853620719284,-0.33682711829019385,1.479005039471643,0.36470258235931396,0.5063074231147766,-0.7814377546310425
4268,4268,1,0.9946755,329.2534169268312,56.74756075370659,772.029586488482,-0.3200628263780346,1.3116682807936755,0.36404871940612793,0.45884737372398376,-0.8105106949806213
4269,4269,1,0.9941414,334.9733897391189,57.41770674904249,785.0637167367155,-0.32499181480597894,1.1953989907850158,0.3614085614681244,0.4153655767440796,-0.8347786068916321
4270,4270,1,0.9983728,336.96077291468384,61.197949131533456,788.6771064339299,-0.3035116178179559,1.1598734774986796,0.3476256728172302,0.3999333679676056,-0.84806227684021
4271,4271,1,0.9980894,341.72680204500347,64.13323510194328,796.8544070310255,-0.30243410129403775,1.1433372274441012,0.3399200737476349,0.3887360095977783,-0.8563519716262817
4272,4272,1,0.997405,339.69621844322995,63.62354131137297,792.5637751403989,-0.27995344839446046,1.1208347427018526,0.3312009572982788,0.38443896174430847,-0.8616917729377747
4273,4273,1,0.9980427,333.1174805433554,62.27312393024176,777.987557503718,-0.24622734544386837,1.1088951969785674,0.32376155257225037,0.3888644874095917,-0.8625328540802002
4274,4274,1,0.9961743,333.2190633590347,59.43194866206099,776.2009171282492,-0.24951722529227238,1.1046568697857913,0.3259912133216858,0.391065388917923,-0.8606959581375122
4275,4275,1,0.9963924,332.33354483804436,59.400319291550176,774.679851198664,-0.2448210583743802,1.1143454551523482,0.3243090510368347,0.395258367061615,-0.8594151735305786
4276,4276,1,0.99722373,331.5108118246998,60.06884366103909,774.5631293395612,-0.24234496837477743,1.1157457068815384,0.3238373100757599,0.3950860798358917,-0.8596723079681396
4277,4277,1,0.9977881,331.930789977621,60.119301260244875,775.4431358288335,-0.25644506434252795,1.1382107500898366,0.3307519257068634,0.4015998840332031,-0.8540027737617493
4278,4278,1,0.99761283,329.11117429655513,60.82695818802372,771.5988854138328,-0.2625258469735991,1.1582048069032649,0.3383292257785797,0.4085039496421814,-0.8477368950843811
4279,4279,1,0.9964604,326.73206641561706,58.88355547342193,765.5600092877648,-0.26091244739294117,1.1687774205526515,0.34147489070892334,0.41655635833740234,-0.8425412178039551
4280,4280,1,0.99644816,325.31337865099755,57.52962295025791,766.2992089062277,-0.2470269900697268,1.1948334389104227,0.3330507278442383,0.42721378803253174,-0.8405746221542358
4281,4281,1,0.9934034,326.54188934302255,56.30654140834343,775.4714099348761,-0.24245060287840148,1.1920429612444414,0.3255424201488495,0.4238887429237366,-0.8451866507530212
4282,4282,1,0.9960931,326.0060662325813,55.582254380762,781.2514310015691,-0.23530285340958318,1.3032285255424734,0.31492432951927185,0.4588947892189026,-0.830805778503418
4283,4283,1,0.99723357,325.0546306881137,54.18402668950358,790.0710595058973,-0.22458897214257045,1.4523691256438482,0.2996863126754761,0.5029615163803101,-0.8106897473335266
4284,4284,1,0.9981481,318.3373875424927,53.28409183359985,786.2023423149684,-0.19583395171108475,1.6763159791833595,0.27990689873695374,0.5708312392234802,-0.7718832492828369
4285,4285,1,0.9976036,313.80694933875196,51.498335915129054,790.2376237042093,-0.21386021878517636,2.1613358542966328,0.2666829526424408,0.6832873821258545,-0.6797047853469849
4286,4286,1,0.9973936,303.71888083418906,50.24566088501077,783.965846686256,-0.24228138684944997,2.6723248952668004,0.2616758346557617,0.7725765705108643,-0.5784904360771179
4287,4287,1,0.9976667,290.85455146035036,47.98839275144042,762.2533696431941,-0.26183867870055794,3.034877950563712,0.26290223002433777,0.8255021572113037,-0.49942827224731445
4288,4288,1,0.99856395,287.4972774264989,48.555078982889235,753.1355236140472,-0.24802137396014684,3.122894019067,0.25528255105018616,0.8391513824462891,-0.4802664518356323
4289,4289,1,0.99871814,275.49421857519144,46.40504018737659,715.9035011993045,-0.23748140527193848,2.23465618608917,0.32774704694747925,0.7266295552253723,-0.6038140654563904
4290,4290,1,0.99858534,278.02278831946336,45.593803016258015,723.1018291712822,-0.19381217228234163,1.6135890675784115,0.34332525730133057,0.5847538113594055,-0.7349767088890076
4291,4291,1,0.9985257,283.73695572136575,46.87061987188607,740.4081397031581,-0.1456349770234257,1.2768647933959232,0.3219816982746124,0.4777624309062958,-0.8173559904098511
4292,4292,1,0.9982753,285.4106146999652,47.54623349939862,745.5104941832637,-0.12125127965755339,0.9794844280587529,0.3158315420150757,0.37271493673324585,-0.8725445866584778
4293,4293,1,0.998346,288.80550682950053,47.79311626086055,748.7324279658866,-0.11718954477127261,0.8170786326607117,0.31318625807762146,0.3108789622783661,-0.8973676562309265
4294,4294,1,0.99807113,285.7419099627225,48.56892834263738,741.0130052180622,-0.08964311092517609,0.7255865114905093,0.3043009340763092,0.27784064412117004,-0.911156177520752
4295,4295,1,0.9968003,284.3757516905471,50.31607141033317,738.2735004784823,-0.05508034791695866,0.6897026098525134,0.28484296798706055,0.26316943764686584,-0.9217409491539001
4296,4296,1,0.9971541,292.6542556203404,49.333817349727724,757.3216896995723,-0.04332518119181917,0.6866966110426616,0.2597162425518036,0.2580021917819977,-0.9305817484855652
4297,4297,1,0.99548316,297.2189598097736,51.7773355406438,763.9611380295722,-0.03557460801810399,0.6263406808168535,0.24786236882209778,0.22951339185237885,-0.9412161707878113
4298,4298,1,0.9950681,304.7248217703091,51.724079787392235,783.5778822672609,-0.04592903493384713,0.5828956298212041,0.23998649418354034,0.20755936205387115,-0.9483278393745422
4299,4299,1,0.9961748,305.24261123008813,53.013117397880855,783.7810263170792,-0.0633291729799791,0.620749404130515,0.25031501054763794,0.2203914225101471,-0.9427460432052612
4300,4300,1,0.9966834,304.7319258743992,52.18026902579644,780.9837239390819,-0.08185884517256156,0.6484342464922935,0.2634914219379425,0.23259136080741882,-0.9362016320228577
4301,4301,1,0.9949969,300.8739988377772,53.05956204076144,767.4115277196802,-0.07589494862862547,0.6986632659748238,0.2679562270641327,0.2548034191131592,-0.9291257262229919
4302,4302,1,0.9955509,307.340870970754,53.85091033584656,782.4310548862364,-0.11132214715178816,0.7889460433472407,0.27634021639823914,0.2831580638885498,-0.918399453163147
4303,4303,1,0.99595165,317.00432267663064,55.231571034131804,803.4756387650473,-0.1509637522627068,0.8715093787136742,0.2812471091747284,0.30451834201812744,-0.9100377559661865
4304,4304,1,0.995726,320.8815655161088,56.077001816398685,814.44787962922,-0.17287625523574024,0.95658135869729,0.2846378982067108,0.3295886516571045,-0.900195837020874
4305,4305,1,0.9956832,320.64327969822824,56.90963104654671,813.4716607166312,-0.1634364505760586,1.006625251917808,0.2781447172164917,0.34684672951698303,-0.8957303762435913
4306,4306,1,0.99516124,314.8396752605201,55.86759337530307,796.9183329826495,-0.1396096025944262,1.0354060861977339,0.2742898166179657,0.36490052938461304,-0.8897262215614319
4307,4307,1,0.995368,320.3661054309973,56.30342240095143,809.0422069173477,-0.170543935505107,1.0930240442494688,0.2814747393131256,0.3787265419960022,-0.8816677927970886
4308,4308,1,0.99470055,316.14466986135625,56.99530566671607,796.7000739285137,-0.17342960162746318,1.0823979719007746,0.29245591163635254,0.3787882328033447,-0.8780598640441895
4309,4309,1,0.99424946,321.68037409303594,57.11168060178313,810.1303264555613,-0.1957568066964013,1.100281394501078,0.29480764269828796,0.3788990378379822,-0.8772251605987549
4310,4310,1,0.9942701,318.0788238319948,56.61150821075637,799.3202892321793,-0.17740015463129835,1.067595177129028,0.29225170612335205,0.3730780780315399,-0.8805689811706543
4311,4311,1,0.9947789,327.78386462223915,58.38004751555749,826.2194719584228,-0.20249402657784749,1.0837242624789494,0.2875896096229553,0.365971177816391,-0.8850747346878052
4312,4312,1,0.9953694,323.2095302711371,57.08677694603161,813.2113404545972,-0.17849728050908395,1.0654528909738994,0.2827503979206085,0.3667813837528229,-0.8862977027893066
4313,4313,1,0.9956993,325.4935720857663,57.66145475626926,818.8465265014817,-0.1855616359499391,1.0863089570227418,0.2821131646633148,0.37098729610443115,-0.8847488164901733
4314,4314,1,0.9963175,325.1314315885618,57.19933496934766,816.7772727036955,-0.1802401755450598,1.094252723442119,0.2796280086040497,0.37519600987434387,-0.883762538433075
4315,4315,1,0.9964804,318.1570785341764,56.413269899404646,799.8648510104385,-0.15318816277029526,1.0767022379834787,0.2767208218574524,0.3773186504840851,-0.8837738633155823
4316,4316,1,0.99665016,324.0193787498933,57.628129733148114,815.805200570569,-0.14527156059000476,1.1159295435048089,0.2591700851917267,0.38379964232444763,-0.8863005638122559
4317,4317,1,0.99720794,330.81089367243754,57.88357523278902,830.2682407395419,-0.11843245178549539,1.162426771580448,0.22943313419818878,0.39474061131477356,-0.8896855115890503
4318,4318,1,0.9974947,329.3407503609285,57.5245495018814,825.0337975631829,-0.042802146009276246,1.2049811610038716,0.18358786404132843,0.4136000871658325,-0.8917570114135742
4319,4319,1,0.9963378,341.17319470347053,59.45047145247347,856.8591577259403,0.03373487388734756,1.3287691899584606,0.11279691010713577,0.43896424770355225,-0.8913962244987488
4320,4320,1,0.9973788,341.7671444064196,63.36164171659167,870.2595863297691,0.1475425598318111,1.4754401754410678,0.037025999277830124,0.4734320342540741,-0.8800517916679382
4321,4321,1,0.9967914,329.52763381259757,65.20375968482007,850.041264469372,0.2813589006039522,1.5416563916633061,-0.03314918279647827,0.4983482360839844,-0.8663430213928223
4322,4322,1,0.9971438,316.8599826487295,66.05027318181764,825.8211506046014,0.3982209582860253,1.566183926502967,-0.09375575184822083,0.5126944780349731,-0.8534367084503174
4323,4323,1,0.9980768,301.5259959420208,66.56064992223699,794.6285062059652,0.4787306611092832,1.5552165165913063,-0.13052095472812653,0.5218365788459778,-0.8430010676383972
4324,4324,1,0.9981248,293.90941437585724,66.26439828827165,784.4687184188687,0.5305137857279293,1.5883460389903135,-0.156086727976799,0.5344164967536926,-0.8306840658187866
4325,4325,1,0.9984773,295.68120034027794,67.44820607773346,793.988555929081,0.5398805883209242,1.6501609946506408,-0.16237881779670715,0.5451880693435669,-0.8224372863769531
4326,4326,1,0.9981012,299.49658742405086,67.77086645412892,805.5761102529614,0.45280620971960056,1.6337689965052062,-0.10998710244894028,0.5397876501083374,-0.8345850110054016
4327,4327,1,0.9983882,306.70381169814124,66.98160436569084,817.2221583470458,0.34469095401115885,1.5542253373332442,-0.04760788381099701,0.5159785151481628,-0.8552775382995605
4328,4328,1,0.9985714,332.90775536974894,67.65704423449564,868.6403404052099,0.18737503095903704,1.5040369602418306,0.022308435291051865,0.4780716598033905,-0.8780375719070435
4329,4329,1,0.9966208,328.6608653598237,63.619563683925115,844.4143266171213,0.060915179651465826,1.3063238460338704,0.11281491816043854,0.433031290769577,-0.8942911028862
4330,4330,1,0.9959538,323.27702946536783,59.52037535580116,819.9874336754751,-0.056207521065606225,1.238413280239312,0.1996380090713501,0.4239788055419922,-0.8833949565887451
4331,4331,1,0.9969553,340.82664401761366,59.77055248614523,853.9145255230384,-0.25633211524939614,1.3683440190503888,0.2868685722351074,0.4431803226470947,-0.8492923974990845
4332,4332,1,0.9967663,336.0836621530936,57.530972825401136,833.8016039752368,-0.33342775141048536,1.4529711851693896,0.33677250146865845,0.473564475774765,-0.8138310313224792
4333,4333,1,0.9972005,337.68616242681986,55.581612530989766,832.7369698218768,-0.4072969964023282,1.6320254546972501,0.36535754799842834,0.5202745199203491,-0.7718991637229919
4334,4334,1,0.9973374,336.61440954193495,55.07840570398704,827.0683233359924,-0.4614603942049081,1.8066999384060678,0.3853277862071991,0.5629407167434692,-0.7311773300170898
4335,4335,1,0.99660647,328.4850163662124,53.86574365950842,806.1495694089866,-0.44641595701641273,1.8121776494798265,0.39126619696617126,0.574271559715271,-0.7191126346588135
4336,4336,1,0.9964838,322.8963049257613,52.93780642712981,788.6808488156412,-0.41852236237997353,1.7800697422352854,0.3898540437221527,0.5766658782958984,-0.7179626226425171
4337,4337,1,0.9967104,323.48568577763285,52.591075834295076,794.149529800754,-0.4243892757825602,1.7382997663037933,0.3931107819080353,0.5632345080375671,-0.7267948985099792
4338,4338,1,0.9970772,315.64330269399875,51.85708423371481,773.2924707323442,-0.39076694165212034,1.6280822926384093,0.39714619517326355,0.5460773706436157,-0.7376140356063843
4339,4339,1,0.9969612,331.9095460429291,52.53736023223038,815.1560964033903,-0.47511908543797915,1.6933661201761827,0.4063544273376465,0.5387680530548096,-0.7379736304283142
4340,4340,1,0.9970944,328.12419402864174,52.57793264268475,809.3553688604557,-0.42565328990272194,1.55819555008673,0.39502131938934326,0.5091381669044495,-0.7646806836128235
4341,4341,1,0.9974831,329.06210029717397,52.604910269193454,816.7512220761404,-0.3315487313081172,1.4580409912615728,0.3472200036048889,0.4859103560447693,-0.8020781874656677
4342,4342,1,0.9978598,327.9406045271915,53.76833962714213,820.8117359250865,-0.20273328221168557,1.4423195921774306,0.27529582381248474,0.48722875118255615,-0.8287462592124939
4343,4343,1,0.9941328,338.0044848270928,56.84038651736464,854.9807668442494,-0.127870668718288,1.5004405465317294,0.21015670895576477,0.4902823567390442,-0.8458471298217773
4344,4344,1,0.9967417,331.0501436779552,63.099326212248535,857.8993942068413,-0.010313347027420474,1.583512626609013,0.1451522707939148,0.5102537274360657,-0.847686231136322
4345,4345,1,0.9981382,329.2365385906814,66.66521776667544,871.1914695926165,0.0808738728895225,1.6948678081637734,0.08792359381914139,0.5327454805374146,-0.8416957855224609
4346,4346,1,0.9983487,321.1474413996911,68.0914641405623,859.1008347994125,0.1779102427988622,1.7354034899088386,0.038218241184949875,0.5483670234680176,-0.8353639841079712
4347,4347,1,0.99804,318.6195364555578,67.84669715785867,858.87195316351,0.20661291971236123,1.813385357583494,0.022299697622656822,0.5690334439277649,-0.8220120072364807
4348,4348,1,0.99794966,320.18470021199437,66.83481121786903,862.5513065739906,0.18361245355510336,1.8570772854621176,0.03353336453437805,0.5794553160667419,-0.8143138885498047
4349,4349,1,0.9978976,318.6136748274809,67.60556477300482,860.8906461045481,0.10743704394214891,1.8697514869963667,0.08072792738676071,0.5831292867660522,-0.8083583116531372
4350,4350,1,0.9982475,311.68680006296137,68.03952620550096,838.7646248713718,0.07532258540240035,1.7997328609645482,0.11179700493812561,0.5758029222488403,-0.8099088668823242
4351,4351,1,0.99808717,312.6272646881609,68.41173777972068,835.7240792234792,-0.008515871296901161,1.698602504705391,0.1653217077255249,0.5478553771972656,-0.8200751543045044
4352,4352,1,0.9989152,326.76758573820644,67.72309876998538,868.9329317145101,-0.12534169318904956,1.5691047168792072,0.21706122159957886,0.49262508749961853,-0.842736542224884
4353,4353,1,0.996725,332.2748140995545,63.93837249765247,876.6283025675566,-0.20675281052092803,1.363375616010607,0.26252344250679016,0.42929354310035706,-0.8641692996025085
4354,4354,1,0.99819785,321.0500575226568,59.731697435541186,847.3804816231299,-0.16709905504847572,1.1294001396689097,0.266583114862442,0.3719765841960907,-0.8891382813453674
4355,4355,1,0.99370295,312.7682617673765,55.67723381658638,826.3929476060707,-0.15014669878390088,1.0609976508846786,0.27338850498199463,0.36135247349739075,-0.891450047492981
4356,4356,1,0.9972408,304.8813178666989,53.93131224170583,809.5803050009562,-0.12086556757327853,1.1074766730823908,0.26790639758110046,0.386074960231781,-0.8827073574066162
4357,4357,1,0.9977709,294.2108129854302,52.266584938814354,783.1544318945158,-0.1357084034874007,1.2360401351842207,0.29248669743537903,0.44044768810272217,-0.848797619342804
4358,4358,1,0.99697816,301.04396498967577,51.23309952728442,796.9318824342262,-0.22700072451815012,1.5445321371146148,0.32001471519470215,0.5244340300559998,-0.7890244722366333
4359,4359,1,0.99753416,297.2073862478374,51.66969442548987,783.2525461211463,-0.26040791746753283,1.8072479814293558,0.3318294584751129,0.5976921916007996,-0.7298310399055481
4360,4360,1,0.9979208,311.99478125152626,53.2359303421434,818.3927723227567,-0.3508115988072502,2.1252850174595648,0.33583953976631165,0.6474456787109375,-0.684124231338501
4361,4361,1,0.9987294,304.81584859992614,52.738410083106466,794.0266029840108,-0.3929638899339528,2.3024755562529617,0.356935977935791,0.6883491277694702,-0.6314842104911804
4362,4362,1,0.9954665,311.37263454051055,53.08315261945535,802.8115240666324,-0.4671343499020529,2.424707175178969,0.37507128715515137,0.69978266954422,-0.6079685688018799
4363,4363,1,0.9963851,312.09851670147646,53.011782099708086,795.9569918669654,-0.5169032027202073,2.4412930546621374,0.3970320224761963,0.6995759606361389,-0.5941035747528076
4364,4364,1,0.9972976,319.0048997387382,55.3896545461005,798.5763516560901,-0.5714799377120453,2.4973246819212473,0.41083258390426636,0.7019183039665222,-0.5818310379981995
4365,4365,1,0.99810815,332.8785457184229,58.210978784198154,818.122887980924,-0.6283315242510144,2.4284080703801743,0.4250953197479248,0.6769054532051086,-0.6009101271629333
4366,4366,1,0.99676466,350.2830098289954,63.21887676467685,839.6859956471925,-0.6721339074085283,2.3094762925333043,0.43419674038887024,0.642368733882904,-0.6315343379974365
4367,4367,1,0.99698704,335.8261411132353,63.07144645807423,793.7046904518194,-0.5638794658539268,2.0198838236626635,0.43274396657943726,0.6104013323783875,-0.6634326577186584
4368,4368,1,0.99722654,330.34054255948047,62.99612913857768,773.6889929902806,-0.5013670225173495,1.9203495692974952,0.42165571451187134,0.6026862859725952,-0.6774774789810181
4369,4369,1,0.99682117,334.06566686132453,63.26587630195028,779.9865478324188,-0.4860615972599583,2.012724194704608,0.40232542157173157,0.6241578459739685,-0.6697471737861633
4370,4370,1,0.9962966,334.58338720242614,62.59473034222149,783.9598079344697,-0.37749552920844326,2.060885088658413,0.3427596986293793,0.6465240120887756,-0.6815589070320129
4371,4371,1,0.99713576,315.0952622603276,59.161212607354514,752.820311840098,-0.11524671938783018,1.8536796066347585,0.23496006429195404,0.6366344094276428,-0.7345001697540283
4372,4372,1,0.9979208,303.8078462967089,57.67744160168852,733.2308202387843,0.17584818160537885,1.5014270833135772,0.07310090214014053,0.5610806345939636,-0.8245270252227783
4373,4373,1,0.99628997,306.0609778512007,59.69463231245626,750.7818445303747,0.36786362682421136,1.2393241288152284,-0.06373593956232071,0.4565050005912781,-0.8874350190162659
4374,4374,1,0.99644715,305.687495868016,61.874665451189394,754.9162201099607,0.5491822017536944,0.9558622592509084,-0.18989351391792297,0.33587589859962463,-0.9225659370422363
4375,4375,1,0.99646395,304.5256888621261,62.10007984471313,756.6225280742086,0.6882443557983876,0.6808907649909477,-0.27931270003318787,0.21821002662181854,-0.935076892375946
4376,4376,1,0.9969098,303.4958562625813,62.785521896906694,761.4892391922152,0.7730092383594592,0.4483045157304818,-0.3254844546318054,0.12064705789089203,-0.9378188252449036
4377,4377,1,0.9952661,295.43909424330764,60.88725862496722,748.5119870390121,0.7920574577372542,0.2914954305994058,-0.3284827172756195,0.06329445540904999,-0.9423868060112
4378,4378,1,0.9961105,293.4764160084306,61.23057339338493,746.2497653302213,0.8072876801331075,0.20094966766223152,-0.3333369791507721,0.027453478425741196,-0.9424079656600952
4379,4379,1,0.9952211,286.5607002394995,60.5976222630355,735.7623254897708,0.8208252779170272,0.13117616570030055,-0.3351845443248749,0.0012388862669467926,-0.942151665687561
4380,4380,1,0.9949102,297.614830333234,60.53589711076489,765.9722883049826,0.8502579212091605,0.06047054181348584,-0.34974056482315063,-0.025254331529140472,-0.9365061521530151
4381,4381,1,0.9970367,292.14153704189533,58.961333261866265,757.9196442025046,0.8664168483801964,0.01741120985061296,-0.354465126991272,-0.0395573191344738,-0.9342321753501892
4382,4382,1,0.9969234,292.55111020111536,57.24026114351546,758.4740916865484,0.8802805558588527,-0.014961799149956647,-0.36113858222961426,-0.049240682274103165,-0.9312111735343933
4383,4383,1,0.9963133,285.8397897801794,54.358257103785576,748.3186959566419,0.8947743106885526,0.011432357488029279,-0.3676561713218689,-0.03682146966457367,-0.9292325973510742
4384,4384,1,0.9970956,287.4893828991806,53.154268795479936,756.3727896212605,0.8988403080897381,0.06468486277008528,-0.37064287066459656,-0.015583224594593048,-0.9286447167396545
4385,4385,1,0.99706984,293.7664551919321,52.25578868914533,778.2989566802027,0.9026189638239666,0.12101199448362483,-0.3723750114440918,0.0059977644123137,-0.9280629754066467
4386,4386,1,0.9963983,283.7236981715413,50.60459844131905,759.1775893145226,0.9101832448719298,0.17353535433761821,-0.3760857880115509,0.02742558903992176,-0.9261788725852966
4387,4387,1,0.9972204,283.9418325518746,49.12875696720523,766.4915068945834,0.928556927739728,0.21595280468928177,-0.3848637044429779,0.044009868055582047,-0.9219235777854919
4388,4388,1,0.9945273,275.97468053812963,48.29489417843275,753.7112592578281,0.9421618189172621,0.26770995688246696,-0.39138612151145935,0.06471691280603409,-0.9179480671882629
4389,4389,1,0.9952755,276.15008780078534,47.63049266279946,763.6082635857928,0.962039936715773,0.2987143323740542,-0.39902499318122864,0.0754125788807869,-0.9138336777687073
4390,4390,1,0.99669003,271.7352131334018,46.31619993403996,758.0517780251677,0.9851042175997371,0.2803622365531286,-0.40891221165657043,0.06993959844112396,-0.9098896384239197
4391,4391,1,0.9960914,268.04135638080623,43.56723968955584,753.958319675854,0.9974427358900327,0.20391226880018568,-0.4110220670700073,0.04515618458390236,-0.9105063676834106
4392,4392,1,0.99538827,273.01291807044043,42.71453831421626,777.0167713674309,1.0007982758117107,0.15245294598871797,-0.40548738837242126,0.026510203257203102,-0.913716197013855
4393,4393,1,0.99084574,248.55899835238358,40.789294294065,710.196752015754,0.9765500848235341,0.07276144373326167,-0.3938240706920624,0.0012902989983558655,-0.9191849231719971
4394,4394,1,0.9949269,265.9982187988547,38.549465311708126,763.4949131813636,0.9629671660912732,0.005915464987113926,-0.37798404693603516,-0.01983552798628807,-0.9255995750427246
4395,4395,1,0.9930449,252.50151080669843,35.86290007063189,725.5493892714757,0.9362148394853095,-0.033940194854040644,-0.3627956211566925,-0.03203638270497322,-0.9313178658485413
4396,4396,1,0.99250036,253.66649575399137,34.09585970114364,730.8101240987421,0.9552016605865569,-0.06132189982128878,-0.37160488963127136,-0.04000653699040413,-0.9275285005569458
4397,4397,1,0.99423766,262.3093107970846,34.021485458818866,757.1861559240025,0.9915820736204909,-0.0033892834908942266,-0.39216428995132446,-0.018229683861136436,-0.9197145104408264
4398,4398,1,0.99598205,261.1136700602868,34.59669778647279,755.9720418781211,1.0369085921146057,0.18164825647717991,-0.42305341362953186,0.04681050404906273,-0.9048948287963867
4399,4399,1,0.9945168,256.92742940067234,35.503545314917716,759.955902381915,1.0920075498149855,0.41920468569360914,-0.4522908926010132,0.1287691444158554,-0.8825256824493408
4400,4400,1,0.98242986,252.87761832451713,40.850292892476865,775.8126669201456,1.1692206071099913,0.6674466017520527,-0.4826793372631073,0.2016521394252777,-0.8522658348083496
4401,4401,1,0.9874937,239.92605113902906,47.32486440957589,766.8081215121744,1.2401985976256447,0.9387803365066049,-0.5092253088951111,0.2825246751308441,-0.8129388093948364
4402,4402,1,0.98728067,219.1210411160216,51.361684929977706,732.4392998228391,1.2997887511649844,1.183395096994071,-0.5312547087669373,0.3640405535697937,-0.765011727809906
4403,4403,1,0.9890914,202.8677904268817,53.407906056364,709.9609218419611,1.3378122693606531,1.3269064642870676,-0.5409545302391052,0.4126335382461548,-0.7328723073005676
4404,4404,1,0.9891884,196.62096221822208,56.17935909997746,724.1095551695253,1.3685242603930763,1.3961702253295496,-0.5406945943832397,0.4224989414215088,-0.7274228930473328
4405,4405,1,0.97451925,187.70191162553087,55.65861281663342,705.4398024823167,1.374224654022377,1.3873457114029326,-0.544580340385437,0.42851388454437256,-0.7209771871566772
4406,4406,1,0.9797891,183.47594438008647,59.00492788739563,715.166620460037,1.3884544078498753,1.432719311397385,-0.5418579578399658,0.43412163853645325,-0.719672441482544
4407,4407,1,0.9863201,181.22838587725604,59.518829300161634,734.389773810874,1.418431062302051,1.5142999095707141,-0.5409775376319885,0.44598352909088135,-0.7130511999130249
4408,4408,1,0.98684156,172.62771203387032,59.695947951428046,717.5271055967122,1.4286406564088734,1.543331527763102,-0.5444812774658203,0.46082618832588196,-0.7008419036865234
4409,4409,1,0.98405474,172.22586422546007,60.107894320018765,720.5187821745158,1.4378681614112654,1.5962334362138235,-0.5443604588508606,0.4726596772670746,-0.6930112242698669
4410,4410,1,0.9847572,171.68864268876996,60.602334031184284,718.9999280312633,1.4057602688007294,1.6721384166117104,-0.5273474454879761,0.4993866980075836,-0.6873992085456848
4411,4411,1,0.9897793,175.76184658994103,59.7560269638397,720.6939384775854,1.3886444599628356,1.775195967414391,-0.5169159770011902,0.5284655690193176,-0.6734405755996704
4412,4412,1,0.99311817,180.13430138317963,58.038913292839446,715.3967144438878,1.367955698667163,1.8276903038154766,-0.5101003050804138,0.5477710366249084,-0.6631324887275696
4413,4413,1,0.992737,192.73784860114264,57.58681702069939,738.1882676147784,1.3986209083727645,1.9323584750689242,-0.5186302065849304,0.5551087856292725,-0.6502898931503296
4414,4414,1,0.9954255,204.10612393388826,55.73410122590982,750.3658689727373,1.338106768906271,1.9364290098379335,-0.49725472927093506,0.5601083040237427,-0.6625832319259644
4415,4415,1,0.99615675,208.83917359151496,54.25626383376714,739.5032086030487,1.1969614279784389,1.9109713756069424,-0.4426271319389343,0.583054780960083,-0.6812697649002075
4416,4416,1,0.9965352,228.37022792740524,53.81303950795947,778.852812023032,0.9904960474841972,1.9527287060578657,-0.34381434321403503,0.6028050184249878,-0.7200124263763428
4417,4417,1,0.9943176,233.7054877827662,51.57477115850437,758.9039567050905,0.6886880700073352,1.7374135332344747,-0.18546625971794128,0.5967568755149841,-0.780694305896759
4418,4418,1,0.9823064,240.25825944219847,48.87326935158953,737.6546140983058,0.4068122119775732,1.4419279003269376,-0.005143155809491873,0.5430706739425659,-0.8396711945533752
4419,4419,1,0.9974554,253.29104913185017,45.82994600651366,750.9244852661453,0.1117706451297524,1.1374445731670233,0.19290614128112793,0.43529942631721497,-0.8793756365776062
4420,4420,1,0.99814737,266.13736164550363,44.06753381451468,771.0476497392377,-0.027268553933121303,1.0334756384114505,0.2675686180591583,0.386793315410614,-0.8824953436851501
4421,4421,1,0.99783546,280.1960873066461,44.244572535750684,799.4510797899802,-0.08846688860122852,0.971167149609264,0.28264302015304565,0.35187289118766785,-0.8923555016517639
4422,4422,1,0.9975903,277.4689178818969,44.38232459151457,783.6203096343335,-0.16588190758351887,0.8212388087181577,0.34282058477401733,0.30042850971221924,-0.8900655508041382
4423,4423,1,0.99378127,277.37816907260435,41.928254022072004,777.1018614422486,-0.19628554324770428,0.8208364569403883,0.36326488852500916,0.3039315342903137,-0.8807180523872375
4424,4424,1,0.99746007,284.42958664594244,41.259827420910334,785.3314455706633,-0.259156421141251,0.8723556127239268,0.3869354724884033,0.3179977536201477,-0.8655393123626709
4425,4425,1,0.99748397,292.78844768832306,41.95680156477466,796.0276131682361,-0.3231166242268304,0.9653465932977839,0.4062507748603821,0.3430196940898895,-0.8469343781471252
4426,4426,1,0.9972904,294.7905357118635,42.487203235412274,793.7984882022914,-0.34648233590727834,1.0300850273873587,0.4154369831085205,0.36366021633148193,-0.8337645530700684
4427,4427,1,0.99709785,297.6742006352118,42.79022904897093,790.3555485662322,-0.34399936435950595,1.0029666916224669,0.4137393534183502,0.35625094175338745,-0.8377977013587952
4428,4428,1,0.99716824,294.989164002612,43.334935005136664,779.5071979278587,-0.3290036782919191,0.9917667644101885,0.4134584367275238,0.35641536116600037,-0.8378664255142212
4429,4429,1,0.9972741,295.34846595121445,43.90853178170681,778.6552511635796,-0.3256307788788156,0.9742828125066076,0.41236612200737,0.3504447042942047,-0.8409177660942078
4430,4430,1,0.99740237,290.64687838734943,44.40762757516752,766.9774824469824,-0.30802938362131504,0.9376643925390975,0.41399046778678894,0.3418411612510681,-0.8436566591262817
4431,4431,1,0.997265,292.3728709264123,43.181680111458014,770.9847839417738,-0.3320434896699739,0.9384857441502114,0.4234032928943634,0.3406931757926941,-0.8394389748573303
4432,4432,1,0.99689865,291.6905040926949,43.287570167695925,776.441710261433,-0.33538559697340753,0.9661230691098284,0.4225318729877472,0.34778404235839844,-0.8369666337966919
4433,4433,1,0.9968162,298.4254544932806,44.388859586172,796.078553210155,-0.3397588785099792,1.0171955093804255,0.4080829918384552,0.357675701379776,-0.8399621248245239
4434,4434,1,0.9961307,303.1267592119246,45.347359593842214,811.1688817877545,-0.26599102594273455,0.99720353077849,0.3574739098548889,0.34979280829429626,-0.8659430742263794
4435,4435,1,0.99791986,299.0497975146016,44.04911988448121,806.0132754898583,0.006964479665767259,0.7747320977481803,0.2020244151353836,0.28314030170440674,-0.9375594258308411
4436,4436,1,0.98802525,269.9880240343554,41.70216418993874,738.7056836101777,0.38604989943264156,0.5581923557266141,-0.017517054453492165,0.21807044744491577,-0.9757757782936096
4437,4437,1,0.9839189,247.52881309322984,39.05654667757515,700.8654427041196,0.6291637845257156,0.39214443051938774,-0.17221128940582275,0.15097083151340485,-0.9734222888946533
4438,4438,1,0.99475753,257.8600804371154,37.24421132175001,743.8964637107487,0.8006243543744883,0.23192849880497182,-0.2880799472332001,0.07227566093206406,-0.9548749327659607
4439,4439,1,0.995389,253.76555081866377,37.0510927252034,742.8419015673044,0.9139094259990368,0.052288474499959374,-0.3473224937915802,-0.0002656191063579172,-0.9377456903457642
4440,4440,1,0.9949538,248.90366298202136,36.384173306107826,726.0954511662911,0.9255236426319444,-0.017379912527915837,-0.3528668284416199,-0.026311669498682022,-0.9353035688400269
4441,4441,1,0.99661225,253.27241673058498,36.178830486084365,738.0743119544213,0.9237775293895615,-0.02810115721448577,-0.35120415687561035,-0.029600240290164948,-0.9358309507369995
4442,4442,1,0.9972466,251.59666093215034,35.60749322221029,731.9884810844665,0.899686692318621,-0.012833940138315179,-0.33815011382102966,-0.022949477657675743,-0.9408122897148132
4443,4443,1,0.99783736,252.75156410684303,35.45881908410576,736.060289290599,0.8408687759274193,0.03799769035466618,-0.30371323227882385,-0.0020434572361409664,-0.9527613520622253
4444,4444,1,0.9968747,247.30389050468273,35.86014692891072,719.5630302381651,0.7458176850403327,0.1945958295880991,-0.24558600783348083,0.06361439824104309,-0.9672852754592896
4445,4445,1,0.99565756,241.3887668623079,38.92565478527971,693.561954608352,0.6592680392545912,0.37075775591233356,-0.18756411969661713,0.14209233224391937,-0.9719204902648926
4446,4446,1,0.9908167,252.96693951937868,42.96512008598648,712.331997879236,0.5545447734402318,0.5743112808905898,-0.12442515790462494,0.22482207417488098,-0.9664230346679688
4447,4447,1,0.99747926,281.15695424306926,48.182051313042166,771.9531122677976,0.4055015000788642,0.8742841405591586,-0.05085365101695061,0.3237078785896301,-0.944789469242096
4448,4448,1,0.9981817,293.96336568119983,50.930609045972766,796.5771505077404,0.2757491490694134,1.1298417329803903,0.020212428644299507,0.4071165919303894,-0.9131525754928589
4449,4449,1,0.9979837,300.42345408912684,53.28373813013891,803.8956859768565,0.19226179181541866,1.2569641099598534,0.06618344783782959,0.4457657039165497,-0.892699658870697
4450,4450,1,0.99747676,304.98482629088716,54.51005248262081,814.0226885970532,0.1435172372123194,1.2583338487933438,0.09216517210006714,0.44022703170776367,-0.8931437730789185
4451,4451,1,0.997189,309.97016472709174,54.514222735958604,825.8508121383414,0.09907576479714834,1.2244966523223395,0.11465410143136978,0.4234141409397125,-0.8986517190933228
4452,4452,1,0.9975074,312.83265008013024,54.646031246233036,835.3714119937027,0.08633870441000728,1.21110441213639,0.11850589513778687,0.41449257731437683,-0.9023038744926453
4453,4453,1,0.99716634,309.85088742897756,55.82267871535589,825.4963793927955,0.08773087691176205,1.2063191898317656,0.12277300655841827,0.41611334681510925,-0.90098637342453
4454,4454,1,0.9970703,309.04171861043363,57.006787048564036,822.8202962492192,0.11500989792057763,1.2701226179567229,0.10481073707342148,0.43739619851112366,-0.8931401371955872
4455,4455,1,0.99752206,308.5904708041763,57.61690792782215,828.402551498459,0.18069977837332676,1.3771924605526906,0.05958704650402069,0.4683186411857605,-0.8815481066703796
4456,4456,1,0.99761355,296.61356244369676,56.674969939543324,804.0105813711658,0.269708886722835,1.4590977292121003,0.015329491347074509,0.5061851739883423,-0.8622885942459106
4457,4457,1,0.99869007,297.31653654663825,58.209076841581954,818.1361845395195,0.3428250164256204,1.6473721119458529,-0.035545241087675095,0.5505235195159912,-0.8340625762939453
4458,4458,1,0.99816954,286.08771285777306,59.368290240407134,804.362035758148,0.4302584835123833,1.7407248485222189,-0.0791458785533905,0.5796201229095459,-0.8110342621803284
4459,4459,1,0.9974185,288.3828576319922,61.811117726241626,819.8312357516735,0.48453594504825676,1.8924192433689735,-0.11422073096036911,0.6051716208457947,-0.7878584861755371
4460,4460,1,0.995887,281.4422450807612,61.62228227076631,807.6259344505921,0.530744598945553,1.9332858677263516,-0.13539546728134155,0.6196062564849854,-0.77314692735672
4461,4461,1,0.9963702,279.06865269833514,62.913440713821,807.6075228793948,0.5453382558839677,1.9483695315082623,-0.1415012925863266,0.6215128898620605,-0.7705187797546387
4462,4462,1,0.99538213,275.039807879396,62.88718015793102,806.4575749357796,0.5468793715369877,1.9426304435703632,-0.1380271315574646,0.6210635900497437,-0.771510660648346
4463,4463,1,0.9962949,274.06402618560674,64.87117153316011,811.5753504772683,0.5211686224023014,1.9301690775145974,-0.12100706994533539,0.6156597137451172,-0.7786657810211182
4464,4464,1,0.99829537,271.97408781775647,65.43912424045017,812.5410992319422,0.4965942226375638,1.9050891225178346,-0.10363630205392838,0.6102399826049805,-0.7854086756706238
4465,4465,1,0.99833786,271.4751961965502,65.94061041382052,814.6150132464883,0.4850776091234965,1.9067957950124965,-0.09583920985460281,0.6098666191101074,-0.7866877317428589
4466,4466,1,0.99780315,273.0945467941172,67.03079020610011,823.5003662224843,0.46383908034360094,1.8946509386112977,-0.0840311199426651,0.6021338701248169,-0.793960690498352
4467,4467,1,0.9981673,278.4613943551947,67.52348785661003,839.5222363673687,0.4482293691602167,1.9098118093627614,-0.07956001162528992,0.5972629189491272,-0.7980897426605225
4468,4468,1,0.9982058,272.27946634687214,66.5009316550208,822.1865514783891,0.41417694959547036,1.8119550858641458,-0.05211656540632248,0.5843635201454163,-0.8098167181015015
4469,4469,1,0.99843603,273.8949263263108,66.28343793407186,822.9269752015384,0.38997333636024983,1.7550834971549258,-0.03838345408439636,0.5698315501213074,-0.8208646774291992
4470,4470,1,0.99770325,269.7492288116188,66.14039102832565,810.3567180068475,0.3918555721721739,1.6891232583538798,-0.03444242104887962,0.558810293674469,-0.8285800218582153
4471,4471,1,0.99821365,272.9808078176908,66.52575501505176,815.6123868239112,0.38965370150810563,1.6571424617723698,-0.03646983578801155,0.5464841723442078,-0.8366749882698059
4472,4472,1,0.99823004,271.9312292828045,65.90725042754872,811.4522696958846,0.40509123921119927,1.6321099504048255,-0.04507792368531227,0.5415670871734619,-0.839448094367981
4473,4473,1,0.99848515,279.870712792746,67.09464451922837,830.1635963334465,0.4029087927976307,1.6658674610318946,-0.05264942720532417,0.5397511124610901,-0.8401766419410706
4474,4474,1,0.99860793,278.34448524063606,66.14070585004185,824.0047379271131,0.43632035960981813,1.6601169113900152,-0.07226581126451492,0.5408128499984741,-0.8380328416824341
4475,4475,1,0.99843425,280.4685808659141,66.53447760656528,827.9741027448855,0.459730123488963,1.6764241995762539,-0.08929795026779175,0.5415995121002197,-0.8358803391456604
4476,4476,1,0.9982851,282.8724002415126,66.18024615291642,830.9058722886156,0.46192696388071164,1.6975709271474637,-0.09326953440904617,0.5459609031677246,-0.832602858543396
4477,4477,1,0.9975364,277.1142886078783,64.666526462093,810.5279973722481,0.47815639703913465,1.6772324368863039,-0.09844490140676498,0.5521078109741211,-0.8279406428337097
4478,4478,1,0.9970746,275.06088623271705,62.343477743663634,802.5370761092435,0.479191547508,1.6948407249760153,-0.09727856516838074,0.5635244846343994,-0.8203518390655518
4479,4479,1,0.9957789,279.0345210715328,63.6154764153575,812.8351686397585,0.46509977444195827,1.7451726650211374,-0.09228154271841049,0.5711271166801453,-0.8156579732894897
4480,4480,1,0.99484515,280.60774014314353,62.67033302444713,816.7603888667526,0.4711227072820746,1.7886391685345946,-0.09750834852457047,0.5809009075164795,-0.8081128001213074
4481,4481,1,0.99459404,283.8128149196498,62.589296748483754,825.4357478840615,0.42635563436042373,1.8869093808919983,-0.07309351861476898,0.6037501096725464,-0.793815553188324
4482,4482,1,0.9960146,279.38253001940353,62.35966914957259,812.4128459306313,0.3546919784584276,1.916890883491305,-0.024525685235857964,0.6218498945236206,-0.7827523946762085
4483,4483,1,0.9941964,285.01420019016,62.557009355966066,824.2374585339958,0.0831182520842133,2.1428271053830605,0.12743867933750153,0.6678425669670105,-0.7333115339279175
4484,4484,1,0.9908201,274.7095545391642,60.85375660309177,785.8225004155858,-0.14682348449750535,2.200643030451933,0.27083995938301086,0.686161458492279,-0.6751505732536316
4485,4485,1,0.99180144,275.09310481089034,60.20070562051507,783.4409843383934,-0.30740240414473746,2.2585760565327044,0.3501225709915161,0.6829195022583008,-0.6411202549934387
4486,4486,1,0.98987776,285.4664447125632,61.29322916046317,816.0240484985144,-0.37629723787228375,2.466837830362967,0.35211360454559326,0.7016382813453674,-0.6194512248039246
4487,4487,1,0.9943234,283.453523420701,61.92137107427576,815.494066478963,-0.28796114014322804,2.278049069496812,0.3244326710700989,0.6750276684761047,-0.6626319885253906
4488,4488,1,0.9937983,284.05949296901764,62.40918303621233,825.8993421837425,-0.1802125570550687,2.0717349600324484,0.27847009897232056,0.6362181305885315,-0.7195005416870117
4489,4489,1,0.9935502,282.3992754267293,61.885487631905676,823.917106634577,-0.05919425286940954,1.8644089055425987,0.2237391471862793,0.5966441035270691,-0.7706858515739441
4490,4490,1,0.99544346,280.5610042920648,61.68808073522401,821.5520645980563,0.026079280947303895,1.6904413697891871,0.18291205167770386,0.5562652349472046,-0.8106245994567871
4491,4491,1,0.9964259,276.4204033735203,63.041566941869746,805.1442189630201,0.09476515943895517,1.5440829119130364,0.15302453935146332,0.523872971534729,-0.8379383683204651
4492,4492,1,0.9974039,273.93324815956333,63.231084711429475,800.0978954542392,0.1342614571354828,1.4775472457327021,0.13340190052986145,0.5069342851638794,-0.8515994548797607
4493,4493,1,0.99796176,274.62619519326296,63.876184271892136,803.8644296664143,0.1578521151289048,1.4440052737114173,0.1175992488861084,0.49429818987846375,-0.8613011837005615
4494,4494,1,0.99792296,278.85759826397214,65.34495134019971,817.4333028429628,0.16800141658886752,1.45210196806189,0.10401174426078796,0.4886353611946106,-0.8662661910057068
4495,4495,1,0.9980129,271.26508282624263,63.987681390257286,792.9407574875077,0.2365288899173056,1.3935410520863036,0.071752168238163,0.48420363664627075,-0.8720083236694336
4496,4496,1,0.99806625,272.0013706911488,64.10285655586658,795.73335415386,0.3027494313376443,1.3887949824815489,0.025843504816293716,0.4803577661514282,-0.8766918182373047
4497,4497,1,0.99795145,275.59549731435106,64.31812118736723,806.6458780615062,0.37448052511057667,1.4041532860049117,-0.027308452874422073,0.4773249328136444,-0.8783024549484253
4498,4498,1,0.9977164,266.8967382570819,63.24802361399162,783.9187752914346,0.4706284974951843,1.3718259516414748,-0.08216963708400726,0.4761193096637726,-0.8755333423614502
4499,4499,1,0.997607,253.07172535266469,61.050771963295084,747.4394092480557,0.5571526126291376,1.3142039060763366,-0.12797844409942627,0.47465187311172485,-0.8708198070526123
4500,4500,1,0.9980009,270.7915740484916,63.712066871087586,803.6342888659469,0.5819386460510114,1.4309828305869121,-0.1582249253988266,0.47671377658843994,-0.8647016286849976
4501,4501,1,0.998145,268.3762435202803,63.37860231200094,799.3308880793284,0.6070993530352524,1.4397036346666656,-0.17211832106113434,0.48025915026664734,-0.8600735068321228
4502,4502,1,0.99815756,264.7042000725935,63.106697114438894,787.382031975903,0.623608371535401,1.4379789994928311,-0.1805015504360199,0.4852199852466583,-0.8555587530136108
4503,4503,1,0.99812394,271.807107554277,64.95458829643515,815.1561209064888,0.6194816244572522,1.4949587537567774,-0.1809714138507843,0.48635414242744446,-0.8548151850700378
4504,4504,1,0.99812335,272.1757338463602,64.51850295084033,818.2747221243944,0.6292459062922454,1.4914878649928747,-0.18683497607707977,0.4832907021045685,-0.8552910685539246
4505,4505,1,0.9970805,268.1125839104093,64.88554081255852,809.1096222589767,0.6391526881674613,1.4608769447311623,-0.19023695588111877,0.47780749201774597,-0.8576187491416931
4506,4506,1,0.99666375,265.94530870793005,64.69579031874308,807.6128512079207,0.6491589918827098,1.4452643108273127,-0.1943020224571228,0.47329989075660706,-0.8592054843902588
4507,4507,1,0.9962214,261.8561135179284,63.549331549916964,795.8930404129009,0.6717865068894772,1.420830210578579,-0.20616376399993896,0.4711434543132782,-0.8576248288154602
4508,4508,1,0.996012,266.712395349741,64.93765829140584,811.7995868526765,0.6876627161182762,1.452990445171193,-0.21809150278568268,0.46989402174949646,-0.8553570508956909
4509,4509,1,0.9966689,260.3521430903242,64.00231025656846,791.6272371950554,0.7108674493002434,1.4555980161576505,-0.22953680157661438,0.48025184869766235,-0.8465642333030701
4510,4510,1,0.99681646,261.68343714801443,64.872395134255,793.8462145698601,0.7242006169384149,1.4767523385761299,-0.23865117132663727,0.48333194851875305,-0.8422801494598389
4511,4511,1,0.9946819,251.690780723132,63.23633603935878,762.7700288780721,0.7587677798512422,1.431467207121549,-0.2568090260028839,0.48445457220077515,-0.836273193359375
4512,4512,1,0.9919661,248.69925787295367,61.09298456914821,754.2614988199526,0.7835172505306036,1.4399708684947972,-0.2706585228443146,0.49133312702178955,-0.8278501033782959
4513,4513,1,0.9917864,253.9762268419054,60.85554645958308,770.3461243228613,0.8111444707803658,1.4670087012407682,-0.2885165810585022,0.4876391589641571,-0.8239940404891968
4514,4514,1,0.9915835,254.37264211626504,60.74936623606926,770.7200898750102,0.8360525403967383,1.4835145915545687,-0.3033595383167267,0.4895457327365875,-0.8175072073936462
4515,4515,1,0.98915684,254.92383920586155,61.556031420882874,772.8474150563364,0.783711996811423,1.526588744201405,-0.2713279724121094,0.5068802833557129,-0.8182013630867004
4516,4516,1,0.9935521,258.04165253980625,60.81663314366488,779.4602826333768,0.7203202040941813,1.5560454862687243,-0.23384109139442444,0.5193853974342346,-0.8219228386878967
4517,4517,1,0.9943099,257.3228931335491,59.97642015672694,771.8133877212634,0.5833088730655926,1.421533875540753,-0.14741100370883942,0.49539294838905334,-0.8560699820518494
4518,4518,1,0.9959247,263.0027934730367,55.603417927606024,776.2055106529405,0.3549636670630166,1.1886423580112022,0.0051162345334887505,0.43073296546936035,-0.9024648666381836
4519,4519,1,0.9959372,270.8487735221699,50.69840334142307,778.577496839715,0.12787462190123866,0.9283206694386547,0.15939252078533173,0.3422679901123047,-0.9259841442108154
4520,4520,1,0.99668187,277.1912881646875,45.455296789352076,774.1427181729663,-0.07030255725647808,0.649822817849352,0.2912294268608093,0.24131886661052704,-0.9257162809371948
4521,4521,1,0.9933652,284.70345314600473,43.315105982804056,779.4649876384856,-0.2156747034704553,0.4731926951150594,0.37220579385757446,0.17315298318862915,-0.9118557572364807
4522,4522,1,0.9978319,281.63860899877545,42.02840307760868,758.4382634150043,-0.22624681462422755,0.3710264945583747,0.39172565937042236,0.1394585222005844,-0.9094517230987549
4523,4523,1,0.99913836,284.3435345031594,41.875210838889096,751.6545281404659,-0.22598102739625395,0.38642976329170997,0.3916527032852173,0.14693422615528107,-0.908305287361145
4524,4524,1,0.99689806,297.37738885932885,42.99377925756539,775.8770757601209,-0.27995397514746323,0.49944320498699235,0.39701807498931885,0.18383020162582397,-0.8992124795913696
4525,4525,1,0.99542433,297.0522727062244,42.305173137090314,765.341061364365,-0.27002967755224777,0.5852310811670028,0.3952184319496155,0.21944700181484222,-0.8919895887374878
4526,4526,1,0.9927114,293.23670554423705,42.3239527382844,748.3582385732134,-0.27911988724974757,0.7177621522910721,0.4096815586090088,0.2730351388454437,-0.8704096078872681
4527,4527,1,0.99582773,288.55635354456757,42.53118582199369,729.7740364831028,-0.284415782340457,0.8206378476931336,0.4235367476940155,0.3163215219974518,-0.8488564491271973
4528,4528,1,0.9947206,292.33659783248703,42.61437469594952,735.2726974019106,-0.36924272404714253,0.9396713697931458,0.45982521772384644,0.3517605662345886,-0.8153681755065918
4529,4529,1,0.9930347,298.7622702513696,41.65071533076944,750.4834182362489,-0.462273989311019,1.12221305607633,0.4858102798461914,0.40173065662384033,-0.7762737274169922
4530,4530,1,0.99449944,304.3819990302305,41.10949058499393,763.0106946338914,-0.5514322858611848,1.294349926366114,0.5080416798591614,0.4428548514842987,-0.7387647032737732
4531,4531,1,0.99744606,298.8967232837167,39.695620593571924,750.1718055527161,-0.5885695504120722,1.3344757590132277,0.5319708585739136,0.4549042582511902,-0.7141912579536438
4532,4532,1,0.99509805,305.7863078099232,38.05958311215199,768.5439113930989,-0.6701708436610914,1.3572716863554886,0.551201343536377,0.4481563866138458,-0.7037989497184753
4533,4533,1,0.9946951,302.05809054827233,37.08152344217877,756.2430620236249,-0.6470678052273124,1.2795224823383122,0.5543250441551208,0.43274372816085815,-0.7109547257423401
4534,4534,1,0.9948999,311.39884993411334,36.621553265156706,780.8885785204216,-0.6708020953993933,1.2563952719018077,0.5472719073295593,0.41774576902389526,-0.7252461314201355
4535,4535,1,0.9967423,316.156505409748,36.28698570491911,788.8709835003814,-0.6290511920031945,1.1887242500126465,0.5258906483650208,0.4010985195636749,-0.7500393986701965
4536,4536,1,0.99540687,315.40623375310577,36.482748099532586,787.3420034690038,-0.6166768549671261,1.1364156490506558,0.5244082808494568,0.3867422938346863,-0.7585686445236206
4537,4537,1,0.9936187,311.56591727683843,36.643110567636576,774.2522590397207,-0.5908825334794421,1.1060732222452212,0.5236110091209412,0.3832801580429077,-0.7608730792999268
4538,4538,1,0.99281317,307.95679021896217,36.97643123168985,763.9562160887185,-0.6117929475707482,1.092131286687637,0.5412570238113403,0.3790803849697113,-0.7505590319633484
4539,4539,1,0.9924004,314.4106628042113,38.16501287502218,781.5464146670071,-0.700732309769799,1.1436360982011466,0.563046395778656,0.38045811653137207,-0.7336418628692627
4540,4540,1,0.9893811,318.61096230476187,37.96704535164496,787.3991270389321,-0.7933003563820592,1.196260143553846,0.5904509425163269,0.3855225741863251,-0.7090416550636292
4541,4541,1,0.99038905,313.0063875830594,38.472773468031555,772.5270611129808,-0.8375470127216099,1.2324447437392958,0.6149935126304626,0.39330917596817017,-0.6834405064582825
4542,4542,1,0.99074847,309.81451205741354,38.56894048511567,761.7249826944231,-0.8688425993688469,1.2247748363357116,0.6329922080039978,0.3896369934082031,-0.6689572930335999
4543,4543,1,0.9911437,315.7247407753833,39.43831500978808,776.38762223722,-0.8860363266744736,1.2373877246413056,0.6281386613845825,0.38793522119522095,-0.674498438835144
4544,4544,1,0.99343514,317.51264565737193,38.679811451793306,781.4537666629334,-0.8583009547557258,1.2576892093668086,0.6140674352645874,0.39644095301628113,-0.6824631094932556
4545,4545,1,0.9952306,316.7466600414878,39.096050145019895,782.1190489799438,-0.8172864259841607,1.3129894958425548,0.596854567527771,0.4157467186450958,-0.6862356066703796
4546,4546,1,0.9938378,311.8203846164102,40.50299552876982,770.0808452781351,-0.7914989528356686,1.3286138440608957,0.595488965511322,0.42428621649742126,-0.6821833848953247
4547,4547,1,0.99427575,298.2582771455224,39.26599239793691,739.9311799858906,-0.7125827406099176,1.3007371108280081,0.5899474620819092,0.4331854283809662,-0.6814048290252686
4548,4548,1,0.99214363,300.60990067653614,38.42081647621636,746.2985447829302,-0.6924996907142476,1.1887759589677183,0.583914577960968,0.4021773636341095,-0.705193042755127
4549,4549,1,0.99175876,298.2707666576524,38.38411515395006,745.0193715442714,-0.6427119681887511,1.0040369485481173,0.5755608081817627,0.35045695304870605,-0.738857090473175
4550,4550,1,0.9884163,300.19888375012295,40.12972737497579,758.6832685519271,-0.6141754407851182,0.8254104233159812,0.5625554919242859,0.2897326648235321,-0.7743296027183533
4551,4551,1,0.98878634,300.1251139983298,39.821868420032025,758.743505826218,-0.5986165976319036,0.6363129213886299,0.5607339143753052,0.22749796509742737,-0.7961294651031494
4552,4552,1,0.98632985,302.9056469672482,39.5974994528683,770.0539754348814,-0.6046468886121285,0.48969132434620427,0.557208776473999,0.17563122510910034,-0.8115861415863037
4553,4553,1,0.99070776,303.97113418138815,39.760567161348,773.6011869202626,-0.5910961316446336,0.4032453110553182,0.5491246581077576,0.14588260650634766,-0.8229097127914429
4554,4554,1,0.98863846,304.5542400054439,39.14863336556805,775.6358579030251,-0.5778693803805048,0.429339321848407,0.5416005849838257,0.15567134320735931,-0.8260964155197144
4555,4555,1,0.98664516,302.3343423511258,39.608524314163795,770.6646826219185,-0.5679767351672761,0.46475354106561584,0.541461706161499,0.1682121306657791,-0.8237256407737732
4556,4556,1,0.9862264,303.2433834629783,40.568370169444314,774.10935551575,-0.5757015949615433,0.6202774228831491,0.5405774712562561,0.219643697142601,-0.8121161460876465
4557,4557,1,0.99297124,303.32896833379755,39.98318746009108,776.1039645648717,-0.5595610604911069,0.8064876939787355,0.5278411507606506,0.283597856760025,-0.8005972504615784
4558,4558,1,0.99401736,302.35638027388535,40.2796063291406,774.5966516303798,-0.5655032543720592,0.9957786546260138,0.5254839062690735,0.3450571894645691,-0.7776903510093689
4559,4559,1,0.9932086,303.8803829683657,40.37632187820705,781.2821432586369,-0.5554613902528932,1.1166487258210072,0.5113269686698914,0.38225650787353516,-0.7696912288665771
4560,4560,1,0.99344265,300.89983430642934,39.91871942541493,773.0188737875723,-0.4471412544950771,1.1210865284293363,0.46589919924736023,0.39660346508026123,-0.7909764051437378
4561,4561,1,0.998019,293.9580938830273,38.42915988876732,763.4581528418834,-0.28909619040655127,0.9893571659583906,0.3983813226222992,0.36964505910873413,-0.8394372463226318
4562,4562,1,0.9986897,310.4188791161486,39.59594546403259,824.081223624843,-0.16537369262636653,0.8436091645827712,0.2899135649204254,0.3040359318256378,-0.9074757695198059
4563,4563,1,0.9965771,289.0818743339883,39.66973634403755,789.2408449030464,0.18638976418352254,0.620943407347441,0.09830542653799057,0.2351199984550476,-0.9669822454452515
4564,4564,1,0.9945456,279.7218076385012,39.510251432881496,780.400630085163,0.46968496804212784,0.2886368222063943,-0.08430426567792892,0.09906722605228424,-0.9915031790733337
4565,4565,1,0.9949522,275.4175932998821,38.97141982198567,781.4724424131633,0.7125826021033694,0.008994348938629652,-0.23380912840366364,-0.014413216151297092,-0.972175657749176
4566,4566,1,0.9965629,262.747077705971,38.154227175367495,755.2242217682342,0.8063837628281632,-0.05539038997316292,-0.28335094451904297,-0.03985033929347992,-0.958187997341156
4567,4567,1,0.9981342,266.5467698672364,35.883330470095665,775.914177290356,0.8219921658983279,-0.13079978861052838,-0.2870442867279053,-0.06330659240484238,-0.9558231234550476
4568,4568,1,0.9977508,262.63181679770065,35.799348516874225,773.5614245165328,0.8333453400573095,-0.15251475488074506,-0.2892375588417053,-0.07130305469036102,-0.9545981287956238
4569,4569,1,0.99799985,257.70337144096345,35.39869229742113,761.7985538670856,0.8437321420962757,-0.131054380094907,-0.29484596848487854,-0.06424073129892349,-0.9533829689025879
4570,4570,1,0.9981509,268.4234965732505,35.692581377492985,792.2892335371513,0.8505315686064364,-0.1781442901176142,-0.29823586344718933,-0.0784456878900528,-0.9512631893157959
4571,4571,1,0.99829537,261.21353177600105,35.26430568459175,772.6009055867929,0.8346505661499137,-0.22774077896043612,-0.28544849157333374,-0.09734930843114853,-0.953437089920044
4572,4572,1,0.9983546,264.5202693581786,36.4015566384208,777.6035399078314,0.6691761479278835,-0.2143503030007873,-0.1862536519765854,-0.09263239800930023,-0.9781250953674316
4573,4573,1,0.9978188,265.8825034446411,36.006999447484844,769.5426863825031,0.45977672387298385,-0.14490186148291812,-0.05114017054438591,-0.064482681453228,-0.9966076016426086
4574,4574,1,0.9969453,281.7575043530373,37.07656551608013,799.139426209622,0.23664608975821316,-0.022728349401878463,0.07941559702157974,-0.013582102954387665,-0.9967490434646606
4575,4575,1,0.99764603,285.35380765053145,37.24069225318721,787.0616503491938,0.03281555193443535,0.11201007108428343,0.21360228955745697,0.04177342355251312,-0.9760271906852722
4576,4576,1,0.9990246,290.5964517430236,36.857184337408064,779.6299733034372,-0.16574676935988691,0.27120699339867704,0.33626002073287964,0.10574009269475937,-0.9358142614364624
4577,4577,1,0.998643,295.2932604527991,38.28506220141722,779.398879325392,-0.3149844467400856,0.4974958643243277,0.41683903336524963,0.1869935393333435,-0.8895384073257446
4578,4578,1,0.9981851,295.6518234479543,37.53958076295732,768.9228106165036,-0.4103551725888495,0.6754373413699701,0.4693220257759094,0.2509436011314392,-0.8466192483901978
4579,4579,1,0.9963658,307.95302218353135,38.14340135263674,794.8326119216422,-0.5143772086201343,0.8014855783645012,0.4937437176704407,0.2826499044895172,-0.8223905563354492
4580,4580,1,0.9960646,302.6606581664853,38.024819333145054,771.3004323709711,-0.4981508620719641,0.8007239741073168,0.5020415782928467,0.28919199109077454,-0.8150596618652344
4581,4581,1,0.9949469,302.1305893339825,38.287536545809395,765.7055312988538,-0.513798434692989,0.8055269035191204,0.5126042366027832,0.2909364402294159,-0.8078323006629944
4582,4582,1,0.9967554,304.25007861148504,37.188682929361455,765.3376181062484,-0.5289435516819014,0.814393560131539,0.5175696015357971,0.2945463955402374,-0.8033455610275269
4583,4583,1,0.9971385,312.8452081605048,36.64373500937796,782.2888097163996,-0.5719183016871325,0.8496000168513156,0.520470917224884,0.3005671501159668,-0.7992305755615234
4584,4584,1,0.9970818,312.5295888932405,36.82266541229246,778.9364111491227,-0.5622634592685065,0.8525051497005912,0.5178994536399841,0.3029272258281708,-0.8000096082687378
4585,4585,1,0.9954034,307.553698395528,36.62274414571205,765.4597109842854,-0.5441220276411045,0.8418522587997989,0.5207098126411438,0.3038652837276459,-0.7978265881538391
4586,4586,1,0.9943901,303.12537390718745,36.44477794195834,752.9924651537698,-0.512296000373273,0.8329675817362302,0.5161023139953613,0.3062756359577179,-0.7998960614204407
4587,4587,1,0.99702257,309.1582872946953,37.47736978508893,768.1724272330531,-0.5458392894052705,0.8758459049351961,0.5177930593490601,0.3137003779411316,-0.7959160804748535
4588,4588,1,0.99773407,320.0713637461714,37.7376820604296,794.8924003770167,-0.6103031228221427,0.9511791905719781,0.5223687291145325,0.3270980417728424,-0.7874882817268372
4589,4589,1,0.99742883,313.80504250611267,37.69488944310364,779.3804088318558,-0.5893545912399625,0.9781817491268523,0.5245000720024109,0.34087899327278137,-0.780193030834198
4590,4590,1,0.9970771,312.6173735371483,37.63639667230715,775.1758015630695,-0.5842417527904166,0.9996537561076437,0.524301290512085,0.34931063652038574,-0.7765889167785645
4591,4591,1,0.9962625,320.7701116112526,38.718099904353004,795.4728118811917,-0.6216845066879829,1.0361283642523946,0.5234507918357849,0.3518376648426056,-0.7760215997695923
4592,4592,1,0.9943163,324.86441671124953,39.52006295562268,804.9881846145742,-0.6521727652070799,1.057441107352729,0.5282991528511047,0.3529139757156372,-0.7722381949424744
4593,4593,1,0.9946465,316.1182445158795,38.96041221574945,783.0994670871711,-0.6198786470069134,1.0401862359446512,0.5320406556129456,0.355865478515625,-0.7683049440383911
4594,4594,1,0.9943837,321.2619887353114,39.52785202277792,797.0600313741211,-0.6580671096231884,1.0849101178385474,0.5361108779907227,0.36241427063941956,-0.7623916268348694
4595,4595,1,0.9938945,304.8649023743276,38.44372751190128,754.6312548214883,-0.5827753292934601,1.0542478008742373,0.5375996828079224,0.37094199657440186,-0.7572242617607117
4596,4596,1,0.99533516,325.5462044217149,39.771993399429014,810.6697531312434,-0.6978635513671979,1.1916368697929365,0.5385512709617615,0.3869396448135376,-0.7484920024871826
4597,4597,1,0.9967989,313.2412062231578,38.551675537012954,779.350071893187,-0.6372292149854482,1.2315951704624097,0.5342587828636169,0.41338101029396057,-0.7373491525650024
4598,4598,1,0.99447906,316.68712324330113,38.419479578648065,791.2738303658604,-0.6611186132096476,1.3893837441130428,0.5276691317558289,0.45286887884140015,-0.7186620235443115
4599,4599,1,0.9921238,307.46194763821,37.46713214659022,773.0282624881052,-0.5628277627353385,1.4809176326297162,0.4940107464790344,0.49522873759269714,-0.714634120464325
4600,4600,1,0.9969298,307.45505925877984,36.511083562245815,781.2112377680438,-0.4617034199517355,1.564056782720123,0.43797409534454346,0.527470052242279,-0.7279794812202454
4601,4601,1,0.99806255,301.6711176742148,34.79897557942786,779.521155153952,-0.3079387636985324,1.2705860482045703,0.38102686405181885,0.4590093493461609,-0.8025764226913452
4602,4602,1,0.9977532,344.23024062343205,41.16816707931585,909.4490904749106,-0.23732515154214323,1.091347944200535,0.26383501291275024,0.35532814264297485,-0.8967345952987671
4603,4603,1,0.9982603,281.3546879143141,35.864133354339884,758.585600029421,0.28261167980512225,0.5446082312401624,0.04360741376876831,0.2171197235584259,-0.9751704931259155
4604,4604,1,0.9973463,276.0604946245935,36.22695144197838,754.1816693651396,0.5822516018901589,0.18636560657380802,-0.16022825241088867,0.061947569251060486,-0.9851342439651489
4605,4605,1,0.9961528,264.4344360605755,35.58110549624919,732.8570377222904,0.7065588260029709,-0.3391572422293046,-0.21667487919330597,-0.1434023082256317,-0.9656540751457214
4606,4606,1,0.9973308,274.443207814015,34.47875810559634,771.9957711807298,0.7300923255698741,-0.48120098519712495,-0.22664479911327362,-0.1829196959733963,-0.9566465020179749
4607,4607,1,0.9942252,260.92847274422036,33.265357266675586,738.2364028019915,0.7527630650051852,-0.43499696268429083,-0.23622559010982513,-0.17339549958705902,-0.956102192401886
4608,4608,1,0.9951434,264.3839688209727,34.19711280865434,754.0346803899565,0.7857414686060684,-0.35339370412847065,-0.25989827513694763,-0.142637237906456,-0.9550432562828064
4609,4609,1,0.9955407,263.62582011269694,33.58592804869481,753.728566532162,0.7176056717625758,-0.3161108158094627,-0.21821650862693787,-0.12904092669487,-0.9673313498497009
4610,4610,1,0.99525934,266.99918562573123,34.54488812482081,762.1101401120198,0.518750335551876,-0.2088314169566042,-0.09244891256093979,-0.08830101042985916,-0.9917944073677063
4611,4611,1,0.99568945,270.92293638502787,34.1997499701932,765.7564735610698,0.2342915357853067,-0.04561011236062985,0.09916489571332932,-0.01919066347181797,-0.9948859214782715
4612,4612,1,0.99569905,280.4840492358689,33.89315017788839,785.3386266700389,-0.031238897536067584,0.17943811347375113,0.26174071431159973,0.07283366471529007,-0.9623861312866211
4613,4613,1,0.99857414,292.7778795556922,33.28243431457676,796.6564080065045,-0.31251962701346386,0.40528646566845034,0.41050347685813904,0.15602582693099976,-0.8984112739562988
4614,4614,1,0.9993624,293.1516663554299,32.946997191200694,775.1392553725892,-0.5476653248309374,0.5983832507584714,0.5352398157119751,0.22046059370040894,-0.8154234886169434
4615,4615,1,0.9976688,294.6636541199713,34.23447848601809,759.0865210412476,-0.7236455171934995,0.8279646903392592,0.6091666221618652,0.28684931993484497,-0.7393467426300049
4616,4616,1,0.99538225,315.0793590868721,36.80921192407279,795.8787701743003,-0.9228017743315291,0.9746640814387615,0.6429648995399475,0.3074132204055786,-0.7014936208724976
4617,4617,1,0.98558885,320.58040737610116,37.878219666124174,791.3140944208475,-0.9396932768398396,0.8787985677733713,0.6506615877151489,0.2793160378932953,-0.7061318159103394
4618,4618,1,0.9804946,321.73270305641836,38.858596412195986,779.1318430900136,-0.9538893604880211,0.8245292889259037,0.6620440483093262,0.2639696002006531,-0.7014397382736206
4619,4619,1,0.98738134,312.8177774409218,39.50801268104539,744.9440485615788,-0.9430788722666349,0.8278578902012029,0.6803715229034424,0.27009931206703186,-0.6812789440155029
4620,4620,1,0.9887483,317.9066541680647,40.52371840257987,749.2428786449287,-1.0352572010444352,0.8985131337714891,0.7003298997879028,0.2823210060596466,-0.6556165218353271
4621,4621,1,0.985545,316.5806482297932,41.73075907572455,740.9221251681498,-1.102559356923122,0.9830783735543268,0.7199686765670776,0.3003816306591034,-0.6256325244903564
4622,4622,1,0.99139386,317.8311709382412,43.12888706838087,740.8220668015001,-1.1752859642989228,1.0844684152412352,0.7335702776908875,0.32003042101860046,-0.5995458960533142
4623,4623,1,0.9886417,319.57356975412824,42.70076115757627,739.7072179718144,-1.273041217880627,1.2006524685513817,0.7501113414764404,0.3410554528236389,-0.5665810704231262
4624,4624,1,0.98898005,322.23237318813057,43.56938709308678,743.3642283544729,-1.3308478700688646,1.2757293851627882,0.7564018368721008,0.3527774512767792,-0.5508216023445129
4625,4625,1,0.99076676,319.0629495442963,44.11781059598534,737.8930135727695,-1.3332001611545379,1.3690332949535866,0.7553113698959351,0.3749958872795105,-0.5374781489372253
4626,4626,1,0.9888049,318.9289478283974,44.2505430969729,738.8704141401159,-1.3346981944142753,1.4068650732530947,0.7532203793525696,0.3835786283016205,-0.5343468189239502
4627,4627,1,0.99083567,323.8672571005083,44.93173387662978,751.9327780782145,-1.3669873834385577,1.4748345102431515,0.7496000528335571,0.394050270318985,-0.5318121314048767
4628,4628,1,0.9897641,328.5203588144744,45.05821205524817,763.4739338258164,-1.3728103806887657,1.511354231888218,0.7428708672523499,0.4007601737976074,-0.5362222194671631
4629,4629,1,0.99041325,331.08353875428634,45.87963273167841,771.718628731081,-1.2712380964116008,1.464771736327311,0.7192813158035278,0.40063294768333435,-0.5675629377365112
4630,4630,1,0.9885372,321.1158300513484,44.9924562918778,749.2825504004342,-1.1050270170943042,1.4375125691323503,0.6922317147254944,0.41781044006347656,-0.588429868221283
4631,4631,1,0.9888587,327.84077698377854,45.09905314738675,768.2906640885959,-1.085177133195455,1.5551083318955847,0.6684122681617737,0.44678202271461487,-0.5946518182754517
4632,4632,1,0.9906341,330.1059625271752,46.052383063952256,779.2622633458792,-0.9995604265755281,1.6428489105216955,0.6319400072097778,0.47673916816711426,-0.6110415458679199
4633,4633,1,0.9935915,331.660442649353,45.80470188509732,794.0674220350596,-0.8909008472762224,1.7507979306587473,0.58204585313797,0.5138200521469116,-0.6302472352981567
4634,4634,1,0.9946004,310.79618391297737,40.809475251845875,763.4495574369747,-0.46989539625160676,1.4503057050223347,0.45392903685569763,0.4997873902320862,-0.7376726865768433
4635,4635,1,0.99894625,302.2400881126844,38.59083640624084,771.3489329074796,0.05490939720782692,1.0178718979344221,0.16711345314979553,0.3938564360141754,-0.9038529992103577
4636,4636,1,0.99552107,301.34051340196356,40.42688300424216,794.4700154988358,0.43224318718384575,0.7852375471697018,-0.09310976415872574,0.28877827525138855,-0.9528576731681824
4637,4637,1,0.9983187,280.21922591600924,37.50867987688688,759.0367247999924,0.693767774876674,0.413214889408743,-0.2456112653017044,0.1454526036977768,-0.9583937525749207
4638,4638,1,0.9976077,273.2887376472576,37.55235782011735,749.417568705731,0.8593460286324994,0.03901690676342129,-0.3338429629802704,-0.004695509094744921,-0.9426170587539673
4639,4639,1,0.9975108,270.4828680613642,36.834844580097524,746.4472558977797,0.9210617593068128,-0.03118377772498007,-0.3650282621383667,-0.030999749898910522,-0.9304802417755127
4640,4640,1,0.99670714,273.7286243164469,36.632742124375994,757.863400141889,0.9373745830914292,-0.054185592295929,-0.37181732058525085,-0.03877956420183182,-0.927495539188385
4641,4641,1,0.9971687,279.46614328297886,36.923155523109074,775.7861413969484,0.9273805803197345,-0.07040992661886496,-0.3641439378261566,-0.04383812099695206,-0.9303104281425476
4642,4642,1,0.99727505,273.1240434395134,36.42242465577055,759.7389434318001,0.7701205699661295,-0.043519637371911564,-0.2720643877983093,-0.032340630888938904,-0.9617354273796082
4643,4643,1,0.9981268,277.63737667767475,36.383614657694686,768.5886228491964,0.5752042296119999,-0.055899870367886184,-0.14786596596240997,-0.03328903391957283,-0.9884470105171204
4644,4644,1,0.9975776,275.52288898395454,36.671671624682354,759.0835685080875,0.3973943497357453,0.0033177565744478966,-0.023429276421666145,-0.0071926843374967575,-0.999699592590332
4645,4645,1,0.9975305,284.0258687628425,36.7037787982651,771.066685987685,0.20539061572434794,0.050867977633396164,0.10077779740095139,0.01588929258286953,-0.9947820901870728
4646,4646,1,0.9979954,297.27574365796215,37.804982373473656,791.9286208482803,-0.019265984229988584,0.1326647671412307,0.23171798884868622,0.04964355006814003,-0.9715154767036438
4647,4647,1,0.99758554,299.89096970070835,38.08533759297578,789.3762942841553,-0.19213627066906672,0.21828468549748076,0.33779671788215637,0.0836123451590538,-0.9374979138374329
4648,4648,1,0.995736,296.9942972294081,36.121247965267344,775.7880300417636,-0.3040657841325103,0.2952743574936852,0.41156893968582153,0.11595200002193451,-0.9039724469184875
4649,4649,1,0.9972746,282.9007020870715,36.09037876889934,734.2965610632713,-0.2700013642498083,0.2656017047947514,0.4271828234195709,0.10955600440502167,-0.8975034356117249
4650,4650,1,0.9959085,282.9271026145479,37.102080846399794,730.8516665843246,-0.2739840351267494,0.32185822122211744,0.4312686026096344,0.13059823215007782,-0.8927213549613953
4651,4651,1,0.99138665,277.76379625261853,37.14428681710442,717.9886393410833,-0.26643689772728707,0.29529769440211195,0.4391125738620758,0.12175141274929047,-0.8901442289352417
4652,4652,1,0.98774046,290.93598963318954,38.470707370225824,747.9456194935434,-0.33151568410579124,0.3318810591689447,0.4466800391674042,0.12988147139549255,-0.8852161765098572
4653,4653,1,0.9867073,293.31703098266155,39.021192526858194,754.2494170118006,-0.3415247705736778,0.41133960866946484,0.4463304281234741,0.15811578929424286,-0.8807885646820068
4654,4654,1,0.9893426,290.1993113935004,38.941346065079124,747.4069606592102,-0.34011933424579494,0.46716459449004333,0.4517247974872589,0.18022876977920532,-0.8737632632255554
4655,4655,1,0.9952933,296.69551158699795,38.846025506640196,767.0439948061876,-0.36341213809738127,0.5199464340239256,0.44743600487709045,0.19583316147327423,-0.8726112246513367
4656,4656,1,0.99071383,290.58581846094165,40.175120574664945,755.7522704307399,-0.3139625167674137,0.607440894118065,0.43092554807662964,0.2303590178489685,-0.8724895119667053
4657,4657,1,0.9920655,287.7769806325509,41.05251888091381,751.8798045297563,-0.2817506762359487,0.6486974245732761,0.4168459475040436,0.24677486717700958,-0.8748380541801453
4658,4658,1,0.99286,289.01535876672847,41.4943284230746,757.2382462471932,-0.2756646612979341,0.6345013699072272,0.4098735451698303,0.23986473679542542,-0.8800389766693115
4659,4659,1,0.99345946,286.94603994859705,42.08394502140441,753.5959125930577,-0.25723474884912906,0.6692471975654318,0.40249666571617126,0.25372499227523804,-0.8795567154884338
4660,4660,1,0.99262494,291.792441628811,43.026145092695515,765.4406288450108,-0.2984675489893544,0.7602539736306514,0.4134296774864197,0.2813815176486969,-0.865967869758606
4661,4661,1,0.99737084,294.8235917968439,43.76266739082802,771.5087587364156,-0.3299131896916252,0.8601400178598025,0.42223846912384033,0.3130430281162262,-0.8507165908813477
4662,4662,1,0.99796873,303.9604542002084,46.34438385057728,792.4090017353138,-0.40367504648133484,1.0094755932319652,0.4384760856628418,0.35081881284713745,-0.827444851398468
4663,4663,1,0.9967474,316.8687715144595,49.05873025116591,817.4138472864311,-0.47813683125488265,1.184814157233104,0.4466533958911896,0.3919925093650818,-0.8042652606964111
4664,4664,1,0.99132264,317.72613255967485,51.28462293040908,808.5602704985525,-0.48802900534856297,1.2990737299851818,0.44951388239860535,0.4272628128528595,-0.7844640016555786
4665,4665,1,0.9950187,319.15918109019236,53.34561347617048,805.43346568364,-0.4927401795665976,1.4140177170381432,0.44629427790641785,0.4603959619998932,-0.7673702239990234
4666,4666,1,0.992243,315.3404938277045,55.558524541249824,795.4064770402728,-0.49529863519774336,1.4820826792236048,0.45159202814102173,0.4808777868747711,-0.7515459060668945
4667,4667,1,0.9955503,323.87063259962173,56.471888507537706,816.0094707028969,-0.532383736097107,1.597276829925926,0.44735971093177795,0.5016542077064514,-0.7404136657714844
4668,4668,1,0.9959859,334.655340191836,57.465867911480395,842.1671854278297,-0.591313895211486,1.7457696960494233,0.4472171664237976,0.5251252055168152,-0.7240444421768188
4669,4669,1,0.9951382,314.50163649771935,55.63221198598347,791.5670312721668,-0.5150878577116201,1.7005806037925857,0.44961169362068176,0.5394237041473389,-0.7119490504264832
4670,4670,1,0.99473554,307.41294697591496,53.224844071296125,772.327459997684,-0.48727002318958484,1.5938339516339566,0.45613598823547363,0.5225952863693237,-0.7203014492988586
4671,4671,1,0.99701846,308.28257319732654,51.378711743064,777.756488917079,-0.4590769192610928,1.4261037484560812,0.44949883222579956,0.47792577743530273,-0.7546772956848145
4672,4672,1,0.9941848,304.91048991514407,48.61212820748563,771.152230608271,-0.3786694755293101,1.2374999073331505,0.4238875210285187,0.4331263601779938,-0.7954375743865967
4673,4673,1,0.99720556,295.62712050394157,45.69082729321178,752.2042059099853,-0.2821444149401835,0.9378577690990395,0.4007566273212433,0.3486189544200897,-0.8472656011581421
4674,4674,1,0.99802643,297.5679260628162,43.742212051038685,758.6809841221556,-0.26413513560448226,0.7673747456740527,0.39046648144721985,0.2879142761230469,-0.874437689781189
4675,4675,1,0.996414,294.01680139306865,43.91855606583846,752.3044729643299,-0.2527631167093579,0.6790335448593561,0.3927364647388458,0.25668829679489136,-0.8831020593643188
4676,4676,1,0.9954963,297.5985185966081,42.58143868433521,766.5669788463274,-0.27375518415151767,0.6119473800225695,0.3958131670951843,0.22873669862747192,-0.8893882632255554
4677,4677,1,0.99687636,296.034534883435,39.94587377704426,767.3777270588386,-0.28466684894687755,0.6125831243371775,0.40307852625846863,0.2313683182001114,-0.8854357004165649
4678,4678,1,0.9961726,292.6665584308068,37.70218728552992,762.4367765545472,-0.3078613835151038,0.5900710825193679,0.4221703112125397,0.22569593787193298,-0.877971351146698
4679,4679,1,0.9947531,289.1971320751261,36.82488168829794,757.6628525455804,-0.32941178249520536,0.5672744255968318,0.4402512311935425,0.21821506321430206,-0.870954155921936
4680,4680,1,0.99535686,289.128168622064,35.65647159138451,758.8232951035908,-0.36374474725372324,0.5487706198015104,0.4584207236766815,0.21116137504577637,-0.8632851839065552
4681,4681,1,0.989165,280.83828372548936,36.29321105761993,734.5044765623834,-0.34532569928340173,0.4996433572903713,0.46996811032295227,0.19725069403648376,-0.8603615760803223
4682,4682,1,0.9941757,287.04645262421656,35.590707816757806,746.0463404688061,-0.39677459579754526,0.5361699478796311,0.48441535234451294,0.20787827670574188,-0.8497813940048218
4683,4683,1,0.9923597,301.279819002607,34.091122185389885,774.6071549258651,-0.47904868996141936,0.6424113464254263,0.4957744777202606,0.23908671736717224,-0.8348923325538635
4684,4684,1,0.9963523,298.33763826633543,33.59296505637922,760.2046635265606,-0.48262627017800447,0.6884318634789898,0.5062723159790039,0.2586422264575958,-0.8226740956306458
4685,4685,1,0.99720347,303.29984221582225,33.81273143862203,769.5079537272145,-0.5133840234375115,0.7944502017294758,0.5090492963790894,0.2912262976169586,-0.809972882270813
4686,4686,1,0.9975077,312.4148645575561,34.866911020802476,790.3986907548182,-0.5503258560823684,0.8967560821716152,0.5052247643470764,0.3170560300350189,-0.8026353120803833
4687,4687,1,0.99841523,313.2988849852991,35.096338710324396,797.0231248314211,-0.5788859786815733,0.9809617497780742,0.5114015936851501,0.33977779746055603,-0.7893158197402954
4688,4688,1,0.9983411,310.77680183179336,35.13765500693683,793.8004109000902,-0.5840676771389316,1.0314999505204383,0.515302836894989,0.3556616008281708,-0.7797229290008545
4689,4689,1,0.99843925,315.6097087756441,34.9182155829549,810.8573161708508,-0.6166918810171519,1.0569693252131775,0.5169070363044739,0.35660889744758606,-0.7782269716262817
4690,4690,1,0.9984302,315.21291887758844,34.655918664344505,811.0392959428183,-0.6386217975423664,1.0589548407475846,0.5264267325401306,0.35543349385261536,-0.7723612785339355
4691,4691,1,0.9982838,315.27839306041716,35.087930467304396,806.8424295392903,-0.6481324554877104,1.0739527657989056,0.5317490696907043,0.35999926924705505,-0.7665790915489197
4692,4692,1,0.99868506,310.1638050008506,35.735210633125604,793.6636972510179,-0.6339715713448789,1.1305947587422693,0.5333389639854431,0.3807646632194519,-0.7553594708442688
4693,4693,1,0.99784017,305.2461038220899,34.49687352767005,779.1398828789702,-0.6113930557162827,1.1846828826751326,0.5311593413352966,0.40408089756965637,-0.744706928730011
4694,4694,1,0.9984274,302.2907362955797,34.75429942900663,768.5671862446738,-0.6209937191987676,1.236512512303328,0.5396092534065247,0.4210916757583618,-0.7290429472923279
4695,4695,1,0.99806994,311.1016618792924,35.205209351807035,788.2489945025594,-0.677530169803363,1.293727274572773,0.5446712374687195,0.42646467685699463,-0.7221226692199707
4696,4696,1,0.99880624,320.55899340554055,35.11644837690208,809.1211950045896,-0.7378043521884857,1.3137769774120065,0.5517439842224121,0.42103350162506104,-0.7199370861053467
4697,4697,1,0.9986846,313.7070405201642,34.48340664988324,795.3305410378201,-0.6765891275558239,1.2250045517899006,0.5427189469337463,0.4057738482952118,-0.7353935837745667
4698,4698,1,0.99742377,312.84304198966475,34.31744996471457,793.5853428749747,-0.6507792288642936,1.1994065933311815,0.5347009897232056,0.40151169896125793,-0.7435612082481384
4699,4699,1,0.9971942,305.6195716659732,35.357730457087854,777.6340850057641,-0.6333865238302976,1.1787755128567885,0.5414182543754578,0.39977455139160156,-0.7396259903907776
4700,4700,1,0.9974872,291.76030537985645,35.392252713293146,745.0530691411119,-0.5312577583290309,1.1845338473492533,0.522398054599762,0.42057937383651733,-0.7417636513710022
4701,4701,1,0.99741095,300.97076439571714,36.3385332460042,776.9385880829054,-0.4960392986568986,1.2405398665248117,0.4810800850391388,0.43104875087738037,-0.7633865475654602
4702,4702,1,0.99572325,290.9014227070681,35.55806665995124,771.215682049416,-0.2809175168957931,1.1032872978359283,0.3884989321231842,0.4081757068634033,-0.8261120915412903
4703,4703,1,0.996496,282.23023862070727,37.246344327021205,774.9650619410186,-0.09057140614872503,0.9861764283967644,0.2880830764770508,0.3751819133758545,-0.8810486197471619
4704,4704,1,0.98303163,277.5662584645141,37.86905635024525,788.8531883430356,0.17909348780405285,0.7172754411223795,0.1169031485915184,0.274333119392395,-0.954502522945404
4705,4705,1,0.9935986,261.997269261335,38.30376336400164,766.8014350689706,0.4973095357948657,0.37401427848076085,-0.08322525024414062,0.13627617061138153,-0.9871687889099121
4706,4706,1,0.9953121,259.9833222900709,43.149357254555106,774.843000349783,0.8495195750872448,0.3117617549561529,-0.31197312474250793,0.09021270275115967,-0.9457982778549194
4707,4707,1,0.99514186,257.8021624908154,46.55682280240516,779.3101771398882,0.9508894560354814,0.2060387151767434,-0.3635607361793518,0.04272863641381264,-0.930590033531189
4708,4708,1,0.99413836,249.91567976918023,44.970134435510744,770.9515124882042,1.0282062881846263,0.13344367455937958,-0.39855819940567017,0.01665886864066124,-0.9169917702674866
4709,4709,1,0.997262,247.48348455188875,42.98593265893663,782.9873856886785,1.0348976667719902,0.09414029147212549,-0.3928222060203552,0.004838242661207914,-0.9196017384529114
4710,4710,1,0.9893561,243.89811329954367,41.304053929096916,776.2359094540066,1.0700450383814557,0.024759815731495393,-0.40774598717689514,-0.018115008249878883,-0.9129157066345215
4711,4711,1,0.9900711,247.7326555090103,40.13859978482744,791.758404288431,1.1218383741915956,-0.04192676852200929,-0.42769020795822144,-0.03954392299056053,-0.9030600190162659
4712,4712,1,0.9916059,247.70332075555268,40.80701736835051,794.4087305039797,1.1406279172574076,-0.028882875612148785,-0.4361577332019806,-0.036040905863046646,-0.8991482257843018
4713,4713,1,0.9925541,238.7266695010952,42.98119431217319,772.2227354018797,1.1261789614984867,-0.0224275481229324,-0.430927038192749,-0.03726186603307724,-0.901617169380188
4714,4714,1,0.9940247,243.618570751997,42.917638808813784,785.6352096313573,1.0890937286136664,-0.030275084715160647,-0.4106471538543701,-0.038876764476299286,-0.9109651446342468
4715,4715,1,0.9898936,247.29524231932314,41.29743729215382,796.512648153962,1.0571917814535934,-0.052290290873452994,-0.39237815141677856,-0.04359938204288483,-0.9187700748443604
4716,4716,1,0.99586475,248.4733768777953,41.24100029988155,799.3194205972401,1.0611835333938782,-0.06251648820869603,-0.39394333958625793,-0.04683966562151909,-0.9179404377937317
4717,4717,1,0.9945412,253.48366650751586,40.67051828228325,803.1600098407616,1.0270651388173762,-0.062082391063307145,-0.37981554865837097,-0.045471325516700745,-0.9239439368247986
4718,4718,1,0.99339986,260.95426200377506,40.78828781162374,815.6781305725831,0.9937641293460769,-0.07283838677115465,-0.3645273745059967,-0.04814904183149338,-0.929947018623352
4719,4719,1,0.9966306,259.1802497510409,40.48742983383314,800.8045807276334,0.9528685049140023,-0.0997496683466955,-0.34561750292778015,-0.05742871016263962,-0.9366164803504944
4720,4720,1,0.9959979,263.38326933759566,40.44383977155169,802.719399463124,0.9338659523698933,-0.09576063856923729,-0.3391193151473999,-0.05567577853798866,-0.9390944242477417
4721,4721,1,0.9973303,266.5576977770664,40.90231784712693,804.0169328227868,0.9030895067747525,-0.05775841327838975,-0.32664868235588074,-0.04281587153673172,-0.9441755414009094
4722,4722,1,0.9982436,262.82374860797364,40.38918060559778,786.7677315335727,0.78920308760446,-0.03724006398811798,-0.26310548186302185,-0.034347958862781525,-0.9641554355621338
4723,4723,1,0.99756765,271.24977504191986,40.19719346097355,796.4024515991559,0.5301276325015168,0.0010923022265762168,-0.10644401609897614,-0.015035498887300491,-0.9942050576210022
4724,4724,1,0.9910821,262.34474570699,40.57023785202447,757.6209935193955,0.2874321570644387,0.18171928980151733,0.07163475453853607,0.06184440106153488,-0.9955117702484131
4725,4725,1,0.9884748,272.80385545015514,41.12555234364464,767.837431233665,0.020962486154744525,0.388103371339793,0.24177289009094238,0.14668919146060944,-0.9591809511184692
4726,4726,1,0.99437886,283.3615321833467,42.75018177584706,780.3870721455381,-0.2321996551078178,0.6493241809958737,0.38042232394218445,0.23857027292251587,-0.8935117125511169
4727,4727,1,0.9979703,298.8877068046768,42.939064602849065,807.1209470216767,-0.5245132115589406,0.8956302382234641,0.4986630380153656,0.30293533205986023,-0.8121362328529358
4728,4728,1,0.99710315,295.91543054757165,44.406194366765284,787.0521042507677,-0.6209913564244582,0.9665490208691545,0.5508365035057068,0.3218410909175873,-0.7700633406639099
4729,4729,1,0.9963368,307.5797448236733,46.61619962762247,804.0093390448487,-0.6560488715914147,0.9053963199131952,0.5507943630218506,0.29530805349349976,-0.7806527614593506
4730,4730,1,0.9964896,304.1663135220262,46.26138196970462,786.6934489389183,-0.5863421614257048,0.8442806701966485,0.5338863134384155,0.28491121530532837,-0.7961099147796631
4731,4731,1,0.99738675,305.87182729038005,46.95728429180053,783.5331376773614,-0.5412293231730521,0.7916594205698606,0.515241801738739,0.27080798149108887,-0.8131352663040161
4732,4732,1,0.9972275,316.4629218891492,47.35326063825884,799.8155453142123,-0.5338153760364955,0.7925947781271163,0.49475377798080444,0.26862701773643494,-0.8264733552932739
4733,4733,1,0.99713457,309.7902856821923,46.89504724507898,773.4467548862962,-0.4710574114279513,0.7191535150665701,0.4848434627056122,0.25334176421165466,-0.8371050357818604
4734,4734,1,0.9981463,319.1978608596647,47.73927201081307,789.5698562838601,-0.49977049049470157,0.7293117009637772,0.48240360617637634,0.2516585886478424,-0.8390201330184937
4735,4735,1,0.9970763,307.21434627556107,47.98543202824461,753.3073629268706,-0.43076715898729967,0.6685122168446507,0.47814270853996277,0.2409251183271408,-0.8445913791656494
4736,4736,1,0.99596596,318.54179074821155,49.061575543230255,778.4427413529143,-0.46950273269028314,0.8627059388718743,0.46997687220573425,0.30086058378219604,-0.8298220634460449
4737,4737,1,0.9963057,312.9569117583713,49.49375056891311,766.2916408944844,-0.40029555771773384,0.8803805363638979,0.44467398524284363,0.31399092078208923,-0.8388532996177673
4738,4738,1,0.9962734,313.7668738248685,50.05636239771402,767.8799848653154,-0.3362186276585942,0.9449451165893534,0.4058930277824402,0.3399524688720703,-0.8483414649963379
4739,4739,1,0.9983931,311.573028946281,51.419997040984434,768.5320569052869,-0.19921649591272056,1.0642806481855627,0.3230549395084381,0.3885008692741394,-0.86296147108078
4740,4740,1,0.99646926,325.89008602040894,59.141607651839024,822.2387133266157,-0.12165493219421135,1.3254009958617066,0.23395226895809174,0.4493647515773773,-0.862170398235321
4741,4741,1,0.9946136,320.16016056520516,68.21490673261273,823.4064765981744,0.05954803352521722,1.550342822375724,0.12053358554840088,0.5143616795539856,-0.8490604758262634
4742,4742,1,0.993763,316.60792546220705,75.76138333691358,828.762451435089,0.21588992576837845,1.7266569296184668,0.021080177277326584,0.5555097460746765,-0.8312427997589111
4743,4743,1,0.99788123,297.4371572591634,79.29253535430054,793.8021218241441,0.38377235502921847,1.6958821208485355,-0.06455456465482712,0.5584233403205872,-0.8270405530929565
4744,4744,1,0.99754,287.5196816267922,80.11092433967322,775.8924926876085,0.5117179665079445,1.7548336908264086,-0.13782210648059845,0.5774939060211182,-0.8046775460243225
4745,4745,1,0.9979373,270.16023554447077,77.31747248238824,738.25810477995,0.6569562679806391,1.7608838245068652,-0.21670709550380707,0.5920957326889038,-0.7761833667755127
4746,4746,1,0.9947766,271.94708162202386,79.43397757223016,753.618998313572,0.7106151734142245,1.8060954497925252,-0.24843762814998627,0.5874646306037903,-0.7701714634895325
4747,4747,1,0.99374914,263.35883338972934,79.58148941749114,739.2324527364202,0.7248386509745999,1.742559985351746,-0.25222915410995483,0.5777353048324585,-0.7762746810913086
4748,4748,1,0.9915275,263.76009695079296,84.37866584956343,744.5637851272153,0.7172336852668432,1.7278627662385755,-0.2478177547454834,0.5672834515571594,-0.7853508591651917
4749,4749,1,0.9913395,273.1093946791519,89.04620141205571,766.9053066544798,0.7278044628032095,1.794656280041215,-0.25904223322868347,0.5668036937713623,-0.7820682525634766
4750,4750,1,0.99190485,274.4526397117194,89.84745988354756,774.2898390203442,0.7444355227299139,1.8791652749167482,-0.26674216985702515,0.5827982425689697,-0.767590343952179
4751,4751,1,0.99000657,274.94728807460984,89.44360577366525,778.5446804607656,0.7452203922328671,1.9481795902037649,-0.2648299038410187,0.5985729098320007,-0.7560262680053711
4752,4752,1,0.9907781,281.27104574244527,91.64893413033458,794.0409585294137,0.7344101480963124,2.0695860360522156,-0.2590775191783905,0.6188284754753113,-0.7415728569030762
4753,4753,1,0.9919023,274.1424697553151,89.65011315359425,772.1889347444549,0.7510324486452097,2.141542933439124,-0.26316702365875244,0.6479548215866089,-0.7147710919380188
4754,4754,1,0.99327093,280.4675059972922,92.27373545842875,792.1655341874742,0.7265696571269669,2.2509676711021855,-0.2492225617170334,0.6617256999015808,-0.7071118950843811
4755,4755,1,0.99412125,277.8955679696697,92.53839085416159,791.259585254154,0.7095736306799695,2.2181094926994396,-0.2381397932767868,0.6573159694671631,-0.7150002121925354
4756,4756,1,0.9946938,270.980560098121,89.90605607940249,776.3911537451237,0.679312376610023,2.0870036302634536,-0.2187892347574234,0.6418316960334778,-0.7349717020988464
4757,4757,1,0.99464875,271.3110138808001,89.68751300587718,776.420258630278,0.656172987441889,1.9699645431257655,-0.20773853361606598,0.6158109307289124,-0.7600142955780029
4758,4758,1,0.9938904,271.4500409450064,89.68932333776888,780.4965968212018,0.6495600374746083,1.8953150776236578,-0.2044469565153122,0.5949221849441528,-0.7773475050926208
4759,4759,1,0.9942561,268.1267535473111,88.64657956050956,765.9620860633217,0.6283416391998697,1.7810697081940865,-0.1916656494140625,0.5755283832550049,-0.7950040698051453
4760,4760,1,0.9949301,277.08167942515036,90.93315413607756,793.7076471661412,0.6170033794402688,1.751757505707513,-0.19059741497039795,0.5496384501457214,-0.8133696913719177
4761,4761,1,0.9946596,271.4756071102199,90.15954798024002,779.2651490103227,0.6669065360985099,1.6946980407578327,-0.21877825260162354,0.5376540422439575,-0.8142876029014587
4762,4762,1,0.9944512,265.97590597113725,87.86307977278632,761.7478255583719,0.672146929355935,1.6154582022361121,-0.22027723491191864,0.5259484052658081,-0.8214963674545288
4763,4763,1,0.9948183,264.52062613758784,88.226309931655,754.0081848909995,0.660163943284924,1.566328445535587,-0.2131997048854828,0.5161506533622742,-0.8295387029647827
4764,4764,1,0.99461395,263.6457828253784,88.31388529136096,749.7441670401778,0.6479655977522691,1.5213394412387866,-0.2055424451828003,0.5054954290390015,-0.8379896283149719
4765,4765,1,0.99500567,268.53311853422673,89.2148324914133,765.2702936072887,0.6506309073424814,1.5539244842420734,-0.20964768528938293,0.5054851174354553,-0.8369783163070679
4766,4766,1,0.99513197,272.52089225484576,90.48534157620247,769.8900299328014,0.6557138845312336,1.5982174049027726,-0.21641886234283447,0.5144886374473572,-0.8297374844551086
4767,4767,1,0.99534225,280.00758890974527,91.61194247309747,793.571093745922,0.6481321722074443,1.6782718901720086,-0.21443502604961395,0.5245056748390198,-0.8239608407020569
4768,4768,1,0.9950128,271.7694226964604,90.96413727312715,765.927952035237,0.6390887644422948,1.6443319397431209,-0.2051597386598587,0.5320781469345093,-0.8214635848999023
4769,4769,1,0.99519736,266.0160182431855,88.38705389486051,752.3072988127578,0.6500493858694336,1.627093359351015,-0.20803165435791016,0.5365932583808899,-0.8177961111068726
4770,4770,1,0.99561465,268.41942319316007,89.0882321336279,755.9904811930073,0.6457211811618203,1.6822336638328839,-0.20669886469841003,0.5505422949790955,-0.808813214302063
4771,4771,1,0.9948337,266.41864830992085,88.06682516087274,752.9987083876135,0.6623804970739904,1.7145820400146234,-0.21499916911125183,0.5612123012542725,-0.7992597818374634
4772,4772,1,0.99481803,271.5110902799417,89.11260402306043,766.0183431762115,0.6513855403820095,1.7742111831084981,-0.21051546931266785,0.5703592300415039,-0.7939607501029968
4773,4773,1,0.99461126,268.8590446989694,88.15283602679774,756.9659964350816,0.629132194007836,1.8059591847264798,-0.19434133172035217,0.5878911018371582,-0.7852486968040466
4774,4774,1,0.99405766,265.65672325070085,87.32754180740676,752.2363124344012,0.5943848393199446,1.8425565867618263,-0.16824732720851898,0.6051732301712036,-0.77811199426651
4775,4775,1,0.99440163,272.7321648103605,89.42250928549657,770.1894646963814,0.550373288275772,1.9460907436485293,-0.14496855437755585,0.6232225298881531,-0.7684906721115112
4776,4776,1,0.9924194,277.2252029823474,92.88931164240161,784.2197537272446,0.5293008025925816,2.0320988406698905,-0.13483671844005585,0.6352620720863342,-0.7604349255561829
4777,4777,1,0.99184155,276.5165014222435,92.14593708976831,782.9814256321355,0.47439430601851823,2.021449029934939,-0.09967688471078873,0.637823224067688,-0.7637054920196533
4778,4778,1,0.99224514,270.1242637594054,90.15732840716639,763.2782794872942,0.46203312829126947,1.9705736670883198,-0.08563534170389175,0.6395441889762878,-0.7639697790145874
4779,4779,1,0.99130744,280.819940753809,93.81873677970475,794.1691591716726,0.4616051471196602,2.0578511581260774,-0.09579785913228989,0.6394755244255066,-0.7628196477890015
4780,4780,1,0.9865841,284.91752911011895,90.06258648650048,809.1038785754317,0.5063857804694238,2.0305410383401186,-0.1264684647321701,0.623645007610321,-0.7714095115661621
4781,4781,1,0.99614584,262.60370999555283,82.30750269128748,746.8877401229443,0.6586976440577662,1.6234557418216922,-0.2098240703344345,0.5437710881233215,-0.812580406665802
4782,4782,1,0.9984503,263.2194805164472,73.52185818165613,757.5453947489374,0.7997415741091265,1.3381433331166084,-0.3006289601325989,0.43980714678764343,-0.8462812304496765
4783,4783,1,0.99325013,266.23876410755963,63.91537703722209,769.5640596362972,0.9302936120542988,1.0235561847334729,-0.37861454486846924,0.32214683294296265,-0.8676822185516357
4784,4784,1,0.99606836,273.9047487068718,58.99616980533813,783.2058245212985,1.056602260655264,0.7313074277001544,-0.4466329514980316,0.20848719775676727,-0.8700873851776123
4785,4785,1,0.9955291,273.49565891185955,56.16852795986211,781.9934787214269,1.108158102552239,0.45606638673358046,-0.46742406487464905,0.1125546395778656,-0.876838743686676
4786,4786,1,0.99513334,275.3482584090229,56.10318348637844,787.206422803593,1.1272924863223668,0.22457742426489413,-0.46870437264442444,0.031765397638082504,-0.8827837705612183
4787,4787,1,0.9965354,269.8776403413928,52.82369139398142,775.9402956439003,1.1437450309907906,0.04268297891434781,-0.46942317485809326,-0.026202455163002014,-0.8825845122337341
4788,4788,1,0.9927832,266.68484096945144,48.128102794374065,768.5907444293903,1.135875297682091,-0.026170537379550596,-0.46319982409477234,-0.044174496084451675,-0.8851523399353027
4789,4789,1,0.99258184,262.57880020850996,43.85852673139497,761.383055067423,1.1244547607268063,-0.08175720194798285,-0.454754114151001,-0.05840610712766647,-0.8886998891830444
4790,4790,1,0.989389,252.54475567220052,43.231518999889886,726.6265700753928,1.064481775630719,-0.1295690170439283,-0.4288617670536041,-0.07712438702583313,-0.900071918964386
4791,4791,1,0.9927769,253.49440065084593,42.61475584855671,727.7348318494819,0.9650011147473444,-0.1579799520259136,-0.3732963502407074,-0.08663724362850189,-0.9236578345298767
4792,4792,1,0.9942516,256.3706204669457,41.535827407147345,729.0156736427016,0.7769230579825785,-0.17641619169242956,-0.26066434383392334,-0.09170995652675629,-0.9610636830329895
4793,4793,1,0.9956298,273.6852219475376,42.35664014020147,770.5429779627347,0.5087831214428584,-0.1527453013689654,-0.0946495458483696,-0.07638683170080185,-0.9925756454467773
4794,4794,1,0.995784,275.3196527103283,44.151663834066255,754.2189853063168,0.24839289274377765,-0.14905351023780836,0.08535395562648773,-0.07363127171993256,-0.9936262369155884
4795,4795,1,0.99757785,276.66469872760325,46.11671470790704,737.6225380550001,-0.006937043563704133,-0.12908906865258304,0.26443347334861755,-0.06247813254594803,-0.9623779654502869
4796,4796,1,0.9981047,304.73155483375575,46.14519875479675,794.1127976899865,-0.31601456737907857,-0.09045906085507012,0.39770668745040894,-0.0359141081571579,-0.9168094992637634
4797,4797,1,0.9980598,307.46683879343504,47.321058174554516,794.4760802150282,-0.4668307299916621,0.0004501082651690306,0.47436922788619995,-0.002301751635968685,-0.8803229928016663
4798,4798,1,0.9961486,307.34387924130493,48.34716078599727,784.6901173602695,-0.48145443711775016,-0.16172588775677527,0.4820808172225952,-0.05792534723877907,-0.8742098212242126
4799,4799,1,0.9949169,312.6234921947867,49.00149107959237,794.8224996216558,-0.5354472741028533,-0.14726184478860602,0.49827340245246887,-0.05164313688874245,-0.8654806017875671
4800,4800,1,0.99490166,311.10094705766,49.45207795004171,787.7416492288822,-0.529702541669436,-0.15880175372383373,0.5000247359275818,-0.05645269528031349,-0.864169180393219
4801,4801,1,0.9931734,307.6758754053463,49.74342232145957,778.8408681985542,-0.5268875504807496,-0.09171534256007603,0.5080698728561401,-0.03497445955872536,-0.8606054782867432
4802,4802,1,0.9934982,308.80327695858847,50.17609362439216,777.6944146721329,-0.5454000862046533,0.04995434133272983,0.5197202563285828,0.012765097431838512,-0.854241132736206
4803,4803,1,0.99478614,312.1005925640927,50.71269889021092,785.4519107865699,-0.5421277665339047,0.2832638520394855,0.5146827697753906,0.09202367067337036,-0.8524278402328491
4804,4804,1,0.99584156,317.86309359344546,51.087730583634645,799.990958097828,-0.548001417055,0.41845389887721324,0.5054693222045898,0.136818528175354,-0.8519280552864075
4805,4805,1,0.99674016,316.3453341848637,52.577971362048096,796.9539232055316,-0.5313246201134502,0.43469236287467017,0.5005950331687927,0.14134974777698517,-0.8540637493133545
4806,4806,1,0.9964813,320.9626750179936,52.86518490892674,809.5744673849381,-0.5362173803873733,0.2915534167397213,0.492328017950058,0.09071090072393417,-0.8656700253486633
4807,4807,1,0.99593437,320.8263264882806,53.902720040280975,812.0650143847165,-0.515820154911926,0.22000355391288384,0.4810419976711273,0.06503117084503174,-0.8742823600769043
4808,4808,1,0.99362636,327.9476377131401,54.82857528997395,831.6824527686945,-0.5419667008637048,0.14558468595614463,0.4769028425216675,0.03839327394962311,-0.8781171441078186
4809,4809,1,0.9936836,321.19068126744537,55.019558848892636,815.5205393658106,-0.5102820098651564,0.08403747671709001,0.4745514690876007,0.017696499824523926,-0.8800498843193054
4810,4810,1,0.9948873,331.12429053324576,55.995791566834384,844.1585575166251,-0.5816406198065677,0.0012787544924696389,0.48399817943573,-0.009176090359687805,-0.8750209212303162
4811,4811,1,0.9941531,320.7804835755405,55.39988164083356,818.5316291036489,-0.5756810199634318,-0.1522805967585262,0.4979232847690582,-0.05797256901860237,-0.8652812838554382
4812,4812,1,0.9953827,330.11181470307355,55.8941103414413,841.0899996014344,-0.6407861210470798,-0.1503156820916967,0.5082347989082336,-0.054805442690849304,-0.8594729900360107
4813,4813,1,0.99648726,332.5786643195588,56.501513393431566,849.9507354780984,-0.6014522730691922,0.014818693411944205,0.48924246430397034,-0.005004403181374073,-0.8721334934234619
4814,4814,1,0.99636155,328.9157061557657,58.34671300097009,844.9447916391091,-0.4297053640348599,0.36752116222088,0.4170990586280823,0.10782375186681747,-0.9024425148963928
4815,4815,1,0.997841,331.940606027777,62.84505591517537,857.4939988476102,-0.30697924541393556,0.6378108589537951,0.3426114022731781,0.19533097743988037,-0.9189468026161194
4816,4816,1,0.9980015,330.3593687148088,69.59262894080997,868.8377449185995,-0.15671796595665002,0.9496862530791704,0.24961477518081665,0.2949437201023102,-0.9223343729972839
4817,4817,1,0.9976197,311.8631069824105,75.0623413646119,836.2173390033946,0.01792251547648342,1.2432493556596562,0.1641780436038971,0.4028658866882324,-0.9004135727882385
4818,4818,1,0.99853265,300.56011207574574,81.01210738598138,817.7356067144705,0.1823115510407447,1.525993771956404,0.06692150235176086,0.49782079458236694,-0.8646941781044006
4819,4819,1,0.99546355,290.5904850352505,84.09407601537265,800.2105067471489,0.3040899456338439,1.546919583480652,-0.0012670928845182061,0.5089712142944336,-0.8607826828956604
4820,4820,1,0.9964897,281.8670127001263,85.71015888044131,781.1342746473487,0.3656294577926826,1.4770013196010303,-0.03143911436200142,0.49393099546432495,-0.8689325451850891
4821,4821,1,0.9959033,273.9917254868933,84.19044716762993,759.1935775780198,0.4071794095914567,1.2565386419343745,-0.048788171261548996,0.4303954243659973,-0.9013209939002991
4822,4822,1,0.9957333,280.6482363463089,83.60354149196571,781.2212169049945,0.5239134665370124,1.0019794168498986,-0.13579393923282623,0.31973278522491455,-0.9377264380455017
4823,4823,1,0.9806902,263.49427511421476,80.73804327732368,739.3457722071556,0.555947907891187,0.5869574151522768,-0.13713233172893524,0.16962774097919464,-0.9759206175804138
4824,4824,1,0.979672,266.15409323660725,82.805316326278,749.4702474959394,0.6248111755328637,0.19298294756590514,-0.1783653050661087,0.0002548110787756741,-0.9839642643928528
4825,4825,1,0.982961,264.0829632240536,82.97339469871075,758.4586903730939,0.5482084056154422,-0.0664838842342531,-0.11272700875997543,-0.09911659359931946,-0.9886701107025146
4826,4826,1,0.979365,266.8103829731465,84.63851988882202,772.3966553680303,0.5598196655215225,0.09341424352624837,-0.12666064500808716,-0.03931768611073494,-0.9911665916442871
4827,4827,1,0.98598206,267.6388258879137,82.9570977754127,780.8671902689342,0.3656742525643059,0.4410340386949011,0.0030901783611625433,0.10491019487380981,-0.994476854801178
4828,4828,1,0.9842151,262.7183507552716,81.02899444682788,769.055685115713,0.1795987398350635,0.7590451332385123,0.14083586633205414,0.24210236966609955,-0.9599748849868774
4829,4829,1,0.9911652,256.6598635976481,78.67389099220178,750.6659387933637,-0.13455824355093904,1.2075644839627655,0.35226404666900635,0.4114900231361389,-0.8405867218971252
4830,4830,1,0.9948579,267.7989183025638,74.74945221990585,768.0550127671689,-0.37522046352406074,1.3382266047825726,0.4601917266845703,0.43238767981529236,-0.7754124402999878
4831,4831,1,0.9898074,272.7636633733003,65.17699047930161,754.5680829830322,-0.451676207013461,0.9822822539131851,0.5137221813201904,0.3242766261100769,-0.7943137288093567
4832,4832,1,0.994175,277.5488630026927,58.38073207180499,751.9083540837206,-0.4789191447451944,0.7159924772447562,0.530475914478302,0.23910745978355408,-0.8132790923118591
4833,4833,1,0.9924293,281.4631720781356,52.67908173937835,748.9417954996519,-0.4735803542069251,0.41463845384179926,0.5289345979690552,0.13928069174289703,-0.8371554017066956
4834,4834,1,0.9861913,285.48570429627785,50.451095323814606,750.1387925786375,-0.4659601144115472,0.17241973016464088,0.5194402933120728,0.05490221083164215,-0.8527412414550781
4835,4835,1,0.9934576,294.48158409085465,49.58852964637126,769.1906757985472,-0.4778077353741138,0.04823066393921111,0.5048938989639282,0.011750884354114532,-0.8631014227867126
4836,4836,1,0.99296135,297.19670574546814,48.028294071882385,770.3533274062601,-0.4858478552201811,-0.12587334147240747,0.5012845396995544,-0.045853082090616226,-0.8640667796134949
4837,4837,1,0.9863804,297.1075011667289,47.86095679869917,765.144032258641,-0.46512434254186275,-0.22683983629827503,0.49082663655281067,-0.08066005259752274,-0.867515504360199
4838,4838,1,0.98724556,297.79256983646957,48.46236929049474,762.3602389634235,-0.45651645128578083,-0.1858871330367294,0.4888356626033783,-0.06819158792495728,-0.8697066307067871
4839,4839,1,0.9915583,302.62510819652704,49.08201641319548,774.7577092092966,-0.45464708182747815,-0.10387502155412161,0.4798901081085205,-0.04057784751057625,-0.876389741897583
4840,4840,1,0.9910353,302.13525931479035,49.585256692533015,771.2382625552659,-0.34529485659929915,0.1291624168450551,0.4305579662322998,0.038812305778265,-0.901728093624115
4841,4841,1,0.9920941,297.7640483026367,52.06373351508196,762.7086846739713,-0.18438772623752447,0.4528939705509443,0.3466244339942932,0.1592024266719818,-0.924394965171814
4842,4842,1,0.99756336,305.82351448447696,59.012387886461454,797.7114391352625,-0.07027533281703925,0.7744810832597954,0.24761150777339935,0.2672543227672577,-0.9312699437141418
4843,4843,1,0.9981427,299.4960153170497,66.8855171682754,804.7808589975457,0.07969762584386689,1.1169981679142098,0.14718219637870789,0.3824029862880707,-0.9121981263160706
4844,4844,1,0.9978561,290.2253313402708,73.7582980491752,804.7392928601915,0.2044090521229967,1.406976162327004,0.06847912073135376,0.47353827953338623,-0.8781071305274963
4845,4845,1,0.99812835,281.8714008140118,78.19504604997091,794.3140167320743,0.3159534596811889,1.4588697284444687,0.0031764130108058453,0.48970741033554077,-0.8718810677528381
4846,4846,1,0.9964365,280.4263253040692,79.99205282569734,795.3221776361619,0.39147733394887607,1.4777156669661808,-0.04649791494011879,0.4909069240093231,-0.8699703812599182
4847,4847,1,0.9974946,279.2235586681254,81.24655297674238,791.4990262460547,0.4039672991447439,1.478197773551919,-0.05367974191904068,0.4914324879646301,-0.8692598342895508
4848,4848,1,0.99681807,285.59144804849126,83.89228070315636,812.1755369255649,0.3805219216006203,1.520295627220255,-0.04536890611052513,0.491792231798172,-0.8695297837257385
4849,4849,1,0.9953999,280.17914002012213,84.65794004319326,798.9311049090023,0.38183129385754594,1.511390362724718,-0.03996134549379349,0.4955331087112427,-0.867669403553009
4850,4850,1,0.9951923,279.0275516633763,84.96185753634352,795.2159792825205,0.3799014641641373,1.5230630672009373,-0.03747841343283653,0.5010873079299927,-0.8645848631858826
4851,4851,1,0.9947379,284.7586933827126,86.79383076334953,810.754490228586,0.3804710009836859,1.5931941980238364,-0.04513369873166084,0.5123794078826904,-0.8575723767280579
4852,4852,1,0.9944148,284.8642202467158,86.3427986029641,814.0888016578579,0.3867778191999176,1.648076740425445,-0.049698784947395325,0.5271778702735901,-0.8483003973960876
4853,4853,1,0.9940162,288.5140213818386,86.860556363311,822.8573979104032,0.3858430828232402,1.7014745882224909,-0.053524814546108246,0.5374142527580261,-0.8416181206703186
4854,4854,1,0.9936668,285.97863474026485,86.8110029011297,816.3456297339268,0.40166075205918694,1.7129059054385751,-0.061071690171957016,0.5437360405921936,-0.8370313048362732
4855,4855,1,0.9921421,279.8304161152689,85.95389826537934,800.6325113057406,0.40831494980391997,1.687978090325331,-0.05861394479870796,0.5460308194160461,-0.8357121348381042
4856,4856,1,0.9904524,281.0834195022717,86.00675130644709,801.6477733586834,0.37967171745432343,1.6718554733397708,-0.0411437563598156,0.5418765544891357,-0.8394504189491272
4857,4857,1,0.99092346,283.35414014258623,85.84061719203538,809.459498463678,0.3423209522339601,1.6390224647923006,-0.018758809193968773,0.5291975736618042,-0.8482912182807922
4858,4858,1,0.99169487,281.8742447121942,85.78230636969556,804.6682527762747,0.3165746937996073,1.5943892379590938,0.000697210431098938,0.5192192792892456,-0.854640781879425
4859,4859,1,0.99256223,277.92862108066697,84.67342995282483,794.221708568177,0.2983810160795653,1.5442316621297725,0.018824759870767593,0.510994553565979,-0.8593778014183044
4860,4860,1,0.9938192,281.863815305862,85.02930813488727,807.8547939640102,0.271939985602909,1.5511105207475722,0.031105052679777145,0.5057613849639893,-0.8621125221252441
4861,4861,1,0.99438196,282.5916661299015,84.88466104790068,810.3578649868674,0.26229242976013634,1.571754634129681,0.03612424060702324,0.511041522026062,-0.8587965965270996
4862,4862,1,0.9943104,279.76065100112606,83.75978392459209,801.8856728580146,0.27272638915234737,1.5746612511084477,0.03297412768006325,0.5174595713615417,-0.8550721406936646
4863,4863,1,0.99408406,284.01976349506543,84.84456055004307,815.9962282166925,0.2902192397416728,1.634885863153259,0.014694697223603725,0.5265815854072571,-0.8499975800514221
4864,4864,1,0.9933435,280.34835096389116,84.5547086344122,801.5032193349376,0.318596167699829,1.6467446563926542,0.0004989720182493329,0.5378267168998718,-0.843055248260498
4865,4865,1,0.9923394,286.4660529355931,85.16208308516975,818.0016387505179,0.3284711165922492,1.6978828329468203,-0.014126903377473354,0.5426844954490662,-0.8398178219795227
4866,4866,1,0.99291575,281.73029592627523,84.10224373377353,805.2202966358897,0.38144358510258713,1.6385949319309585,-0.042601145803928375,0.5316154956817627,-0.8459137678146362
4867,4867,1,0.9936194,272.5925812902255,82.49247378482448,780.9804676765822,0.43226927816900773,1.5396706536745042,-0.06563546508550644,0.514567494392395,-0.8549340963363647
4868,4868,1,0.9928806,270.56582029759664,80.007871102035,775.7947903671051,0.47761068963256265,1.4947063813274237,-0.09401972591876984,0.5032557845115662,-0.8590075373649597
4869,4869,1,0.9927947,270.2454891298039,79.0400087400076,773.2715825640943,0.4870012617952008,1.482470853893979,-0.10018820315599442,0.5011439919471741,-0.8595446944236755
4870,4870,1,0.9948527,265.36829505046694,77.8896185103202,758.4116795791647,0.4243841969790511,1.409053115882019,-0.05089657008647919,0.49022161960601807,-0.8701105117797852
4871,4871,1,0.996274,261.00217701496973,73.80872901547879,739.6850192268683,0.23186584183034312,1.1964628302004232,0.09943616390228271,0.4342241883277893,-0.8952997922897339
4872,4872,1,0.99208367,274.7828764673506,66.69134448254296,761.223516601215,0.006651216919899055,0.9004797385451648,0.24407276511192322,0.3176332414150238,-0.9162628650665283
4873,4873,1,0.9976509,291.2334708334364,57.87994035369196,788.2470519350741,-0.14242960808221256,0.6463029278279084,0.3161853849887848,0.22041399776935577,-0.9227374792098999
4874,4874,1,0.99602246,299.4893279040404,54.641639910300256,794.1472610584296,-0.264012738481035,0.445001543771958,0.37892210483551025,0.14642290771007538,-0.9137715101242065
4875,4875,1,0.995291,305.6415891529545,52.96840442110354,802.5964568097938,-0.36126650416706163,0.23553116137552715,0.4220884442329407,0.07130679488182068,-0.9037458896636963
4876,4876,1,0.9978662,304.5621256132236,49.19047315923283,793.9345896952423,-0.4384280977634348,0.061492319540264996,0.46453148126602173,0.015896208584308624,-0.8854139447212219
4877,4877,1,0.9976599,316.1512233475283,47.96331786935315,821.4608512547516,-0.5028016418810909,-0.010343770647974667,0.47080448269844055,-0.005808372516185045,-0.8822184801101685
4878,4878,1,0.9966079,309.9544575714738,47.34785049807524,803.5189800597018,-0.4569838409004177,-0.0853901876970574,0.46105486154556274,-0.031348373740911484,-0.8868177533149719
4879,4879,1,0.9963469,317.09880262606964,46.343769922609276,816.9322282548342,-0.45088680451976626,-0.08985422337532523,0.44530248641967773,-0.031539399176836014,-0.8948245048522949
4880,4880,1,0.9949005,319.83754664251705,46.51308927685284,821.0925565070725,-0.4565272395077059,-0.1438264147353581,0.4423866868019104,-0.04916829988360405,-0.8954755663871765
4881,4881,1,0.9939575,314.70758749514044,48.78436954990875,808.1684010792386,-0.409701157311261,-0.21182853996601578,0.42770615220069885,-0.07626960426568985,-0.9006943702697754
4882,4882,1,0.9957474,311.5351837883596,48.19626512966881,796.6760627247962,-0.38088515123875777,-0.23569955579116234,0.42042335867881775,-0.08543674647808075,-0.9032966494560242
4883,4883,1,0.9950045,311.3908478167868,47.63701382098202,794.1777393729238,-0.36575705624010846,-0.21554092020974272,0.414415180683136,-0.07887398451566696,-0.9066635966300964
4884,4884,1,0.99486876,309.78329976236995,48.50238887548295,787.3678955266936,-0.37388422304959273,-0.25610306994387627,0.4219854176044464,-0.09366878867149353,-0.9017508029937744
4885,4885,1,0.9953048,311.35173921205376,48.22946179183639,787.1431293735892,-0.3928820509591181,-0.20750049022796566,0.4318886697292328,-0.07638680189847946,-0.8986863493919373
4886,4886,1,0.9942622,309.79868122163117,48.189418090831374,781.7429336022984,-0.4001969940821355,-0.2505979654688687,0.43826013803482056,-0.09088872373104095,-0.894241213798523
4887,4887,1,0.99415934,313.49262488721024,49.11233843475802,793.6656714976892,-0.430679385833977,-0.32463218299242663,0.4421910047531128,-0.1137755811214447,-0.8896753787994385
4888,4888,1,0.9948484,301.5404841276519,50.00900897645368,764.3260442404841,-0.4024244053374922,-0.4294695940260388,0.44838184118270874,-0.1532386690378189,-0.8806086778640747
4889,4889,1,0.9908632,317.2024485124169,51.02391044307058,803.3135771940969,-0.46855472078544924,-0.29441276747275175,0.45394375920295715,-0.10362021625041962,-0.8849847316741943
4890,4890,1,0.9931507,313.09442659752153,53.34964232118447,794.6777647211769,-0.44016691561910604,-0.03663174415563475,0.45512866973876953,-0.022607112303376198,-0.8901386260986328
4891,4891,1,0.99190086,305.9204927334671,54.230970884233024,779.9593119569053,-0.37955717072394984,0.2848522000858832,0.4425634741783142,0.08950253576040268,-0.892259418964386
4892,4892,1,0.9967848,310.0135018162511,59.61217469716354,800.6303554714235,-0.3115055623551467,0.7474015795036234,0.3886398673057556,0.24904906749725342,-0.8870928287506104
4893,4893,1,0.99654764,306.1335254659518,65.67899855182071,811.5145288962343,-0.11594915313507147,1.3684461452180923,0.25525718927383423,0.4593334197998047,-0.8507976531982422
4894,4894,1,0.99411714,279.99874100076295,69.19603493137102,766.9211098422288,0.16084482399945937,1.5599006306714402,0.11043426394462585,0.5464036464691162,-0.8302091956138611
4895,4895,1,0.99810046,264.08785626400487,69.99121249623717,740.4139486566779,0.3864263336915732,1.6916416230585924,-0.0259558018296957,0.5982915759086609,-0.8008580207824707
4896,4896,1,0.99687153,261.17997080753906,69.90221958439338,746.4534322438099,0.5628358846965437,1.682825461305951,-0.1422964185476303,0.5817064046859741,-0.8008554577827454
4897,4897,1,0.9964245,265.7823796170639,73.06479013082746,766.1655786176566,0.6648972147426,1.6273756347229327,-0.21207265555858612,0.5413017272949219,-0.8136447072029114
4898,4898,1,0.99441105,261.75200427005984,74.59546450001197,759.1028788426978,0.7175459266854634,1.571506209779563,-0.24339531362056732,0.5220530033111572,-0.8174468874931335
4899,4899,1,0.9926789,253.97740461868523,72.6831878072391,740.715534993184,0.7300264239819994,1.4732137419150424,-0.24808098375797272,0.5030826330184937,-0.8278669714927673
4900,4900,1,0.99314535,251.37101511937965,72.88456988688887,734.3640771860506,0.7414552284221597,1.3962845648978486,-0.2553158104419708,0.48032769560813904,-0.8391062021255493
4901,4901,1,0.99432665,255.0165772442508,74.8309673298719,749.5416170025638,0.7331155970551664,1.3572994917613443,-0.250897079706192,0.4576306939125061,-0.8530092835426331
4902,4902,1,0.99415827,246.88120118357756,73.72124026702818,727.2556369898107,0.7135145428413525,1.2063869377525955,-0.2349742203950882,0.4206375479698181,-0.8762711882591248
4903,4903,1,0.9938019,267.5668775615493,78.3791842873235,792.643808076334,0.7101736255448685,1.2294695207082744,-0.2409152388572693,0.3902956247329712,-0.8886107802391052
4904,4904,1,0.9931805,264.3674103824543,78.40050913839033,782.0130932349276,0.7180976490513516,1.1511246258088574,-0.24525940418243408,0.36724919080734253,-0.8972045183181763
4905,4905,1,0.99207884,259.9749246357353,77.07149923575282,769.005873425342,0.7272344568595603,1.0713300115944098,-0.24946369230747223,0.3451977074146271,-0.9047686457633972
4906,4906,1,0.9924029,269.4641571970697,79.60559510992194,797.8542885664252,0.7098214850018402,1.1632388300123535,-0.24182316660881042,0.3636302351951599,-0.8996080160140991
4907,4907,1,0.9922311,263.13494318032605,78.37296638026807,780.2020803695253,0.7529742202186699,1.3102867202008348,-0.26554882526397705,0.41985028982162476,-0.8678764700889587
4908,4908,1,0.9939055,265.1003356482299,79.12383684192123,783.5235777008593,0.7088745596951681,1.5037951906720695,-0.2374589890241623,0.4844312071800232,-0.8419855237007141
4909,4909,1,0.9935829,269.99051594713336,81.2445214892932,799.461045331007,0.6567952672711994,1.7514849107316666,-0.20447586476802826,0.5518264174461365,-0.8085030913352966
4910,4910,1,0.9946414,276.16312471648956,81.66176635202575,820.8762545777217,0.6362816601720981,1.9806546910339156,-0.19203080236911774,0.6013011932373047,-0.7756036520004272
4911,4911,1,0.99481684,269.49373707415094,81.27220449394052,800.0470118434554,0.649112972627368,2.1117697786748635,-0.19341698288917542,0.6437986493110657,-0.7403467297554016
4912,4912,1,0.99559397,266.317726704329,81.33264357128122,787.7592709066538,0.6470232865602631,2.21285426488601,-0.1887524574995041,0.6736165285110474,-0.7145721912384033
4913,4913,1,0.9957646,271.6789110732905,81.98211732405379,808.1669648706671,0.6396132859019081,2.304394218039907,-0.18559105694293976,0.6814119815826416,-0.7079786062240601
4914,4914,1,0.99564147,280.13180730002716,84.3496419937076,830.9961347274788,0.6367228419106262,2.300219482887632,-0.18994393944740295,0.6662366986274719,-0.72114497423172
4915,4915,1,0.99564594,278.86047465187374,84.78786139269339,829.347792738125,0.6549896752777095,2.247120828898755,-0.2000371664762497,0.6540567278862,-0.7295169830322266
4916,4916,1,0.9955909,276.6084049409712,83.43301134696799,821.9045804236366,0.6315320274818785,2.134235541637908,-0.18743623793125153,0.6363812685012817,-0.7482556700706482
4917,4917,1,0.99745995,276.03670491786926,81.31063480021685,815.8940994324965,0.49466413622626487,1.9181147415307642,-0.1080063059926033,0.5996534824371338,-0.7929378747940063
4918,4918,1,0.9971934,265.5381048289637,72.32369095855168,772.0826159111162,0.25322263440031795,1.461583149466182,0.06815825402736664,0.5093258023262024,-0.8578703999519348
4919,4919,1,0.99413717,288.29623970666114,64.75737951767174,810.7118754293659,-0.021217612334235615,1.0599769012115177,0.22726568579673767,0.359064519405365,-0.9052199125289917
4920,4920,1,0.9978904,287.2516577864351,58.08113711121143,784.001288782301,-0.14354380147246723,0.6317784325974712,0.3233482837677002,0.21539758145809174,-0.921438992023468
4921,4921,1,0.9980914,291.86939935052993,55.581603857041216,783.4464532667863,-0.3018013375842214,0.28252155603631823,0.4130241870880127,0.08614596724510193,-0.9066365957260132
4922,4922,1,0.99664897,296.41767468475683,50.36939238781243,785.7967703361346,-0.4611822751795442,-0.011243314214328733,0.48552006483078003,-0.009966164827346802,-0.8741687536239624
4923,4923,1,0.9973348,304.70436500466326,48.846936737614946,800.0403931589711,-0.5529842974967379,-0.16535219548087754,0.509726881980896,-0.05620449408888817,-0.8584984540939331
4924,4924,1,0.9968867,298.8576646712575,47.80272701718726,780.2963754970233,-0.4995512598152919,-0.1910530612189762,0.49924787878990173,-0.06630079448223114,-0.8639188408851624
4925,4925,1,0.99708956,302.45115295280283,48.0409866235278,784.2766339428732,-0.471056375756993,-0.21282438009743715,0.48003876209259033,-0.074712373316288,-0.8740599751472473
4926,4926,1,0.9963427,306.6704656178011,48.339219531399124,790.5932522668096,-0.47608933739060805,-0.31182255649082424,0.47227007150650024,-0.10658466815948486,-0.8749861121177673
4927,4927,1,0.9946672,307.481945580185,48.97700162123912,789.2562998515605,-0.502202426370033,-0.3291053286328219,0.4837751090526581,-0.11172693967819214,-0.8680315613746643
4928,4928,1,0.9946673,306.75274418676935,49.26190536837231,786.4125739557516,-0.48726082472030363,-0.26537297077068733,0.48108065128326416,-0.09257962554693222,-0.8717743158340454
4929,4929,1,0.9955782,312.8060409789888,50.97558621132845,803.9346627089948,-0.483642373230826,-0.2911630543284242,0.4648851156234741,-0.10155443102121353,-0.8795275092124939
4930,4930,1,0.9945748,306.56762229055516,53.87640619468984,792.2875792323367,-0.3216356000183368,0.01642029862609435,0.40172889828681946,-0.007680060341954231,-0.9157264232635498
4931,4931,1,0.9976665,318.4734365989513,60.57753632578257,830.7015279170769,-0.20137047081432308,0.44572779319909717,0.30768170952796936,0.13522961735725403,-0.9418306350708008
4932,4932,1,0.9983005,305.4811151209778,67.63325581679625,817.5845781698771,-0.001852986277940366,0.8534361762664736,0.197222039103508,0.28071892261505127,-0.9393084645271301
4933,4933,1,0.9966898,299.76445736347335,74.45597289932859,823.0878354177884,0.1586179488683112,1.2706128223587603,0.08844991028308868,0.41910576820373535,-0.9036188125610352
4934,4934,1,0.99848574,287.57284327058755,78.60596189309858,805.4507484587158,0.34777334690205874,1.5212535874987516,-0.026240186765789986,0.5019413828849792,-0.8645035028457642
4935,4935,1,0.9976674,277.37642118057266,79.90545906458333,785.2699449790935,0.5043738407186382,1.55829945871873,-0.11970416456460953,0.5158570408821106,-0.8482702970504761
4936,4936,1,0.9948329,276.5157682077557,82.78617974966978,785.8812417850819,0.5704504804410616,1.6032933917306238,-0.16204912960529327,0.5217326283454895,-0.8375769257545471
4937,4937,1,0.9970086,284.0778324475727,85.66660537666603,808.4588100050801,0.5902575654630878,1.6522106415773512,-0.17973418533802032,0.5190351605415344,-0.8356423377990723
4938,4938,1,0.9968352,287.04422443431133,87.24119105627172,815.7270805256297,0.6240143033214663,1.6579512168634365,-0.20277413725852966,0.5121879577636719,-0.8345934152603149
4939,4939,1,0.9967713,282.87295163505445,87.62262024808665,808.4734243267591,0.629573142179325,1.6006844081088027,-0.2034311145544052,0.49861085414886475,-0.8426167368888855
4940,4940,1,0.9955473,282.7511337584649,87.50087448499922,807.821705911293,0.6407797260801387,1.6134498716230667,-0.21021147072315216,0.5018713474273682,-0.8390091061592102
4941,4941,1,0.994974,290.06138824021576,88.59804886195643,831.3522030924133,0.6263551275301437,1.740331149968406,-0.20379473268985748,0.5259803533554077,-0.8257192969322205
4942,4942,1,0.9947909,290.63987060663743,89.99087662975687,833.791921386104,0.600330978710725,1.88746690599892,-0.1870766282081604,0.5657703876495361,-0.8030605316162109
4943,4943,1,0.9944956,284.3031163799512,90.24241831746629,817.8404962513899,0.6082690565571868,2.065034016974717,-0.18503642082214355,0.6188144683837891,-0.7634331583976746
4944,4944,1,0.99591905,285.0431109314046,89.9985420799034,820.4359092931765,0.617312564789196,2.273972007275961,-0.18712173402309418,0.6639344096183777,-0.7240004539489746
4945,4945,1,0.9945728,289.76011696142865,91.64669509844809,837.2592297913319,0.6165085417237046,2.373775195123994,-0.18756650388240814,0.6743124723434448,-0.7142279148101807
4946,4946,1,0.99393165,288.03653128342035,91.59785895119244,830.4808032377299,0.6333530285353596,2.3307247164021088,-0.19683194160461426,0.6676985025405884,-0.7179386615753174
4947,4947,1,0.9940937,287.5822306528184,91.84734098120107,826.8470671866822,0.6361905890041267,2.1461725519931965,-0.2020513117313385,0.6288935542106628,-0.7507784366607666
4948,4948,1,0.99530244,283.32456311710945,90.33726524373544,811.8379298892486,0.6522913400598792,1.9571661905883047,-0.2125551849603653,0.5912580490112305,-0.7779680490493774
4949,4949,1,0.994436,286.4876322932982,91.05198327626584,820.168217691567,0.6627898940832694,1.920785432901974,-0.22128048539161682,0.5754515528678894,-0.7873312830924988
4950,4950,1,0.9939114,285.82639847552906,90.89971777296063,820.3398694319764,0.6666782390647235,1.908089643660318,-0.22297659516334534,0.5718902945518494,-0.7894447445869446
4951,4951,1,0.993975,289.9387978616802,92.03160831540339,831.2227191299359,0.6640689390269835,1.9415966822610968,-0.22335022687911987,0.5736641883850098,-0.7880508303642273
4952,4952,1,0.9942179,282.32802730623604,91.17909386317437,805.2361075997716,0.6608209948002779,1.9254796713414795,-0.21844829618930817,0.5853096842765808,-0.7808284163475037
4953,4953,1,0.9940011,286.57511254678894,91.93148979091772,822.4551534731587,0.6547505443371276,1.9647998763545294,-0.21562576293945312,0.5856399536132812,-0.7813650965690613
4954,4954,1,0.9935741,290.51147390755847,93.64903920489307,834.219726336272,0.6374274684829314,2.038633235941439,-0.20673854649066925,0.5977051258087158,-0.7746016979217529
4955,4955,1,0.9930738,287.4860724171078,93.90567896313689,823.131684286921,0.6346322626507075,2.026752921853398,-0.20407365262508392,0.6011359691619873,-0.772650957107544
4956,4956,1,0.9933862,286.67989180672436,93.55985936769467,821.8834758395036,0.6354135904182053,2.023280914857109,-0.20387689769268036,0.6012338995933533,-0.7726266980171204
4957,4957,1,0.99332124,288.7236589556887,93.87372621011382,828.3883173697508,0.6270053128207641,2.0380764997664564,-0.19989316165447235,0.6017101407051086,-0.7732966542243958
4958,4958,1,0.992964,285.74836727805786,93.06748760970011,818.3338800108136,0.6348570394106428,2.003661839944153,-0.20342576503753662,0.5988093018531799,-0.7746259570121765
4959,4959,1,0.9921151,288.7614797570239,95.13796745508408,829.8012482423305,0.6364791046416521,2.0059008203517994,-0.20583811402320862,0.5911802053451538,-0.7798311710357666
4960,4960,1,0.9925287,284.1067030903442,94.17029562997884,814.9608249599293,0.640553002141847,1.942407774060199,-0.20672062039375305,0.5839354395866394,-0.7850388884544373
4961,4961,1,0.99220204,284.4160417480193,94.61235654740763,816.0853210463619,0.6386788834240839,1.8427065298693401,-0.2072964459657669,0.5567512512207031,-0.8043981194496155
4962,4962,1,0.9923569,286.60255554062354,95.19332495963494,822.5720328811518,0.6158996475305265,1.7763554368187033,-0.1957438588142395,0.5363957285881042,-0.8209530711174011
4963,4963,1,0.99214196,281.3798008075075,94.45001829853749,807.5488629074845,0.6056914733757829,1.6695685216139242,-0.1872287541627884,0.5157498121261597,-0.8360307812690735
4964,4964,1,0.98954284,283.41262337698436,94.85002118289901,810.0553925940686,0.6039257380264015,1.6622710898020732,-0.18815386295318604,0.5118236541748047,-0.8382331132888794
4965,4965,1,0.98954177,281.69294129593476,94.47336258751466,803.5215881396134,0.6046219656016392,1.6475945680098443,-0.1878940910100937,0.5113755464553833,-0.8385647535324097
4966,4966,1,0.98961455,290.22321105148654,95.56714661093467,826.8065940068424,0.5927140945554645,1.7260330935247334,-0.1855810135602951,0.5212152004241943,-0.8330032825469971
4967,4967,1,0.9897885,278.4831593333473,93.3474458968703,791.5216969347451,0.5999726788254172,1.6602560147333687,-0.18317508697509766,0.5234088897705078,-0.8321598768234253
4968,4968,1,0.992277,288.44698254343996,94.47519433668138,818.2821217980751,0.5986065971043328,1.72075783611655,-0.18863354623317719,0.5247921943664551,-0.8300666213035583
4969,4969,1,0.99501485,290.2838754752609,93.60365026266389,823.1646672691371,0.5989280322450383,1.710702933068731,-0.19002072513103485,0.5198689699172974,-0.832843542098999
4970,4970,1,0.9960878,286.76450830860557,92.67331155430166,811.1408573986573,0.6060703578498385,1.668541451099724,-0.19290107488632202,0.5144752264022827,-0.8355264067649841
4971,4971,1,0.994776,282.3776306067652,91.6652793166752,799.0897542087968,0.5921471915210139,1.6136664544472807,-0.18162089586257935,0.5070830583572388,-0.8425441980361938
4972,4972,1,0.99531496,290.25300228334527,92.65545667705793,815.8435384855933,0.5600103194764405,1.6308418143761265,-0.16769523918628693,0.5043310523033142,-0.8470705151557922
4973,4973,1,0.994985,288.37088186855243,91.73604223830625,810.2927851982258,0.5473541801400865,1.5786185075699473,-0.15851141512393951,0.49342939257621765,-0.8552201390266418
4974,4974,1,0.99504966,288.089230810405,91.00875316388101,802.8731562298199,0.5489948396886414,1.559639582821534,-0.16047711670398712,0.4920511543750763,-0.8556475639343262
4975,4975,1,0.9945891,288.0403446535161,91.61872487484636,803.9075542318359,0.5415752251143899,1.5902007009401389,-0.15542097389698029,0.5009351372718811,-0.8514154553413391
4976,4976,1,0.9964478,288.3366286019627,90.44366129382058,803.19543345249,0.5583624261226747,1.6347371580687402,-0.16630302369594574,0.5145371556282043,-0.8411865830421448
4977,4977,1,0.99673504,270.7229694087776,83.07146871268453,749.1307354433944,0.633287932172143,1.4216119566218692,-0.20508137345314026,0.4788748025894165,-0.8535926938056946
4978,4978,1,0.99386436,269.33273587920087,67.61141838549432,756.8411116824841,0.7357301488216439,1.1522113866420218,-0.26881685853004456,0.38849589228630066,-0.8813673257827759
4979,4979,1,0.99481153,257.19527166131365,55.027997920815686,725.8926413358694,0.8300691222823108,0.8427573509403331,-0.32482168078422546,0.29319247603416443,-0.8991824388504028
4980,4980,1,0.9962053,266.28619445561543,53.57660324954865,750.4464174552108,0.9211239197778502,0.6537876676788594,-0.3792267441749573,0.20615988969802856,-0.902044951915741
4981,4981,1,0.9967918,265.26627281410657,52.39815431141934,742.4146306751614,0.9623159715337515,0.40700405940259055,-0.40067043900489807,0.11274652928113937,-0.9092587232589722
4982,4982,1,0.99721426,262.2958283174389,49.51754411161412,730.654398957021,0.9812495341258098,0.17687841807566043,-0.40615567564964294,0.029184844344854355,-0.9133377075195312
4983,4983,1,0.99718887,258.0958124886427,47.70490727834764,715.2902647112618,1.0054183678576338,0.06873207392412084,-0.4180391728878021,-0.009869690053164959,-0.9083753824234009
4984,4984,1,0.9939511,264.6798687504001,46.39261436336515,729.2970939319753,0.9378108140123992,0.1114608250148193,-0.3819652795791626,0.00957619957625866,-0.9241271018981934
4985,4985,1,0.9962709,272.6867797403993,46.01971229550137,744.2603305868855,0.8094887293889219,0.18254604151428186,-0.3101084232330322,0.04062727838754654,-0.9498327374458313
4986,4986,1,0.9982747,278.0307735279774,48.41502895772331,754.1680866564153,0.6559623339511194,0.21550254369957092,-0.2144172638654709,0.05474074184894562,-0.9752069711685181
4987,4987,1,0.9977442,288.7837033562503,50.09816773620887,771.9359159683726,0.5030451545508917,0.24477308468686687,-0.12001646310091019,0.06738623976707458,-0.9904822707176208
4988,4988,1,0.9975473,308.27514900467685,50.94885521839412,809.3706261960459,0.3284523758399281,0.3558649420569325,-0.02296924777328968,0.11027877777814865,-0.9936352372169495
4989,4989,1,0.99731714,319.97451134383357,50.72142674039568,829.5094757683188,0.14816639996857991,0.4890106993085899,0.08214716613292694,0.16181977093219757,-0.9833952188491821
4990,4990,1,0.99710697,324.9723988013479,51.151579538775025,839.2755980270148,-0.06886914300449325,0.5612187748623098,0.21504054963588715,0.1877288967370987,-0.9583920836448669
4991,4991,1,0.9975955,333.90245945926637,53.00419048934066,855.4989913795248,-0.2039735834785444,0.5549885497016068,0.2825751006603241,0.17962324619293213,-0.9422774910926819
4992,4992,1,0.99715245,343.018985012609,54.84603709773459,875.3195059791524,-0.2585980964833077,0.6600114019043316,0.29680460691452026,0.2096729427576065,-0.9316352605819702
4993,4993,1,0.9964709,336.4834302849519,54.528740685340914,858.6244194586501,-0.2724879949429485,0.7716885293514008,0.31542089581489563,0.2515580952167511,-0.9150018095970154
4994,4994,1,0.99596334,338.3470785713459,55.65372855600395,860.5389098793781,-0.3248716481726312,0.9059073890659041,0.3394133448600769,0.2935989797115326,-0.8936432600021362
4995,4995,1,0.9950134,333.79948842687645,54.766045677682655,847.7859223167466,-0.3716782525062858,0.9679749148893988,0.372390478849411,0.31645119190216064,-0.8724586367607117
4996,4996,1,0.9943182,335.57522037968585,55.89412663178236,852.7796409409233,-0.42041232231301473,0.9034934686911046,0.396170049905777,0.29047858715057373,-0.8710174560546875
4997,4997,1,0.99442405,333.5744460171705,56.1917368619144,846.3334321950739,-0.4119697452991052,0.895597299112301,0.3965279459953308,0.2895706593990326,-0.8711569905281067
4998,4998,1,0.99544275,328.3070351305056,56.29208194321355,834.4079518236969,-0.3875511855011575,0.763904368348022,0.3965964615345001,0.24884866178035736,-0.8836207389831543
4999,4999,1,0.99584913,339.5968096784399,57.89827603793032,863.2377530345702,-0.43765951670644326,0.7072984540435444,0.4010295271873474,0.22057634592056274,-0.8891127109527588
5000,5000,1,0.99604046,338.4291453344008,58.562995623066676,859.9125095766334,-0.42074429845775807,0.7254405185503788,0.39459240436553955,0.22706563770771027,-0.8903583884239197
5001,5001,1,0.99646264,346.51879449786884,59.356252723092176,882.4039510353664,-0.45086455539126213,0.8842019160347316,0.39060550928115845,0.2724125385284424,-0.8793285489082336
5002,5002,1,0.99678457,342.3457003872483,60.47246252792633,870.5638524474435,-0.4169008881287496,1.1511823000955415,0.3746384084224701,0.3604130148887634,-0.8542532324790955
5003,5003,1,0.997505,348.09754907370694,63.01756113063728,884.6445813045957,-0.428013256313506,1.723710753093283,0.3471502363681793,0.5161041021347046,-0.7830219268798828
5004,5004,1,0.99813133,359.29103851433234,69.29305872544117,916.6592035838106,-0.4293756989086537,2.364164827671365,0.29857996106147766,0.6447885632514954,-0.7036318778991699
5005,5005,1,0.99582785,345.77097639866776,72.91875589571312,888.3255839463477,-0.315342410446512,2.8375784142170843,0.23856930434703827,0.7439675331115723,-0.624177098274231
5006,5006,1,0.9950885,329.61458376854074,75.24748795995788,853.5440151400143,-0.11361009580329684,3.006452602239724,0.1539461314678192,0.7920482754707336,-0.5907285213470459
5007,5007,1,0.99625224,327.4399849226089,80.35434865047455,850.1794737180904,0.08274692797315968,2.836935572726421,0.06324787437915802,0.773577094078064,-0.6305380463600159
5008,5008,1,0.993067,322.87405649755067,86.23575223447595,841.5517170041679,0.2314453539126788,2.531731412406873,-0.006663698703050613,0.7246736884117126,-0.6890599727630615
5009,5009,1,0.9911891,312.2039227013306,88.0776323798785,811.9840957032771,0.4987592901200352,2.228772023888539,-0.1502559781074524,0.6668350100517273,-0.7299001812934875
5010,5010,1,0.99174666,309.6339252053119,87.31113313013749,798.0565303785323,0.6181573882006764,2.0358274475426557,-0.2223649024963379,0.6198976635932922,-0.7525163292884827
5011,5011,1,0.99343127,312.6324795318352,90.9180388829282,805.0202951806251,0.5429633971052851,1.9320991814519273,-0.18215711414813995,0.5945208072662354,-0.7831754684448242
5012,5012,1,0.99224913,323.7639925673452,96.29287012582306,834.2892692885644,0.49100871572421106,1.9079608309178593,-0.15978080034255981,0.5712925791740417,-0.8050433993339539
5013,5013,1,0.99445,321.9564640626989,98.5600708878805,829.3544694850965,0.4592661723334773,1.8387403971419842,-0.13981589674949646,0.5561684966087341,-0.8192240595817566
5014,5014,1,0.99486095,323.4723309051205,100.83927491481653,831.8347170839528,0.4529476058451223,1.8688300909245352,-0.13743586838245392,0.5614734888076782,-0.8160017728805542
5015,5015,1,0.99648833,326.37786815659337,100.82746657825264,837.0874050152265,0.4523219401496483,1.8886916400563674,-0.13961079716682434,0.563770592212677,-0.8140464425086975
5016,5016,1,0.9969013,326.9613695948079,99.63810739044429,838.6311582340168,0.45748044172262864,1.852620865923526,-0.14327266812324524,0.5537593364715576,-0.8202582001686096
5017,5017,1,0.99723876,323.89391324883024,98.57039623868184,829.4971980935837,0.48692545448327007,1.794757286750476,-0.1592564582824707,0.5416580438613892,-0.8253750801086426
5018,5018,1,0.99701,324.6293516135701,99.28594180767168,830.4436897762965,0.47287084727426126,1.7708898552535592,-0.15154175460338593,0.5348580479621887,-0.831241250038147
5019,5019,1,0.9969951,316.97350289008415,97.19056706336562,810.4039489450643,0.4655123049717922,1.7425448804323824,-0.14076286554336548,0.5406633019447327,-0.8293787240982056
5020,5020,1,0.9973646,313.7110482715007,95.48717778969217,803.6807203139564,0.39341802561100325,1.800909464301555,-0.09131409972906113,0.5674719214439392,-0.8183137774467468
5021,5021,1,0.9947973,311.9143142964063,91.70320320915174,797.3220657725482,0.21567736308570706,1.9136488983350293,0.024595128372311592,0.6112769246101379,-0.7910345196723938
5022,5022,1,0.9958989,306.8611903432615,83.47460651702553,781.4171921620169,0.05275055587966104,1.9807456423367618,0.1334354430437088,0.6419835090637207,-0.7550180554389954
5023,5023,1,0.99563307,317.8192122923903,77.18209702144574,800.1406175204278,-0.1564411688111417,2.0550136352527373,0.23926126956939697,0.6440561413764954,-0.7265987992286682
5024,5024,1,0.9956625,316.53414500005573,69.23689420751118,796.3578828583236,-0.2918491445735031,1.9075556683846102,0.32345202565193176,0.6045334935188293,-0.7279547452926636
5025,5025,1,0.9952277,305.6698427015688,61.06807590732861,767.5615943202985,-0.27416358782490413,1.5481821951701324,0.3529512584209442,0.5282431244850159,-0.7722594738006592
5026,5026,1,0.99642485,305.5211814568235,53.811558121852705,768.5352489272082,-0.2544859875132255,1.147913899516145,0.36018821597099304,0.41004765033721924,-0.8379293084144592
5027,5027,1,0.9974184,303.30845572969463,50.516189789397316,764.2308487775441,-0.22509738434141766,0.8127361409578545,0.35815414786338806,0.29755672812461853,-0.8849778175354004
5028,5028,1,0.9975962,312.8219531977173,49.54920591372082,786.9270733293288,-0.24614153659556762,0.5659593166906182,0.3555310070514679,0.20040898025035858,-0.9129260182380676
5029,5029,1,0.9968714,304.9001702863162,48.063843963677606,766.5943420783284,-0.23073101839225887,0.3527497945008982,0.36535054445266724,0.12494836747646332,-0.9224461317062378
5030,5030,1,0.9968266,304.1856281269982,47.581201591523474,763.3980020370944,-0.24083496408351449,0.23780313394714947,0.3734797537326813,0.08184348791837692,-0.9240208268165588
5031,5031,1,0.9953762,301.2505183945122,45.63336256913632,755.8957202945776,-0.2672998611068664,0.1559782598495888,0.3951069116592407,0.053804196417331696,-0.9170581102371216
5032,5032,1,0.99557376,302.33743212268195,44.74398517445123,757.0964232920933,-0.2901054144773833,0.10292347926204122,0.4059319496154785,0.0351119339466095,-0.9132285714149475
5033,5033,1,0.9958269,300.1442200766128,44.51189238984855,752.165423226732,-0.29132791951104825,0.09261230319184319,0.41116681694984436,0.03170207142829895,-0.9110087156295776
5034,5034,1,0.9964168,299.88400396397475,44.75614581491977,751.9839755636872,-0.2965226763348282,0.13540879874282766,0.4150291979312897,0.047594379633665085,-0.9085623621940613
5035,5035,1,0.99754035,299.93129472235916,45.7626056177632,750.8956573573146,-0.33925872671430934,0.2009686307908772,0.4401562809944153,0.07136338204145432,-0.8950808644294739
5036,5036,1,0.996732,304.09264369356634,47.601590211899726,762.9339100155003,-0.33705595379749265,0.2620307733091542,0.42920705676078796,0.09102635085582733,-0.8986074924468994
5037,5037,1,0.99677366,304.683520251954,48.44306564508536,767.7588121636662,-0.32262932477225115,0.3587035575562734,0.4184724986553192,0.1257106065750122,-0.8994874358177185
5038,5038,1,0.9978515,301.20862210403374,49.611371134372924,759.9315814753012,-0.27028134077799926,0.4163457393996351,0.3957991600036621,0.14776629209518433,-0.9063708782196045
5039,5039,1,0.9972224,313.6125572686138,52.60292761826042,792.2619226392534,-0.2898815171647184,0.43243673594556487,0.37937209010124207,0.14523698389530182,-0.9137740731239319
5040,5040,1,0.9971482,309.30649871131055,54.03607053394712,779.9583881437046,-0.25604691244792377,0.3950810929552437,0.36995548009872437,0.1315540075302124,-0.9196882843971252
5041,5041,1,0.9971861,312.1486787524021,55.4759182509035,786.1362881147879,-0.2565340838398831,0.32031576391711863,0.3646157681941986,0.10095881670713425,-0.9256687760353088
5042,5042,1,0.99707353,308.09951388021943,55.21133748014069,777.0963142046608,-0.21149074744948884,0.2842309635584764,0.3460017740726471,0.08846952766180038,-0.9340534806251526
5043,5043,1,0.99672014,316.7412664092615,55.27073297128584,800.0083144686615,-0.20759812058005636,0.23843618081579646,0.32464247941970825,0.06930531561374664,-0.9432942271232605
5044,5044,1,0.9968843,302.2046264668155,53.66691254056309,763.7430177800987,0.00023818226052021356,0.15337292804436847,0.22096849977970123,0.03818979114294052,-0.974532961845398
5045,5045,1,0.99639565,312.1758552613243,55.02188126746842,789.1360264057299,0.188584680450608,0.11839273821823217,0.07281896471977234,0.017936958000063896,-0.9971838593482971
5046,5046,1,0.99755067,311.41976269989044,54.60758724020528,797.3533726374727,0.39666861546778137,0.1108749860589656,-0.07010935246944427,0.010708125308156013,-0.9974818229675293
5047,5047,1,0.99514526,290.8833601164204,51.88561142163139,766.9867688794601,0.6065732544543792,0.11035465494093614,-0.19117407500743866,0.009553197771310806,-0.9815096259117126
5048,5048,1,0.99724436,268.9771406767209,48.51902380859747,730.8154045452699,0.7651015874759646,0.11697533139750971,-0.2799527049064636,0.013290825299918652,-0.9599217772483826
5049,5049,1,0.99696285,279.48810415863846,48.88423701461013,775.3096063634258,0.8671443923225298,0.18436670497609284,-0.34044915437698364,0.0343252494931221,-0.9396361112594604
5050,5050,1,0.9980495,266.10389688796937,47.7037405111676,751.392445838012,0.8960687925977954,0.2825208338168164,-0.3554915487766266,0.07345406711101532,-0.9317887425422668
5051,5051,1,0.9951585,249.662276216484,45.04777816992627,716.282954972717,0.8937222319064713,0.37107172081710377,-0.3527563810348511,0.11664194613695145,-0.9284167289733887
5052,5052,1,0.995008,240.1445212571965,45.22526071913819,699.2740898564056,0.8960295216813106,0.45395051866663344,-0.35236990451812744,0.15365050733089447,-0.9231613874435425
5053,5053,1,0.9939653,253.1427421351052,49.39383950776766,740.470410146399,0.8962591730055038,0.5960276099323555,-0.352714478969574,0.1948864758014679,-0.9152113199234009
5054,5054,1,0.9929126,247.30070069632052,52.79000768354549,728.9175598389998,0.8992650919837728,0.6887468052876545,-0.35415202379226685,0.22997722029685974,-0.906469464302063
5055,5055,1,0.99369276,252.7107719640801,56.492813157175874,751.1869591502451,0.9001073692629358,0.8347358693222345,-0.35287636518478394,0.27367734909057617,-0.8947507739067078
5056,5056,1,0.99380624,259.7375848746355,58.98269247511593,778.1613991323138,0.8924284585112309,0.9141338499338516,-0.3459147810935974,0.29082050919532776,-0.8920574188232422
5057,5057,1,0.99288756,251.98257808689831,58.70571898129935,756.4371618556057,0.8719402755829403,0.9880053736198486,-0.3332005739212036,0.3284168541431427,-0.8838097453117371
5058,5058,1,0.9962465,263.3238253635453,65.6791521381255,790.560298072277,0.8417217267396607,1.221065676531656,-0.31520068645477295,0.389530748128891,-0.8653983473777771
5059,5059,1,0.99699247,261.8957231346238,70.57006428818227,774.1607143227066,0.8066718911507706,1.4188759797375803,-0.2962411642074585,0.4604731500148773,-0.8367829322814941
5060,5060,1,0.9962837,267.9370246707841,76.76076135642957,782.5045799533641,0.7609396558440185,1.6715831859446328,-0.26960718631744385,0.5312538146972656,-0.8031696081161499
5061,5061,1,0.9961333,266.9589779181402,79.0453688436768,769.513874006031,0.7107199914918401,1.866460820352565,-0.23764322698116302,0.5958915948867798,-0.7670977711677551
5062,5062,1,0.99656504,273.3449476037723,81.91135749313311,779.178791631438,0.6543668735498042,1.9182308774981505,-0.20824706554412842,0.6068277359008789,-0.7670680284500122
5063,5063,1,0.9962442,272.68180684891155,83.80760072030115,770.8927513302739,0.6235721094019522,1.8601949107779345,-0.19132786989212036,0.5980967879295349,-0.7782505750656128
5064,5064,1,0.99608266,278.31335127915787,87.17048578690685,776.5081113233415,0.5885786602731375,1.8016202269483397,-0.1762458086013794,0.5788602828979492,-0.7961521148681641
5065,5065,1,0.99348664,292.17359349326784,93.35782174641172,804.7872887625466,0.5361692741653845,1.8059810171179667,-0.15579773485660553,0.5619392991065979,-0.8123738765716553
5066,5066,1,0.9942028,294.12388880875704,95.85679714542687,799.1484324947323,0.546320139433033,1.7580856297435756,-0.1660376936197281,0.5484198927879333,-0.8195529580116272
5067,5067,1,0.9948999,306.4623202664393,101.44029306454219,825.5536255978183,0.55458343856323,1.7929715501762553,-0.1814039945602417,0.5371885895729065,-0.8237239122390747
5068,5068,1,0.99515873,308.2057129765828,103.52872997700761,825.0103802969462,0.5642568991803454,1.7368491909150359,-0.1901596039533615,0.5186591744422913,-0.8335658311843872
5069,5069,1,0.99535674,313.62266759318317,104.91877820706425,833.0481819625793,0.5797293436029952,1.7199183783663035,-0.20449569821357727,0.5064056515693665,-0.8376961350440979
5070,5070,1,0.993871,320.52700572028493,106.91762398509577,849.3656297457552,0.592537401506685,1.756333414555007,-0.2163548767566681,0.5049630403518677,-0.8355854153633118
5071,5071,1,0.9919979,317.2603149945026,106.46870529874263,837.6432863698066,0.6106349058988867,1.7619956475600256,-0.22573231160640717,0.5114908814430237,-0.8291091322898865
5072,5072,1,0.9921395,326.773543970508,109.8664507442066,860.6960232554974,0.6583751082104422,1.901811298381922,-0.2563847303390503,0.5296339988708496,-0.808551013469696
5073,5073,1,0.99484324,317.53684005006727,107.30907765056652,838.8116828541473,0.6852660794794705,1.9512011038290453,-0.2653702199459076,0.5538953542709351,-0.7891632914543152
5074,5074,1,0.9960084,323.07765925300845,107.29807316241393,851.9472262319199,0.7028882830721856,2.0632833444825835,-0.27509984374046326,0.572833240032196,-0.7721284031867981
5075,5075,1,0.99567044,324.1130102692971,109.36113321835107,853.2613637764467,0.7338161674286963,2.163341987639617,-0.2899833619594574,0.5909167528152466,-0.7528127431869507
5076,5076,1,0.9959019,320.42378232603795,107.27794812228491,849.3609645365099,0.7488966753088279,2.164251028880062,-0.29470667243003845,0.5933421850204468,-0.7490614652633667
5077,5077,1,0.99666935,325.2774511285682,109.80049600480451,863.2975580152264,0.7422810781792509,2.194109365328765,-0.2923886775970459,0.5917661190032959,-0.751213550567627
5078,5078,1,0.99428445,318.06567239465693,109.97292708951585,844.4386680490338,0.7372855398092482,2.1320445113833224,-0.28885215520858765,0.5880563259124756,-0.7554827928543091
5079,5079,1,0.99408275,316.3181690026733,108.59633480104112,838.9308928945715,0.7176882194162302,2.0955182613439427,-0.2786504328250885,0.5855994820594788,-0.7612012028694153
5080,5080,1,0.9945392,324.7627877407289,109.48311257364803,861.0202963550772,0.7220235776969621,2.131857389052559,-0.28350362181663513,0.5809541344642639,-0.7629666328430176
5081,5081,1,0.9938816,326.94195001839034,111.07304277933498,867.6531584417504,0.7205045901138446,2.1375111243479923,-0.28345876932144165,0.5777978301048279,-0.7653762698173523
5082,5082,1,0.9922982,317.65977235590725,109.34716930080505,842.9243432016214,0.7424186650377959,2.0601152772838347,-0.2933467924594879,0.571284830570221,-0.7665385603904724
5083,5083,1,0.9906929,316.6599464702607,109.13193176498528,838.3411831748114,0.7528236011024881,2.010180315538172,-0.3003188669681549,0.5601442456245422,-0.772040843963623
5084,5084,1,0.9897713,313.3123483809907,107.97052523297812,827.9321304843198,0.7443989413848635,1.9154820368809942,-0.297252893447876,0.5432788729667664,-0.7851680517196655
5085,5085,1,0.98958606,315.5204995481349,108.80571253944504,837.6067456965151,0.7262305556290727,1.874434318044572,-0.28811973333358765,0.5287245512008667,-0.7983968257904053
5086,5086,1,0.9894056,329.60573597704047,111.13110615002891,871.8582854258534,0.7110509039075726,1.902690147920495,-0.28535082936286926,0.5175994634628296,-0.8066385388374329
5087,5087,1,0.9889942,326.69155676875556,111.70467163533569,861.5875770334729,0.7096872577084168,1.8739686244416172,-0.2849242687225342,0.5148701667785645,-0.8085338473320007
5088,5088,1,0.9908264,326.54188536997344,111.14762743888222,865.0541584356166,0.7205949380161238,1.8863337763627839,-0.28940996527671814,0.5158513784408569,-0.806312084197998
5089,5089,1,0.9935742,330.9520119959691,110.79957219287034,871.3993934574655,0.7122216033329576,1.9206806351059045,-0.2870365083217621,0.5224453210830688,-0.8029078245162964
5090,5090,1,0.99483347,331.8318301996101,109.03448915621844,875.6156957956861,0.7128861200054045,1.9216952598975396,-0.2868991196155548,0.5219634175300598,-0.8032702803611755
5091,5091,1,0.9944337,333.6725027254443,109.85210340504254,878.9639034827333,0.7144353233853747,1.927407944935873,-0.28872987627983093,0.520802915096283,-0.803367555141449
5092,5092,1,0.99345315,326.95711879247943,109.30225743159583,861.179940319524,0.7127622934242732,1.8764006861621954,-0.28651753067970276,0.5172917246818542,-0.8064223527908325
5093,5093,1,0.9931672,328.94567859502894,108.99571847498714,863.5045804917514,0.6866933844460514,1.862987702880514,-0.27405500411987305,0.5153639316558838,-0.8119691610336304
5094,5094,1,0.9933401,332.4617943794,109.4334904250732,871.0698181978814,0.6713495756125523,1.887544978095882,-0.26712051033973694,0.5190837979316711,-0.8119105100631714
5095,5095,1,0.9932554,333.5633910203239,110.61901778885768,872.3382353696203,0.6884879492940698,1.919211968409578,-0.2767851650714874,0.5239062905311584,-0.8055508732795715
5096,5096,1,0.99353987,330.01726050288863,109.76216526727107,864.0647491055474,0.7102432670448605,1.902877106848928,-0.2870868742465973,0.5223659873008728,-0.8029413819313049
5097,5097,1,0.99386877,333.09520122331475,109.46309339217832,871.5314611075319,0.717623757290534,1.8742803002915407,-0.29272523522377014,0.5103054046630859,-0.8086410760879517
5098,5098,1,0.99352235,326.2795614691691,108.55974548704164,854.7423851181046,0.7392944542579248,1.7966256128384255,-0.3032831847667694,0.4964291751384735,-0.8133741021156311
5099,5099,1,0.993618,324.05811291980166,108.39634171680099,852.1460121146068,0.7304113835196222,1.7001906123540345,-0.29863592982292175,0.4720195531845093,-0.8294662237167358
5100,5100,1,0.994017,313.36903228084293,105.98562181866322,831.7385591419169,0.7417973586135338,1.5902047728439013,-0.3009769916534424,0.45151785016059875,-0.8399669528007507
5101,5101,1,0.9950151,300.1547588703134,98.65684441377465,799.1039197362819,0.7268000729775279,1.46704007480305,-0.2881164848804474,0.4389161169528961,-0.8510825634002686
5102,5102,1,0.99050117,307.4397034780097,92.7822535174452,821.0123603646697,0.6980745726509238,1.4656178562245994,-0.27202603220939636,0.43617475032806396,-0.8577607274055481
5103,5103,1,0.99181974,308.76007366718267,85.6051795044587,831.4317344269652,0.6860859558816885,1.47279654667835,-0.26251664757728577,0.44165077805519104,-0.8579217195510864
5104,5104,1,0.99589044,294.3617278414979,77.20309770297648,802.0680142160641,0.6749900211949873,1.363211863430628,-0.2472098469734192,0.4317639172077179,-0.8674486875534058
5105,5105,1,0.99487126,281.303695231282,70.34991466844325,768.4322030228394,0.6364466961159235,1.2322521508506759,-0.21547362208366394,0.4161362648010254,-0.8834035396575928
5106,5106,1,0.99553347,281.10822689926846,66.35215697251864,772.8726879385835,0.6208721420153775,1.1951077903898144,-0.20348291099071503,0.4067923128604889,-0.8905699253082275
5107,5107,1,0.99500424,280.65995453151305,62.35088129119563,772.5478355658498,0.5973614186279315,1.2007357508675798,-0.18689998984336853,0.4152805209159851,-0.8902868032455444
5108,5108,1,0.99425757,281.069964449393,59.861861812634324,774.9514113902916,0.5405796084775886,1.22307127919843,-0.14844298362731934,0.42884814739227295,-0.8910970091819763
5109,5109,1,0.9961029,271.4702442034784,55.54243040946843,749.1562755053395,0.4340327321624473,1.1163883729306643,-0.06303998082876205,0.4158322513103485,-0.9072538018226624
5110,5110,1,0.99825615,269.45101663795697,52.79382758258085,737.8105378518435,0.3191556471464271,0.9768901640298366,0.026725510135293007,0.376116544008255,-0.9261869192123413
5111,5111,1,0.99803394,271.6323145508469,49.70580944695096,731.3335152621802,0.1902427586776345,0.886854891641626,0.12295493483543396,0.3489001989364624,-0.9290590286254883
5112,5112,1,0.9979898,281.6480749128745,48.08238340420258,750.072385074849,0.04866692100058914,0.8320808826596692,0.20922988653182983,0.32021307945251465,-0.9239515662193298
5113,5113,1,0.9977048,291.8529104381703,46.789007356451926,770.8517547097234,-0.09527360690229987,0.6709857111159132,0.2905029058456421,0.24957433342933655,-0.9237536191940308
5114,5114,1,0.9973017,286.02179410993915,45.10703399672542,752.992283996693,-0.12520045827910298,0.5258654023858501,0.32584983110427856,0.19891390204429626,-0.9242592453956604
5115,5115,1,0.99761933,284.2401709722542,43.96479426959337,746.9762206361785,-0.1226828576065435,0.42838076798392904,0.32982176542282104,0.16299208998680115,-0.9298662543296814
5116,5116,1,0.9941825,289.74763196666515,44.10737163409681,758.5111385613751,-0.11408286804397358,0.4160382999823602,0.3131225109100342,0.15607112646102905,-0.936801016330719
5117,5117,1,0.9942298,292.220975225,42.73505606120452,763.6055917122385,-0.10225535862685979,0.36423660216771164,0.3008236289024353,0.13672296702861786,-0.9438284039497375
5118,5118,1,0.9933119,296.27135286043415,42.68600728555333,766.557662209078,-0.09226044360466304,0.20203025998609503,0.28873151540756226,0.0728834792971611,-0.9546319246292114
5119,5119,1,0.9962126,296.79060713895166,44.41448322584315,760.5536658819409,-0.11252335427600713,0.2916803377083364,0.3034614622592926,0.10661536455154419,-0.9468602538108826
5120,5120,1,0.9961422,293.5570944214819,45.564251106700766,749.3012653407246,-0.1179609144922112,0.6178657708206328,0.31207433342933655,0.2365022897720337,-0.9201501607894897
5121,5121,1,0.9969597,291.5630421948005,50.10532347655279,748.3363553566693,-0.07613909423495294,1.0119935061529457,0.2771006226539612,0.3837261199951172,-0.8808913230895996
5122,5122,1,0.99607843,285.0549044736775,56.76394921432408,741.9651279505205,0.016424039878433525,1.5177754919538247,0.2055528312921524,0.5551844239234924,-0.8059269785881042
5123,5123,1,0.9945456,282.7971820452696,64.3119408606235,748.4137392163292,0.1457729523135861,1.9976283054315938,0.10437968373298645,0.6790674328804016,-0.7266170382499695
5124,5124,1,0.99255764,282.3089706140574,71.25030432966248,760.8988444434312,0.3286982104231305,2.2934587547300764,-0.016721786931157112,0.7302630543708801,-0.6829614043235779
5125,5125,1,0.99566996,281.9079294604575,77.41664968136261,763.2307991660826,0.4796779045128273,2.344125883558762,-0.10800214856863022,0.7283023595809937,-0.676691472530365
5126,5126,1,0.9939984,285.9321121159575,83.22665974439589,774.4152851197761,0.616635074785483,2.2810827993049805,-0.19351862370967865,0.6942285895347595,-0.6932512521743774
5127,5127,1,0.989828,295.1708487030292,89.63774792750104,800.0975983158279,0.6872812911721562,2.197458775709797,-0.24228160083293915,0.6494540572166443,-0.7207698225975037
5128,5128,1,0.9906261,291.4888157880509,91.88369919452926,794.1243616985215,0.7102594092327292,1.9713274486210428,-0.25892332196235657,0.5954582691192627,-0.7605184316635132
5129,5129,1,0.9920632,292.5756458112855,94.07657861962541,800.7828949792796,0.7263930182600268,1.8397344815602519,-0.27136537432670593,0.5537433624267578,-0.7872287631034851
5130,5130,1,0.9946951,287.06463008005437,93.9163504645211,790.9915037695355,0.7575677351477552,1.740879583148748,-0.28820592164993286,0.5287500023841858,-0.7983487844467163
5131,5131,1,0.99345434,292.24453380063466,94.21935983076499,803.8901912915861,0.7693542164222019,1.7947956982325521,-0.2958235740661621,0.5347069501876831,-0.7915661334991455
5132,5132,1,0.9911752,285.50310610347395,93.548106435014,786.0256019057224,0.752952667627578,1.759283004494013,-0.2846563160419464,0.5376607775688171,-0.7936571836471558
5133,5133,1,0.9915097,288.21108194661366,93.66363000401566,792.0473164715605,0.7435647323117065,1.7768951364091106,-0.28016048669815063,0.5400484800338745,-0.7936357855796814
5134,5134,1,0.99301827,290.9110070157503,98.25055738041294,798.090941379543,0.7151143958806856,1.8444209774413556,-0.2642901539802551,0.5545894503593445,-0.7890381813049316
5135,5135,1,0.9950905,292.1240210968357,98.01395785994845,804.4246018019358,0.7274309662968648,1.897435279294217,-0.2699209451675415,0.5640870332717896,-0.7803515791893005
5136,5136,1,0.99427575,298.5438164212681,100.58879387407488,821.687182912379,0.7403066926654325,1.9174963018218463,-0.2797585427761078,0.5559232234954834,-0.7827416658401489
5137,5137,1,0.99274594,291.2084333361128,98.14566592401376,802.108893401322,0.783972657724084,1.8872083709504808,-0.3017921447753906,0.5557361841201782,-0.77464759349823
5138,5138,1,0.9917624,294.29388158079547,98.38472676571642,802.8711880748295,0.7795883339970044,1.8390735355376977,-0.3037274479866028,0.5422018766403198,-0.7834327220916748
5139,5139,1,0.9953856,292.8774742271831,96.65893483525777,796.6662054559009,0.7774357462430367,1.7555492467920704,-0.3045307695865631,0.5241684317588806,-0.7953040599822998
5140,5140,1,0.9947206,299.2089072450649,97.06545616865287,811.4289341580971,0.7544338536757118,1.694510961525287,-0.2954833209514618,0.5007966160774231,-0.8135676980018616
5141,5141,1,0.99379706,293.9788246685899,95.52828376445511,797.442418632396,0.7601521902363959,1.6061160859389758,-0.2986103594303131,0.4831349551677704,-0.8230507373809814
5142,5142,1,0.9940399,293.43150951288845,96.15982366254866,795.7701083945407,0.7507054022329358,1.6859687283233447,-0.2915057837963104,0.5082445740699768,-0.8103775978088379
5143,5143,1,0.99454886,294.4780641682321,97.49569634528059,799.6106979448326,0.7515602409678562,1.847690760318629,-0.28859570622444153,0.5503352880477905,-0.783481776714325
5144,5144,1,0.9932138,300.1750882720416,98.39428795468757,815.4226667111205,0.7418024384061707,2.027172446415906,-0.28065887093544006,0.5881831049919128,-0.758466362953186
5145,5145,1,0.99235326,303.4360032354145,99.32405452332193,825.2328127263919,0.7298808066138297,2.159874365252966,-0.2717880606651306,0.6151092052459717,-0.7401162385940552
5146,5146,1,0.9924079,288.9948401111311,96.88132373280193,791.7488914119554,0.7416581193798946,2.128418411909775,-0.2711910903453827,0.627936601638794,-0.7294868230819702
5147,5147,1,0.99271727,289.4479373435081,97.43840388330487,794.4361147230533,0.7557730768459955,2.1332022517890605,-0.27886298298835754,0.625418484210968,-0.7287572622299194
5148,5148,1,0.9921319,286.03012566788806,97.0489929013463,790.6030342065224,0.764411097930296,2.046339297825642,-0.2835463881492615,0.6065221428871155,-0.7427868843078613
5149,5149,1,0.9942232,284.25607769082416,97.0723469182425,790.3145357706575,0.7485273700302361,1.9441408847247814,-0.27561303973197937,0.5832845568656921,-0.7640789747238159
5150,5150,1,0.9927609,285.2703352000963,97.90376679869512,794.0941290005163,0.7278547656563992,1.8850711063614853,-0.26548558473587036,0.5674288272857666,-0.7794498205184937
5151,5151,1,0.9940169,283.06543023132286,97.01635968498393,793.0464355203954,0.7232363842870488,1.8226877020073837,-0.26185324788093567,0.5527164936065674,-0.7911620736122131
5152,5152,1,0.99383426,276.84792765513293,95.57173385460676,783.007565810744,0.718731232048582,1.79788847201221,-0.25493356585502625,0.5539524555206299,-0.7925563454627991
5153,5153,1,0.99472874,279.2957597724989,95.85762643615607,798.5638594539975,0.7016952861782105,1.8222872762449829,-0.24336889386177063,0.5537187457084656,-0.796346127986908
5154,5154,1,0.9936294,271.6919659665636,94.80001058708523,784.1548721158247,0.6865646877275893,1.7963403118900971,-0.22915659844875336,0.557969331741333,-0.7975948452949524
5155,5155,1,0.99247277,273.7024272240665,95.824443894488,801.2748050350568,0.6572992630867996,1.8544832476763424,-0.20923446118831635,0.5665618181228638,-0.7970123291015625
5156,5156,1,0.99318695,265.3012322859978,93.10998751494321,785.0861919825769,0.6472693416790473,1.802722244623773,-0.19686676561832428,0.565597653388977,-0.8008387684822083
5157,5157,1,0.99353266,273.24690828295144,93.65600817060822,817.7496190938044,0.6353409509002483,1.8705882763764001,-0.19183175265789032,0.565936803817749,-0.8018205165863037
5158,5158,1,0.9934069,274.4578916898659,94.58456771614296,830.2278838485121,0.5833897847112379,1.8953913882998843,-0.1597762256860733,0.569400429725647,-0.8063837885856628
5159,5159,1,0.9929932,272.06529625184606,92.59828323562125,822.3840386435924,0.5524419376883689,1.825659056606208,-0.13953599333763123,0.5590798854827881,-0.8172878623008728
5160,5160,1,0.9924359,272.49182946810146,93.76031893625957,827.4817564440233,0.5481743844701189,1.785823881597137,-0.13698193430900574,0.5446228981018066,-0.8274188041687012
5161,5161,1,0.9961416,275.3278774096739,92.74771555090872,839.0191533952069,0.5681893391507169,1.7950976906329332,-0.15076181292533875,0.5401965975761414,-0.8279241919517517
5162,5162,1,0.99681723,283.57201556099795,95.04244939988178,862.9678887889759,0.588664288284604,1.839328844425645,-0.16853585839271545,0.5356645584106445,-0.827441394329071
5163,5163,1,0.99647397,283.1317180578682,94.33491170364398,862.3068779432357,0.6142875572600547,1.8640431485452837,-0.18278127908706665,0.5411743521690369,-0.8208053112030029
5164,5164,1,0.9943374,279.0019438280105,93.19361867488375,842.1129827334421,0.6463694560398262,1.8499222090841576,-0.20050013065338135,0.5463021993637085,-0.8132365345954895
5165,5165,1,0.9882951,280.3562396454687,98.14280988197113,845.4181624473046,0.6523339458411893,1.8631006297089987,-0.2053086906671524,0.5434377789497375,-0.8139556646347046
5166,5166,1,0.9917795,270.3892657500641,96.5969429348901,811.899647430496,0.6928593709460679,1.7939035717918024,-0.22566041350364685,0.5405359268188477,-0.8104926347732544
5167,5167,1,0.99449134,270.5322778213534,97.94283556017571,807.0335713854043,0.722746614927937,1.7991244985303085,-0.24479585886001587,0.5402551293373108,-0.805108368396759
5168,5168,1,0.9939399,271.30817405680716,99.07313512225194,808.9032937042812,0.719335462530544,1.832375426937205,-0.2427917867898941,0.5477755665779114,-0.8006210923194885
5169,5169,1,0.99509615,279.8817762070553,102.1707202790903,833.0825073027676,0.7432784666511898,1.98144255290683,-0.2578059732913971,0.5683709383010864,-0.7813389897346497
5170,5170,1,0.99577504,293.47532928940285,103.42546947321279,868.6684496715476,0.7509796912407027,2.1249269149556147,-0.26501715183258057,0.5820898413658142,-0.7687245011329651
5171,5171,1,0.9946853,289.62079594155836,103.92422133518092,850.5588390209058,0.7667618389656131,2.1468335255163598,-0.2730630934238434,0.5945567488670349,-0.7562664151191711
5172,5172,1,0.99497485,281.44773391186305,101.72175651024611,821.8972341307887,0.7926650755584668,2.1072487254136174,-0.2859193980693817,0.5993173122406006,-0.7477090954780579
5173,5173,1,0.99391645,278.1839244903905,100.02854108358137,811.809250392107,0.7917646415820963,2.11240019057509,-0.2839992046356201,0.6075445413589478,-0.7417777180671692
5174,5174,1,0.9935055,281.9097321683452,101.46431121500609,823.5011113050338,0.8063702079764807,2.21113003406918,-0.2901810109615326,0.6210297346115112,-0.7280913591384888
5175,5175,1,0.99412775,296.123883062169,105.05511007562951,862.4546633894284,0.8051249199931063,2.4965871166222353,-0.2865116000175476,0.6575950980186462,-0.6967637538909912
5176,5176,1,0.9959234,296.1797797348976,105.89308167271888,861.7815615988055,0.8048428979096491,2.682196993876446,-0.2806243896484375,0.6920861601829529,-0.6650314331054688
5177,5177,1,0.994212,293.80061168685444,105.92914187420648,853.3254071536402,0.8199040234558569,2.787896191683162,-0.28353503346443176,0.7126821875572205,-0.6416323781013489
5178,5178,1,0.99419373,295.26534928675113,105.6391801950706,860.3947502996056,0.8244749341105213,2.9082542141759986,-0.2813877463340759,0.7282646298408508,-0.6248612999916077
5179,5179,1,0.9936208,295.47501699075855,106.97733720055061,857.4633228377007,0.8216739020653278,2.899052289523628,-0.28135448694229126,0.7277878522872925,-0.6254315376281738
5180,5180,1,0.9948186,290.0989198304068,105.01656802143016,842.1535188433028,0.8475162410135372,2.758791836024696,-0.2962058186531067,0.7105704545974731,-0.638241171836853
5181,5181,1,0.994858,294.0460943085863,106.26530575750235,853.95811175288,0.8508985713657676,2.7360631937269955,-0.3002154231071472,0.6996226906776428,-0.6483817100524902
5182,5182,1,0.9953294,294.0265765293917,104.79672351480826,855.2701545565815,0.8449779606503788,2.685736584013202,-0.2987145483493805,0.6917600631713867,-0.6574478149414062
5183,5183,1,0.9951652,290.2175886137658,105.14193613411949,848.5646805143916,0.8302347510430148,2.6506252577437364,-0.2908519208431244,0.6909533739089966,-0.661807119846344
5184,5184,1,0.99507314,295.6360189907467,105.15041112804848,861.6512316250004,0.81776962008481,2.7407384042960614,-0.284183531999588,0.7012885808944702,-0.653784453868866
5185,5185,1,0.99515057,293.5917915364873,105.2210965785818,858.8177651277492,0.8042037040635942,2.828028125540517,-0.2734396457672119,0.7190762162208557,-0.6388741731643677
5186,5186,1,0.9947772,294.43946679599736,104.85657720071264,860.0885670608612,0.7861646622050986,2.904972365193931,-0.26282671093940735,0.7328121662139893,-0.6276213526725769
5187,5187,1,0.99374276,292.675948769672,106.66115670369508,853.9080368950225,0.7620625420635483,2.9724918236946105,-0.24896743893623352,0.7479815483093262,-0.6152551174163818
5188,5188,1,0.99335176,292.512263812149,105.82198279697468,854.394412312041,0.7437502164531601,2.997717908537946,-0.23916514217853546,0.753816545009613,-0.6120136976242065
5189,5189,1,0.9931874,290.52630135742055,104.90192266172672,846.9666005777603,0.7408794407593189,2.9261604722860555,-0.23908452689647675,0.7475004196166992,-0.619743287563324
5190,5190,1,0.9926561,291.66138220260996,105.16563474495342,851.5133817024108,0.72907471699378,2.9208178979923023,-0.2339935153722763,0.7455973625183105,-0.6239644885063171
5191,5191,1,0.99328953,290.87814752178934,104.71485138914606,847.9650861264935,0.707057584781159,2.9134345811914897,-0.22323249280452728,0.7486563324928284,-0.6242443323135376
5192,5192,1,0.99419725,291.2292206344528,105.04706036210011,849.4422914197206,0.68604240357295,2.976710103033263,-0.21147790551185608,0.7592955231666565,-0.6154245734214783
5193,5193,1,0.9935276,289.7223115088601,104.97318203378676,847.5187856873164,0.6798558653885568,3.078420990835268,-0.20468886196613312,0.7753568291664124,-0.5974313616752625
5194,5194,1,0.9938328,289.6232515035243,104.52949616406751,847.8600775732913,0.6762209776672476,3.1687265711610775,-0.20044822990894318,0.7877030968666077,-0.5825327634811401
5195,5195,1,0.9938834,293.08807510720334,106.1756345446242,857.872944988519,0.6700645271073593,3.2883843796515966,-0.19679775834083557,0.797948956489563,-0.5696913003921509
5196,5196,1,0.99395156,289.449990333025,105.26979257243079,848.8757781598616,0.6763925898748109,3.2853646562937024,-0.19740881025791168,0.8015384674072266,-0.5644164085388184
5197,5197,1,0.99443746,292.76686631446336,105.93776260043859,858.8179477115891,0.6924093054093833,3.2828922151268607,-0.20679588615894318,0.7950087189674377,-0.5702601075172424
5198,5198,1,0.99481153,291.43137682652906,105.69032321408747,854.6100966455903,0.6983799443689088,3.1630035749971315,-0.21203573048114777,0.7813444137573242,-0.5869768857955933
5199,5199,1,0.99451363,286.97317322923135,104.82514601036449,843.8874503886826,0.7069494459286048,2.9408582969550134,-0.21938419342041016,0.7552133202552795,-0.6176758408546448
5200,5200,1,0.99550194,287.45071607527467,105.10609421667044,840.4613110332319,0.7082754443771869,2.739764160260522,-0.22657786309719086,0.7246312499046326,-0.6508241295814514
5201,5201,1,0.9956468,291.7936305577985,106.58051413512759,857.3582876629831,0.7129778505211964,2.6912903021775048,-0.23206612467765808,0.7063933610916138,-0.6686955094337463
5202,5202,1,0.9953484,293.7002420653107,107.13954748314272,863.1328069333767,0.7238896737911564,2.657466680012564,-0.23941828310489655,0.6959271430969238,-0.6770261526107788
5203,5203,1,0.9951444,293.5232101119285,106.54401548097509,863.4415665418641,0.7249667207720131,2.7146410120936926,-0.23806555569171906,0.706088662147522,-0.6669059991836548
5204,5204,1,0.9947201,291.9215069835173,105.50677855141983,857.3024268016858,0.7320969436422715,2.7686664685043927,-0.23934487998485565,0.7181641459465027,-0.6534174680709839
5205,5205,1,0.994701,290.22829097395044,106.1264936449304,852.8179765879855,0.7406533424222506,2.812036690354402,-0.2414938360452652,0.7264723181724548,-0.643365204334259
5206,5206,1,0.99551857,294.22271708935966,104.67040242770399,859.4901675811094,0.7371999904243106,2.827883927232071,-0.24175229668617249,0.726357638835907,-0.6433975696563721
5207,5207,1,0.99295664,283.34745000281663,103.56017385391429,820.7612005172169,0.7361239606040153,2.6355101047644736,-0.24264241755008698,0.7145353555679321,-0.6561737656593323
5208,5208,1,0.99222577,292.24925790014817,105.21361581980598,847.5196096269229,0.7192888950858076,2.6225196840543505,-0.2389093041419983,0.6987758278846741,-0.6742660999298096
5209,5209,1,0.991746,291.66946623923735,105.64993492579514,844.2885231738336,0.7084298444966742,2.4947337383399177,-0.23685389757156372,0.6773526072502136,-0.6964866518974304
5210,5210,1,0.9926594,297.76943989860087,107.06551500760634,858.55211214023,0.6926505369422803,2.4342744977672686,-0.23392944037914276,0.6581614017486572,-0.7156120538711548
5211,5211,1,0.9919384,302.43531574047717,108.87407285636135,873.1320660315297,0.6910571615260892,2.446712551718804,-0.23511897027492523,0.651924192905426,-0.720911979675293
5212,5212,1,0.9891804,301.37902472860554,109.30671554047512,871.0514402481002,0.7015524437266244,2.4621323867733786,-0.23954898118972778,0.654873251914978,-0.7167686820030212
5213,5213,1,0.9892988,292.18084551549765,105.78826840455493,841.9421727342757,0.7157558208042617,2.4563588474021993,-0.24263721704483032,0.6699899435043335,-0.7015986442565918
5214,5214,1,0.9889563,296.3455892383981,108.4398208407684,853.7947279823037,0.7192253355829716,2.61229128756473,-0.24259154498577118,0.6915245652198792,-0.6803992390632629
5215,5215,1,0.9866007,297.99187597836146,108.35032062647768,858.0553323865519,0.7268820819861876,2.7851610272045892,-0.24229799211025238,0.7187417149543762,-0.651691734790802
5216,5216,1,0.9853338,303.33646153128603,109.26052922988656,873.9666670788112,0.7422534281625283,3.029701699512698,-0.24490317702293396,0.746907114982605,-0.6181846261024475
5217,5217,1,0.98488945,294.3302279030302,108.3470223213882,847.4443133736163,0.76859095490094,3.091968875230269,-0.25079333782196045,0.7661920785903931,-0.5916523337364197
5218,5218,1,0.9830859,294.89184521104556,106.2021644223009,848.3192345084149,0.7669343311683267,3.108399645759665,-0.24946652352809906,0.768975555896759,-0.5885941982269287
5219,5219,1,0.98298603,294.2233889684587,105.68864633806436,846.9116231644706,0.7595271123663745,3.021027622564184,-0.2484106570482254,0.7584999799728394,-0.6024698615074158
5220,5220,1,0.9846884,298.06743948848845,107.70579915559055,860.0535195449926,0.74571993231718,2.933151099478052,-0.24657145142555237,0.739728569984436,-0.6261023879051208
5221,5221,1,0.9852047,298.7641462108642,108.09792545581074,861.3010434141391,0.7546830412148229,2.8052633172071646,-0.2553420066833496,0.7175549864768982,-0.6480087041854858
5222,5222,1,0.9864014,299.36574276778003,108.53579800124805,861.2576388919327,0.7628604036341686,2.7651062343762436,-0.2611818313598633,0.7096247673034668,-0.6543827652931213
5223,5223,1,0.9871967,298.031528930328,108.29864604202804,858.0892257829137,0.7804209805235622,2.700024784440162,-0.27105703949928284,0.6981973648071289,-0.6626073122024536
5224,5224,1,0.98934925,298.1479452137424,106.63637583750155,858.6035611749671,0.7861142238262282,2.660539179531582,-0.2748139500617981,0.6911222338676453,-0.6684514880180359
5225,5225,1,0.98960274,299.6861134025228,107.2371293552095,864.1033240133489,0.7632310930170781,2.697502530042512,-0.263057142496109,0.697199285030365,-0.6668689250946045
5226,5226,1,0.9931573,298.24494230250303,106.4624709557754,865.75272306162,0.7374340039043701,2.711774937172417,-0.2482917755842209,0.702430248260498,-0.6670404672622681
5227,5227,1,0.9945469,300.0402027601758,108.52505900812851,880.0157310535046,0.7337923338773921,2.8192481336220703,-0.24317440390586853,0.7132391333580017,-0.6573858857154846
5228,5228,1,0.99547833,290.56398773402185,103.74845280773854,851.2113925977477,0.7170247546950089,2.7593360277827155,-0.2315295934677124,0.7220796942710876,-0.6519163846969604
5229,5229,1,0.99547416,291.5030178805022,104.39780459087399,853.7598666733512,0.7093644033695966,2.752968926072083,-0.22850683331489563,0.7201544642448425,-0.6551046967506409
5230,5230,1,0.99357694,291.7097083895474,105.45320548338357,858.993196820525,0.7149687893976597,2.7657879173951416,-0.23052358627319336,0.7187507152557373,-0.6559392809867859
5231,5231,1,0.9930761,288.95086773719436,105.7647873746352,849.7201215401304,0.7067634481830484,2.74241013669522,-0.22590823471546173,0.7203007936477661,-0.6558446884155273
5232,5232,1,0.99396634,285.4862635178728,105.1305472191592,838.4789254303332,0.7267218611716179,2.668988261808394,-0.2363288849592209,0.7117829918861389,-0.6614481806755066
5233,5233,1,0.9948014,291.9445033282073,104.71753789372481,863.0250123441596,0.7429664657270498,2.709835063237114,-0.24536550045013428,0.7047103643417358,-0.6657170057296753
5234,5234,1,0.9939255,291.19442888070836,105.33413542427756,860.6431455738593,0.7336841851994369,2.644160587813707,-0.24241551756858826,0.6950221657752991,-0.676889181137085
5235,5235,1,0.99499124,293.96329849751504,106.00822346015225,869.7852868183769,0.7336917411334581,2.58946888226198,-0.24511615931987762,0.6798555850982666,-0.6911689639091492
5236,5236,1,0.99603266,289.7404234316509,105.15945330631466,860.1047283114704,0.7345067513303586,2.538649888884305,-0.2443995624780655,0.67594975233078,-0.6952415704727173
5237,5237,1,0.9952519,291.2181328217186,103.5922557565683,862.5666320172514,0.736970965098705,2.505468712794071,-0.24726450443267822,0.6687387824058533,-0.7011767625808716
5238,5238,1,0.9955621,293.37129191937396,105.52925092908015,873.2527063088916,0.7418292123510882,2.508354646675221,-0.2501200735569,0.662224292755127,-0.7063278555870056
5239,5239,1,0.9956399,293.99579340285777,106.26833918068446,872.8172455236185,0.7214973985260839,2.528122278812985,-0.24015074968338013,0.6679010391235352,-0.7044401168823242
5240,5240,1,0.995983,273.85099334548084,102.71963443762081,810.7154872591399,0.7224773094332745,2.347025349524232,-0.2357407659292221,0.6676702499389648,-0.7061463594436646
5241,5241,1,0.9956536,269.74667117059363,102.34971700488673,795.4835934923366,0.7165199062926083,2.276823864523784,-0.23273243010044098,0.6622969508171082,-0.712178647518158
5242,5242,1,0.9947773,291.2664106342332,106.65104967674456,858.2764577372342,0.6872086763641709,2.4073565908496612,-0.22524310648441315,0.654628336429596,-0.721614420413971
5243,5243,1,0.9932354,293.1138087100203,107.89874255583386,861.5831338857643,0.6714548503566307,2.3920552310351053,-0.2187301218509674,0.6503591537475586,-0.7274546027183533
5244,5244,1,0.99168617,292.2794216172926,106.95571955846087,853.1300169579881,0.6464763515340374,2.36844801646875,-0.20625951886177063,0.6527950763702393,-0.7289140820503235
5245,5245,1,0.9919419,292.456248913897,107.90297913322854,853.3456686592275,0.6572083119176694,2.413565420591044,-0.21138526499271393,0.6604195833206177,-0.7205291986465454
5246,5246,1,0.9951369,302.7092950885136,110.85863091509161,878.9851605251997,0.663089386666035,2.5245925792943296,-0.2185666859149933,0.6661888360977173,-0.7130365371704102
5247,5247,1,0.9956371,304.2151853542169,111.82448782670618,886.8131667375819,0.6881251539466019,2.5647482541313806,-0.23069997131824493,0.6669764518737793,-0.7084630727767944
5248,5248,1,0.9945529,288.2706273447281,108.23467801100482,835.1864101501418,0.7050098171447451,2.4437104634236886,-0.23503024876117706,0.6712231040000916,-0.7030081748962402
5249,5249,1,0.9931034,293.3733766382505,107.3231100286203,844.627128116687,0.6915195665234045,2.5443392170478423,-0.22865737974643707,0.6873088479042053,-0.6894363760948181
5250,5250,1,0.9922611,292.2611897271805,108.04237567389968,838.4620517550851,0.6808700481324551,2.6788624285532716,-0.21965861320495605,0.7157573699951172,-0.6629038453102112
5251,5251,1,0.9932467,293.9159747992297,109.62200120615358,844.9085132654104,0.6661142247523832,2.943638135449761,-0.2063325196504593,0.7560847401618958,-0.6210981011390686
5252,5252,1,0.9950187,305.09633277919835,113.28299005402079,875.849502143683,0.6301603296910752,3.2567426945506686,-0.1887425184249878,0.7859486937522888,-0.5887791514396667
5253,5253,1,0.9950051,302.6757220250169,113.08682903717134,865.0076933306335,0.6406066961605001,3.237706812827263,-0.1929984837770462,0.7875908017158508,-0.5851942300796509
5254,5254,1,0.9947248,301.7843299774525,110.47827640770386,860.9521928566364,0.6296383489358016,3.066157567946983,-0.19107042253017426,0.7684695720672607,-0.610693633556366
5255,5255,1,0.9945755,300.10484202126787,111.19220147660576,858.4249283256926,0.6610841095587555,2.8574309949236487,-0.21029230952262878,0.7354010343551636,-0.6441758275032043
5256,5256,1,0.99470335,299.8039122574982,110.60007912778303,856.0766360065264,0.6949806903605739,2.657753163854516,-0.23238351941108704,0.6995667815208435,-0.675724983215332
5257,5257,1,0.9950958,307.38192673193737,114.4680337871949,876.6935486960912,0.7119487482374143,2.6851148310488524,-0.2445630580186844,0.6897316575050354,-0.6815124750137329
5258,5258,1,0.995488,299.9457877773588,110.38214664519249,855.2093888686198,0.7268202343881892,2.6927152392300546,-0.2476055771112442,0.702886700630188,-0.6668146848678589
5259,5259,1,0.99517953,296.1334053720062,109.47052397371014,845.4618970353866,0.7376870944938329,2.796778192358474,-0.24768763780593872,0.7250838875770569,-0.6425762176513672
5260,5260,1,0.99627125,302.9897172894196,112.48215277814678,866.9389309730032,0.7244939105595767,2.986326642341104,-0.23912890255451202,0.7441126108169556,-0.62378990650177
5261,5261,1,0.9961481,304.6301610491466,113.20489812591579,872.0491549057343,0.7012935438710893,3.033702336528479,-0.22769232094287872,0.750685453414917,-0.620183527469635
5262,5262,1,0.9959889,301.52859184184814,110.80499221535945,861.5736405872389,0.6688573710007901,3.0132299144994446,-0.21098588407039642,0.7569430470466614,-0.61848384141922
5263,5263,1,0.99541265,297.3584161693221,109.30629804613817,849.7400288801215,0.6471835675671612,3.042305463313301,-0.19717121124267578,0.769609272480011,-0.6073097586631775
5264,5264,1,0.9950765,304.42064582930783,112.68654910161723,872.0222062830135,0.63126362252436,3.2751773198562355,-0.1885462999343872,0.7900746464729309,-0.5832944512367249
5265,5265,1,0.99446386,308.6717973864386,114.84078723186747,881.6110564511068,0.6094333570760146,3.563889851109055,-0.17535851895809174,0.8199834823608398,-0.5448637008666992
5266,5266,1,0.99278766,307.21784950698304,114.51352086036837,881.7642722098129,0.5945058319795197,3.816431068546191,-0.162550151348114,0.8459076285362244,-0.507954478263855
5267,5267,1,0.99326915,301.11356139465624,111.22185919431587,863.329644438359,0.5858098693871359,3.8895211743276694,-0.15343959629535675,0.8606106638908386,-0.4855981469154358
5268,5268,1,0.9934145,299.520532484712,111.35609640412106,860.8429268060387,0.5906550727668443,3.9820792450158553,-0.1526787281036377,0.8686825037002563,-0.47125351428985596
5269,5269,1,0.9931467,298.41597480617537,110.17784575327993,856.7024422448534,0.6185306322602978,3.871359349765525,-0.16577082872390747,0.8596222400665283,-0.48329049348831177
5270,5270,1,0.9927804,306.68743944139345,115.554726145251,881.8280479523393,0.6325623964029459,3.822452887406004,-0.17819514870643616,0.8434717655181885,-0.5067562460899353
5271,5271,1,0.99286336,306.8413959592113,115.37712756008375,883.3256466069876,0.6438264393163329,3.6954758521233773,-0.18582211434841156,0.8301320672035217,-0.5256909132003784
5272,5272,1,0.9928798,306.0528577871216,115.81600341571182,882.5175304128751,0.6541136269643963,3.5952912792495497,-0.19210098683834076,0.8194347620010376,-0.5400221943855286
5273,5273,1,0.992808,305.0187093683882,115.27060788770969,879.4149195347418,0.6613275854106173,3.622959439978559,-0.19391365349292755,0.8231525421142578,-0.5336829423904419
5274,5274,1,0.9928623,305.2957330081494,115.65864466226272,882.6627644888912,0.6622617802903249,3.725908924960675,-0.19181306660175323,0.8319845795631409,-0.5205856561660767
5275,5275,1,0.99281996,299.71168602016405,112.44058308349913,866.6289516110422,0.6558771465208907,3.689943408295087,-0.1863282322883606,0.8363898992538452,-0.5154936909675598
5276,5276,1,0.9926144,302.2972103841364,113.65738476729355,874.069934036305,0.6616845563456935,3.7158554366525474,-0.1898457109928131,0.8350650668144226,-0.5163573622703552
5277,5277,1,0.99268097,304.50403116858405,115.28833756591696,881.8706348154479,0.6626029334076202,3.7111638830923424,-0.191695898771286,0.8310141563415527,-0.5221764445304871
5278,5278,1,0.99293053,303.82361438015255,114.8319105638548,880.2857965172656,0.6647081751655862,3.635560085302554,-0.19395719468593597,0.8241152763366699,-0.5321791768074036
5279,5279,1,0.99333584,305.37902991855555,116.12799373798468,883.3041892423189,0.6641429819485541,3.627107170250294,-0.19509553909301758,0.8216127157211304,-0.5356214046478271
5280,5280,1,0.99352634,301.17964267261476,117.40987001238568,869.0667613450196,0.6620654701714624,3.5046476659805346,-0.19520100951194763,0.8144258856773376,-0.5464495420455933
5281,5281,1,0.9931932,294.5784881893566,116.86773980924362,850.3081196193247,0.6830253280442448,3.3326272901140586,-0.20525461435317993,0.8014933466911316,-0.5616751909255981
5282,5282,1,0.99150413,297.4210140564175,118.08223816793641,861.6083442320956,0.6865519752215731,3.2775009568967954,-0.20979665219783783,0.7889337539672852,-0.5775542855262756
5283,5283,1,0.9897217,287.8421879841171,115.08017945782206,838.8599423523139,0.6912060006533998,3.0730236727894016,-0.21115423738956451,0.7737832069396973,-0.5972214937210083
5284,5284,1,0.99216086,298.4788931216859,116.22801247748392,873.9904990889812,0.6973645381517162,3.2730352474065048,-0.21413147449493408,0.7827197909355164,-0.5843779444694519
5285,5285,1,0.9945696,298.30258668801974,115.27112671608994,872.7322896319844,0.7097960425305654,3.4025857249670706,-0.21603356301784515,0.7982427477836609,-0.5622615218162537
5286,5286,1,0.9941347,296.72550636452996,114.69860645936744,870.0339788761436,0.726838725765126,3.5980266514913706,-0.21687588095664978,0.8196902871131897,-0.5301629304885864
5287,5287,1,0.9929054,301.7959323814186,117.93122017212708,885.1660697781837,0.7370789656840876,3.959826688143333,-0.21400690078735352,0.8460599184036255,-0.48824548721313477
5288,5288,1,0.99282587,298.70863364726205,116.47190292481393,875.4915411574447,0.7429537178959764,4.097549433479327,-0.2107618749141693,0.8606020212173462,-0.46362006664276123
5289,5289,1,0.9920257,294.1899368509793,115.49300405360304,859.414144838744,0.7836093446117307,3.984589917416919,-0.22798438370227814,0.8539872765541077,-0.4676845669746399
5290,5290,1,0.99223435,307.9108766373776,120.09498251041252,902.7605708212465,0.7743578130938424,3.8780438882699553,-0.2347111850976944,0.8281628489494324,-0.508976399898529
5291,5291,1,0.99198115,298.1583826528087,115.9535632861431,872.6311692744443,0.7435773602593064,3.1749296273338388,-0.23789937794208527,0.7660245895385742,-0.5971685647964478
5292,5292,1,0.9914733,294.032000906209,114.22244330525034,868.0283307997865,0.7176634745237392,2.682765591242933,-0.23632235825061798,0.6951046586036682,-0.6789560317993164
5293,5293,1,0.9967828,291.5516806738556,112.96232653167236,864.4860209882339,0.706462639077284,2.382890715086266,-0.2361125946044922,0.640595018863678,-0.73067706823349
5294,5294,1,0.99490464,292.65093557944454,111.72590572297254,874.7030878554373,0.7012459568811465,2.3257501167901697,-0.23368994891643524,0.6244807839393616,-0.7452602386474609
5295,5295,1,0.9952922,298.021624998277,115.36715503099462,895.0271361629125,0.7045700475143203,2.408746208898941,-0.23576386272907257,0.6289533972740173,-0.7408326864242554
5296,5296,1,0.99161774,290.33898828096056,115.22863329271918,881.3718767953463,0.7262794909000851,2.50529629102039,-0.2396000176668167,0.6543065905570984,-0.7172689437866211
5297,5297,1,0.9940491,301.2588397553605,118.70387164479693,916.7564788149813,0.7512721266137546,2.7331136163212837,-0.25074589252471924,0.6747740507125854,-0.694122850894928
5298,5298,1,0.9948232,298.22407968722047,121.71322472955639,915.6044235568512,0.783534198121613,2.825665881193795,-0.26135480403900146,0.6871435642242432,-0.677884578704834
5299,5299,1,0.9935959,296.37177591465667,120.9465855879685,914.3436557205787,0.8081120894172169,2.8715998435599026,-0.26981016993522644,0.6935470700263977,-0.6679782867431641
5300,5300,1,0.99491537,295.3476695767277,120.2454184339885,911.2392318554154,0.832120261738107,2.9085667160723303,-0.27911096811294556,0.6988876461982727,-0.6585234999656677
5301,5301,1,0.99453294,298.5936085010613,123.89484248295601,923.7755735578518,0.8436593425679916,2.989018779044457,-0.282970130443573,0.7030354142189026,-0.6524331569671631
5302,5302,1,0.9947372,297.36610802882274,122.45843004440458,918.4221724468807,0.8516001491483116,2.932872758700184,-0.28794780373573303,0.6962233781814575,-0.6575401425361633
5303,5303,1,0.995869,295.40596571790934,122.41985130728654,909.195595767694,0.8236527144839654,2.763704014405035,-0.28058210015296936,0.6748802065849304,-0.6825031042098999
5304,5304,1,0.9946189,301.8473792276166,120.57612270180054,920.5805357714759,0.7763870221653278,2.600894420085102,-0.26632392406463623,0.6447151899337769,-0.7165290713310242
5305,5305,1,0.99576724,293.1136510244825,114.30170361092121,893.0220321497859,0.7436510964845185,2.3185486804633255,-0.2531885802745819,0.6080206036567688,-0.7524669766426086
5306,5306,1,0.9906793,286.61013891236735,107.98766631115588,883.4991942550456,0.7584616776705096,2.1159188443060986,-0.25983455777168274,0.5699428915977478,-0.7795198559761047
5307,5307,1,0.9887905,261.0764849356321,98.11803368250463,814.5378347762444,0.7708713212366588,1.8192478814014206,-0.2603050470352173,0.5381136536598206,-0.8016701340675354
5308,5308,1,0.98738086,243.4853395004857,91.53850306785766,771.9789446646934,0.787094533975913,1.6577763029798018,-0.2630402147769928,0.5207412838935852,-0.812181293964386
5309,5309,1,0.991475,244.35845084942866,91.95205216226306,791.6619330419308,0.792872661777884,1.6717806806610007,-0.26215988397598267,0.5134856700897217,-0.8170707821846008
5310,5310,1,0.98585504,239.60444381920854,93.69128680328724,797.8611977533905,0.806912324891184,1.6724496138898937,-0.2638140022754669,0.5081859230995178,-0.8198471069335938
5311,5311,1,0.9912019,229.7188744126931,93.59639433834307,790.2478747236979,0.8463513089875013,1.6642114050978172,-0.27829426527023315,0.5068768858909607,-0.8158603310585022
5312,5312,1,0.9950264,225.1374258700765,93.58508770913015,789.8872544155196,0.8761562630017672,1.6792181394149102,-0.29052406549453735,0.5087859034538269,-0.8103904724121094
5313,5313,1,0.98917514,225.86254209799378,96.63527964843951,814.9893357187333,0.8746350003005043,1.768389423971387,-0.2821999788284302,0.5192737579345703,-0.8066709637641907
5314,5314,1,0.9942725,216.57349098467384,96.73690114226868,806.7423084697266,0.8697572977164255,1.8170079021929173,-0.2704808712005615,0.5389575958251953,-0.7977247834205627
5315,5315,1,0.9939247,206.57646859056658,94.22957389180596,782.2233724206426,0.8796618630741313,1.8361341132214988,-0.2705903947353363,0.5595692992210388,-0.7833665609359741
5316,5316,1,0.9903156,201.6656529521507,92.4082145032374,773.3577194645973,0.8859497670724756,1.9522381502166415,-0.2677164077758789,0.5966923236846924,-0.7564960718154907
5317,5317,1,0.99261993,194.71522158359946,93.9480697140177,766.4170842065861,0.8997432230092207,2.132834423613884,-0.26471298933029175,0.6431106328964233,-0.7185651063919067
5318,5318,1,0.9966569,186.7290699860548,96.00007272688798,745.9224700039687,0.93517508313543,2.333468404691988,-0.274131178855896,0.6936002373695374,-0.666161298751831
5319,5319,1,0.9947607,176.238203321557,96.35922556911771,714.7326200693795,1.0022412025785508,2.6349132511389843,-0.293195903301239,0.757688045501709,-0.5830480456352234
5320,5320,1,0.9940572,170.8870311073845,100.9338099182163,696.580091745196,1.1919103836640463,3.0853912915453834,-0.36064037680625916,0.7999423146247864,-0.47961539030075073
5321,5321,1,0.9913803,169.2339599917611,110.55918861025832,702.2870585530977,1.4096053631637402,3.640419618158947,-0.41459551453590393,0.8203127384185791,-0.39395132660865784
5322,5322,1,0.9973533,165.7239681419974,112.83421887691033,698.063411365707,1.5475599625362306,4.112057024469478,-0.43039411306381226,0.8401145339012146,-0.3301037549972534
5323,5323,1,0.9955395,161.90433651765883,119.56564909661317,689.2066387790948,1.6369667585035232,4.187945586046384,-0.45474210381507874,0.8333281874656677,-0.31428295373916626
5324,5324,1,0.99159664,168.76818220294953,130.70170727001792,717.6997302109321,1.7796531488775822,4.6054171026659025,-0.47318893671035767,0.8322554230690002,-0.28886541724205017
5325,5325,1,0.98111385,179.53581806454358,138.45068146551205,725.9648734126353,1.93738624488635,5.066434181675245,-0.49183690547943115,0.8336758613586426,-0.2511593699455261
5326,5326,1,0.9882752,162.92505046472212,137.70311162726225,701.7720455745575,1.962660200390898,5.24280899999212,-0.48078426718711853,0.8475753664970398,-0.22463864088058472
5327,5327,1,0.9614127,180.16584772826184,147.7760879595668,737.5630003467039,2.11094310195996,6.227970533393394,-0.46607229113578796,0.8664613366127014,-0.17894519865512848
5328,5328,1,0.95421445,163.95525990437284,149.0066851777569,692.3939621507647,2.089449270538819,6.217970758265117,-0.45734453201293945,0.8752022385597229,-0.15766103565692902
5329,5329,1,0.9581354,186.10971962098316,158.64082115475415,749.1939240232724,2.0957355518068215,6.625874191694928,-0.44635260105133057,0.8797299265861511,-0.1638433188199997
5330,5330,1,0.9807015,182.74890156901924,149.87352399890622,749.3166540285778,1.7949757494570238,6.175804805793111,-0.3971150815486908,0.8975129723548889,-0.19175520539283752
5331,5331,1,0.9828079,172.9638732471773,144.74213774465068,711.6855849445393,1.4915123720518029,5.261691826265707,-0.35651320219039917,0.903358519077301,-0.2384149730205536
5332,5332,1,0.9763282,184.80370388898018,156.8452420286163,728.3838800421304,1.3196539388662498,4.796188071459834,-0.33407172560691833,0.8953694105148315,-0.2944650650024414
5333,5333,1,0.96786577,167.8174654263852,145.81146382604265,713.9788168277419,1.1326920275324484,4.126882606113411,-0.2851558327674866,0.8875652551651001,-0.3618205189704895
5334,5334,1,0.97822624,167.59706515465874,145.9076030807348,718.2177140504922,1.0346810443980323,3.7042433625080435,-0.2622404396533966,0.8663474917411804,-0.42505529522895813
5335,5335,1,0.98810613,171.960352002412,149.16268147220504,728.8214915496102,0.8152850006252418,3.33399534244676,-0.17357590794563293,0.848656952381134,-0.4996526837348938
5336,5336,1,0.9308926,151.9197460902694,130.95081246391499,675.7291794206297,0.6063970072026944,2.775025681344199,-0.042887382209300995,0.8272318243980408,-0.5602216124534607
5337,5337,1,0.96609247,147.77764282175693,128.57714159899942,669.3582963262824,0.516397720951115,2.614031558358108,0.020629892125725746,0.8095151782035828,-0.5867364406585693
5338,5338,1,0.9639029,148.68308625522647,133.12569724311507,678.8598054899061,0.5417353692501549,2.6164090730952734,0.0031582526862621307,0.8021688461303711,-0.5970889329910278
5339,5339,1,0.96579146,149.663161299417,131.50953238217423,675.1485676029997,0.5983311588720795,2.637302784032276,-0.03455275297164917,0.8069123029708862,-0.5896597504615784
5340,5340,1,0.98348755,165.94982745974744,141.25290122753077,710.0637633994667,0.7083281039582633,2.884793129807943,-0.11846215277910233,0.8140329122543335,-0.5686098337173462
5341,5341,1,0.98642516,154.56682379878058,136.80171547306165,695.7826767489269,0.7858786134627574,2.9672721266627367,-0.14994414150714874,0.8292568922042847,-0.5383769869804382
5342,5342,1,0.9836519,147.54170606633457,131.6589088235232,682.8439095738428,0.8080233323212974,3.0904815929414986,-0.15256279706954956,0.8510998487472534,-0.5023481249809265
5343,5343,1,0.9851059,152.03460338173048,133.06329270400005,686.962737522016,0.8593977184439416,3.2080115453773073,-0.18173493444919586,0.856400191783905,-0.4832712709903717
5344,5344,1,0.9853066,150.8843631927484,132.71369914633237,675.5208485332299,0.8833716599253475,3.252850298286089,-0.19282929599285126,0.8637402057647705,-0.4655853509902954
5345,5345,1,0.9854101,157.24950644271883,136.59748603973478,695.3901866274365,0.829054600168122,3.3239469444716057,-0.16756245493888855,0.8658396005630493,-0.4714283347129822
5346,5346,1,0.9866486,141.22497953107194,127.13920025876216,676.1209164772454,0.7564848035233609,3.206672475987547,-0.1153622418642044,0.8724631071090698,-0.47486811876296997
5347,5347,1,0.9855503,152.06268769202913,130.86741432012968,679.6955876954515,0.681758222196307,3.266423377305269,-0.08525652438402176,0.8793540000915527,-0.46847403049468994
5348,5348,1,0.9856711,138.19863090017842,123.90682198211103,668.102801466341,0.6809510926952866,3.2717308037672552,-0.07048632949590683,0.8873382210731506,-0.455700159072876
5349,5349,1,0.9827047,145.12413488693645,130.0570121239488,666.4313048542903,0.7514835196455363,3.3597299947833577,-0.11512776464223862,0.8899403214454651,-0.4413069188594818
5350,5350,1,0.98235977,149.0041017894325,133.81870871919932,674.0398118350145,0.7433559420278005,3.4718914854923044,-0.11301576346158981,0.8956872820854187,-0.43008339405059814
5351,5351,1,0.9760271,148.0759352329998,132.52876539321701,682.8308524857524,0.7447026229528131,3.5769405778439847,-0.11076165735721588,0.900844931602478,-0.41977405548095703
5352,5352,1,0.97273725,147.43194902581814,130.80407557515602,657.7455431315915,0.785344573030795,3.5153491379490855,-0.13281017541885376,0.9030073285102844,-0.40858203172683716
5353,5353,1,0.97138894,144.39995302174404,127.98321193611805,656.7478650494938,0.9048917851365272,3.7127771392916173,-0.18356822431087494,0.9083570837974548,-0.375752717256546
5354,5354,1,0.97053605,150.14034260406845,133.24885637708664,676.1672516946315,1.051070154863874,3.994940512282129,-0.24379509687423706,0.9041501879692078,-0.35082247853279114
5355,5355,1,0.9689164,161.54320683812085,140.98703101182878,705.4853164335827,1.2276289803149254,4.385245928295358,-0.30470040440559387,0.8962271809577942,-0.32238876819610596
5356,5356,1,0.9720523,141.60108027078635,131.03366102931878,663.6638704818146,1.268626420054149,3.9812571358802105,-0.32854726910591125,0.882087767124176,-0.3376061022281647
5357,5357,1,0.96779364,144.35549230138142,133.28743137583126,674.8523956974506,1.3330633910609606,3.8958870065776825,-0.3605596423149109,0.8627632260322571,-0.3544522225856781
5358,5358,1,0.9729422,149.1880345146668,133.83069265090106,696.1202443852077,1.241059804942124,3.7390511706567606,-0.33419790863990784,0.8562139272689819,-0.3939664661884308
5359,5359,1,0.9701751,168.38097380817797,147.08560805697314,732.233916703105,1.012088810574204,3.649693649273795,-0.253867506980896,0.8590084910392761,-0.4445849359035492
5360,5360,1,0.97168237,147.92990496161644,131.26684316774669,686.4639244565092,0.8246734837205132,3.2631355199803056,-0.157526433467865,0.8665761947631836,-0.47353053092956543
5361,5361,1,0.97602344,148.73159712960555,131.32501510900389,675.6594441184419,0.7768966274914408,3.237934433639053,-0.13410671055316925,0.8723984956741333,-0.47003862261772156
5362,5362,1,0.97788846,151.82530784118117,135.67970860589296,699.6602946430799,0.6919344093331369,3.462114983175696,-0.08834677934646606,0.8872639536857605,-0.45272231101989746
5363,5363,1,0.9806323,143.85566131806158,132.12119904963018,667.009832997797,0.7120692761039499,3.412021024855017,-0.09249558299779892,0.8961797952651978,-0.4339427947998047
5364,5364,1,0.9815662,151.36317860378844,137.34392376820657,688.3904658386385,0.703664345577761,3.5655085128125172,-0.09350720047950745,0.8990864753723145,-0.4276679754257202
5365,5365,1,0.98250663,157.54845391469433,139.9288576602333,704.6585782894157,0.5548945893764076,3.69548916734907,-0.024178501218557358,0.9074023962020874,-0.4195668697357178
5366,5366,1,0.9854671,144.10717674219768,130.01000555928962,685.5872511235192,0.45910105662292094,3.5398998288680046,0.038826022297143936,0.9051556587219238,-0.42330336570739746
5367,5367,1,0.985706,160.21357342218445,141.66043606709016,709.4873805857565,0.3276168421725648,3.6795362830813954,0.08592885732650757,0.9032753705978394,-0.42036867141723633
5368,5368,1,0.9860664,141.9866977951909,128.68474855450097,667.0696521924995,0.21813263275173467,3.4835478781165157,0.16566629707813263,0.8985029458999634,-0.40650609135627747
5369,5369,1,0.9865892,138.32263075263532,126.87428957305461,650.0434029578429,0.20287214242187024,3.4364475846901223,0.18008831143379211,0.8994843363761902,-0.39811569452285767
5370,5370,1,0.9897029,138.3956911378402,128.0194691509156,659.8915516153654,0.1794234635178829,3.561154561851353,0.18449024856090546,0.9037562608718872,-0.38624855875968933
5371,5371,1,0.9869963,129.15708365547937,119.1247998405986,647.9485829092661,0.22442134992827162,3.582007021097502,0.16946648061275482,0.9124718904495239,-0.37239253520965576
5372,5372,1,0.98901516,141.09886846931326,129.49817511087772,659.6663686566759,0.1770281218618653,3.7835815501943224,0.17213281989097595,0.9189637303352356,-0.35478997230529785
5373,5373,1,0.98322624,144.6961191250492,131.0757956235566,683.9205608402837,0.31590776868191134,3.9775309331352755,0.09628478437662125,0.930338978767395,-0.3538341224193573
5374,5374,1,0.98313004,170.63884029771503,143.81841252479543,722.8965736651281,0.43180671519156316,4.308979583491364,0.015581619925796986,0.9376773834228516,-0.34715744853019714
5375,5375,1,0.97779,148.78368511824456,136.76531913151086,717.9488976755634,0.6109811212328322,4.217104328086836,-0.0438741073012352,0.9334103465080261,-0.35611817240715027
5376,5376,1,0.9611137,168.16407395869246,150.35963413888564,735.2839257891013,0.6899512508190386,4.322485969066054,-0.09385921061038971,0.9285744428634644,-0.3590821623802185
5377,5377,1,0.9732334,167.08553613118173,151.30166722286273,744.3878650852072,0.7964187100852663,4.39709804021878,-0.1366472691297531,0.924251914024353,-0.35649117827415466
5378,5378,1,0.9846379,168.85058401377742,144.81421566502868,720.5560187388487,0.9093343734606483,4.3422867359453905,-0.18625545501708984,0.9203471541404724,-0.34390416741371155
5379,5379,1,0.97749126,177.28388270468972,153.19606451064456,736.3728409282102,1.1174827721249947,4.805958894023373,-0.25720247626304626,0.917897641658783,-0.302176833152771
5380,5380,1,0.9731802,186.3839445617916,153.84024062907636,740.9346567646036,0.8906442131814992,4.721286579186226,-0.1820017546415329,0.9310716390609741,-0.3161977529525757
5381,5381,1,0.96354896,162.59383213854656,147.60405546642556,758.0878959019019,0.7653504535731728,4.8314714753461745,-0.11353069543838501,0.9420928359031677,-0.3155500888824463
5382,5382,1,0.9534791,182.70146871714417,154.81898516985146,741.026876701632,0.5236129068637265,4.823773714535738,-0.03524940833449364,0.9518197774887085,-0.30462542176246643
5383,5383,1,0.9601802,166.5135119351087,149.7214075243107,718.6985699648156,0.6225869041331866,4.924420963773083,-0.061770059168338776,0.9581908583641052,-0.27938273549079895
5384,5384,1,0.97114605,162.0339014656045,147.4585943717373,735.8700903670182,0.26625095449452574,5.302032801004949,0.06969762593507767,0.9659416079521179,-0.24919679760932922
5385,5385,1,0.9769786,176.66010454428454,150.84638268669673,738.7524104865078,-0.1452795028298034,6.053286799899293,0.1736384928226471,0.9672582149505615,-0.1850978136062622
5386,5386,1,0.960922,181.31311822861346,160.86138980669057,765.5798501695666,-0.571076243621528,7.351101806984498,0.2382153868675232,0.9637951254844666,-0.11980138719081879
5387,5387,1,0.94123864,149.3350559086375,138.7823706629699,664.087002198885,-0.543218991533855,7.329127924610437,0.24540409445762634,0.966713547706604,-0.07240023463964462
5388,5388,1,0.93692386,186.9478767608707,168.57595662766406,779.8497395644804,-1.1457506369992305,10.360969435045002,0.25393766164779663,0.9669936895370483,-0.020950138568878174
5389,5389,1,0.94034964,154.8237602424872,149.86346659388852,701.4514566066244,-0.8263422041391284,8.639596355260636,0.2582426071166992,0.9652374982833862,-0.040339674800634384
5390,5390,1,0.9680057,195.38549180774896,175.52893559026484,797.0228384576504,-1.4527596689126279,10.455345241247253,0.29793986678123474,0.9543244242668152,-0.022285977378487587
5391,5391,1,0.96958476,149.0600890728266,146.15215472127025,681.952945477524,-1.2834526550148853,9.68114394006151,0.3069126009941101,0.9517348408699036,-0.0023249411024153233
5392,5392,1,0.96124023,170.40103796744214,162.61923265195233,756.7507852242011,-1.7428299961930687,11.22559473885962,0.32318419218063354,0.9463039040565491,0.007804930675774813
5393,5393,1,0.9582185,166.30141745477047,160.23172138171742,735.0811351159342,-1.6736791629109293,10.611163668082922,0.33318039774894714,0.9428604245185852,0.002237016800791025
5394,5394,1,0.9544575,154.12317970032532,147.80608839697084,697.1976845614998,-1.270519779223783,8.220434788790046,0.35845983028411865,0.9323720335960388,-0.04678574204444885
5395,5395,1,0.95776033,146.68459919442265,142.7676671627073,670.7859988579224,-1.0581723257135662,7.229338532479013,0.3649296462535858,0.9282394647598267,-0.07209612429141998
5396,5396,1,0.9523526,156.67765356629147,152.21346449038174,705.4552214319451,-1.157908013862377,7.686056393131818,0.36048632860183716,0.9301711916923523,-0.06950623542070389
5397,5397,1,0.9419068,153.65813678712829,147.60766876760076,698.0194171435311,-0.8794372626242926,6.395838825975976,0.36621707677841187,0.9220361113548279,-0.12543728947639465
5398,5398,1,0.9512986,169.14934048609072,153.53935553920317,735.3348238768721,-0.8407496413770434,6.04113379074967,0.36970657110214233,0.914199709892273,-0.16599981486797333
5399,5399,1,0.8764543,176.86345981634702,154.82255507389945,769.6760770046999,-0.6355989656379337,5.278451091155796,0.3553386330604553,0.9022004008293152,-0.244476780295372
5400,5400,1,0.95469654,189.40212543072332,153.71641968331718,756.3087279111593,-0.6267447317550654,5.131408749818428,0.3555082082748413,0.9008767008781433,-0.24906842410564423
5401,5401,1,0.9099061,189.0807661599433,150.74544294762651,762.4162163761943,-0.4624549953666549,5.263551187103182,0.297316312789917,0.9219135642051697,-0.2483513355255127
5402,5402,1,0.9793691,205.5977445115592,162.4958173837047,814.6898682776073,-0.08162104413070446,5.162996165647874,0.16616997122764587,0.9375478625297546,-0.30560025572776794
5403,5403,1,0.93853056,190.39825193327786,147.5830612930778,744.1609025296683,0.5046692268798434,4.446640425121771,-0.032384391874074936,0.9371320605278015,-0.34746915102005005
5404,5404,1,0.93520045,179.6706500162121,133.27653463178254,731.9052621690067,0.9247179732935372,4.515528889776365,-0.1935635656118393,0.9245838522911072,-0.3281429708003998
5405,5405,1,0.9927322,169.3883707155379,121.83000283672486,716.8188915267616,1.1895469762753224,4.634091512553275,-0.2802260220050812,0.9119109511375427,-0.29981961846351624
5406,5406,1,0.9969392,168.02529251623602,100.51540076567677,676.1156391840574,1.2479267662005389,4.0352737457756405,-0.3284386098384857,0.8845956921577454,-0.3310869336128235
5407,5407,1,0.9975944,187.55705539313036,96.17629781822505,716.9367839933433,1.2258212010280702,3.588090910657141,-0.35401955246925354,0.8384078741073608,-0.4144182503223419
5408,5408,1,0.996789,205.7086136948669,100.30851813201679,765.2751498456531,1.1081176952079397,2.9543628200259717,-0.34755101799964905,0.7595146894454956,-0.5498598217964172
5409,5409,1,0.9955439,209.2358734792274,97.82820158599498,777.3151843124375,1.000245807440062,2.4752992726821046,-0.3192867338657379,0.6907023787498474,-0.6488345265388489
5410,5410,1,0.99517125,211.946395737433,89.8991633240659,783.5285321230741,0.9389586194122409,2.1231187855262346,-0.30032026767730713,0.6260053515434265,-0.7196701765060425
5411,5411,1,0.9953674,219.03089579044345,83.47530238283952,800.6728684304799,0.9308459682096499,1.9134821629988539,-0.30417996644973755,0.5704493522644043,-0.7629299759864807
5412,5412,1,0.99465746,214.01412967381327,75.17064538664478,779.3626430336462,0.929179876019641,1.7339132277016844,-0.3071935772895813,0.5412213206291199,-0.7827590107917786
5413,5413,1,0.9917897,215.5718096044809,68.7168579809404,772.7276666362449,0.9108076350530876,1.5281102973096465,-0.30396175384521484,0.4926280379295349,-0.8154292702674866
5414,5414,1,0.99632436,211.8306676338559,59.21865947220735,759.4828593309832,0.924839083990103,1.2596973022481608,-0.3155084252357483,0.42183437943458557,-0.8500059843063354
5415,5415,1,0.99007344,208.924601475762,48.568996635634896,743.9292011415396,0.9248685434952305,0.9704849141828665,-0.3187066614627838,0.3393940031528473,-0.8850072622299194
5416,5416,1,0.9901177,200.13488380242225,42.07671229100685,703.1542534477426,0.9361276485580767,0.6776808454516944,-0.33006778359413147,0.2492845505475998,-0.910446286201477
5417,5417,1,0.9922125,202.2870610700427,40.032461098538626,692.7896989758019,0.9307833900316476,0.4905606750622506,-0.33104145526885986,0.17802517116069794,-0.9266707301139832
5418,5418,1,0.9889446,209.83336828953267,42.15804073448911,704.9909044770108,0.917595364662521,0.38051591417740593,-0.32431280612945557,0.1271369457244873,-0.9373672604560852
5419,5419,1,0.9935011,210.4962902938663,42.51998339130282,702.3104571057653,0.8995391611240506,0.40384017988357546,-0.31491488218307495,0.13780972361564636,-0.9390618205070496
5420,5420,1,0.99516016,214.6201905530157,43.39428507131493,709.1468615810885,0.8829996911568005,0.47870198499232575,-0.307997465133667,0.1670837253332138,-0.9366005659103394
5421,5421,1,0.993439,221.21121322661295,46.79557480419714,726.359351819497,0.8825857815076289,0.6431987297236281,-0.3119853138923645,0.2245088368654251,-0.9231797456741333
5422,5422,1,0.9948571,225.56951806512924,56.772585798488244,730.252972427997,0.8760068702673328,0.8693101662395623,-0.3142159581184387,0.29934918880462646,-0.9009208679199219
5423,5423,1,0.9955087,244.65451695167872,74.25622703861369,785.8806546361574,0.8818664092107189,1.2318889753856594,-0.32075023651123047,0.38461190462112427,-0.8655593395233154
5424,5424,1,0.99194545,247.29257535892336,87.92892489989616,785.9948464682675,0.9013735197398922,1.5508898323497615,-0.33222663402557373,0.4703707993030548,-0.8175431489944458
5425,5425,1,0.9929259,256.0064241839546,99.64176371646317,812.9179227460446,0.9429785423071669,1.8770143410179363,-0.3492136001586914,0.5330604910850525,-0.7706467509269714
5426,5426,1,0.9927043,274.5208284540401,107.88288661125523,861.4873032025453,0.957477782194222,2.11731064069464,-0.35423001646995544,0.5591865181922913,-0.7495542764663696
5427,5427,1,0.9963676,269.9651172092354,108.0955126031505,841.7140698420035,0.9965628886378762,2.2801700561614546,-0.36848220229148865,0.6006720066070557,-0.7095167636871338
5428,5428,1,0.99487877,286.5051608199594,110.89798961832749,878.5187011715972,1.0279719355782164,2.66322085082784,-0.3724111318588257,0.6520091891288757,-0.6604499220848083
5429,5429,1,0.99611413,283.98098750827216,110.58849290174065,867.9812130942832,1.083365882240492,2.9819315412226333,-0.38131168484687805,0.7028905749320984,-0.600455105304718
5430,5430,1,0.9960257,290.8388192471737,113.29471207735885,884.3136864927865,1.1141988610736249,3.4068624788265214,-0.37531542778015137,0.7493880391120911,-0.5454869270324707
5431,5431,1,0.9954,289.56225065249106,113.39754221801051,877.8107506344573,1.1539115563039624,3.569012481383848,-0.3821941912174225,0.7659279704093933,-0.5169931650161743
5432,5432,1,0.9954775,289.3192781716063,113.27252393389601,875.8631170495004,1.171180754930524,3.467195764246749,-0.39388325810432434,0.7521671652793884,-0.5282997488975525
5433,5433,1,0.99552983,288.3588704245553,113.04045626481847,875.2199079236366,1.1217011682139462,3.1003410984629327,-0.3932330012321472,0.7104623913764954,-0.5836189389228821
5434,5434,1,0.9976221,290.0070530704141,112.21995674949392,884.2576968814122,1.1028999347905968,2.6388777320403576,-0.40679845213890076,0.6330915093421936,-0.6585668325424194
5435,5435,1,0.99506855,285.1064414163021,103.06560033090496,868.7513883405267,1.0566286316657938,2.1386853065437843,-0.40580034255981445,0.5488795042037964,-0.7307922840118408
5436,5436,1,0.9935023,265.22560211926384,88.49346678551986,812.1856093616648,1.0019285430405835,1.640351030322529,-0.39338457584381104,0.46793633699417114,-0.7913811802864075
5437,5437,1,0.98159605,254.5248804140726,75.9360489789921,787.4309128627259,0.9778733828317245,1.2736627002478882,-0.3847814202308655,0.3835003972053528,-0.8395658135414124
5438,5438,1,0.9817297,254.80272449567474,71.98269020274732,784.0862530318509,0.9498294975128468,1.0499135819570278,-0.372516930103302,0.31693723797798157,-0.8722281455993652
5439,5439,1,0.9912191,247.8320615651919,69.19170692379565,767.3131253694306,0.9129952101250455,0.7822002492226968,-0.34955352544784546,0.23335841298103333,-0.907389760017395
5440,5440,1,0.99086154,240.7154525529651,65.58358809480723,748.2180973018509,0.882117190099276,0.5745856294279886,-0.32713228464126587,0.16599978506565094,-0.9302840828895569
5441,5441,1,0.9942063,227.75189857846874,62.839342011819404,711.9209929936786,0.8504811530408367,0.3635370637251938,-0.3001234233379364,0.09303838014602661,-0.9493523240089417
5442,5442,1,0.9901635,218.85994144987072,59.029445441471125,684.1184184884111,0.8216439745324774,0.17079602006391398,-0.27289414405822754,0.02054446004331112,-0.9618246555328369
5443,5443,1,0.98625135,225.5545495612182,58.25099950111632,706.3033024450733,0.8097331773468233,-0.008569796471805724,-0.2581019401550293,-0.05209461599588394,-0.9647121429443359
5444,5444,1,0.9894839,220.52505127364523,56.179028371390096,691.3345086450872,0.7967629167895867,-0.11901390058080238,-0.2427596002817154,-0.09507331252098083,-0.965416431427002
5445,5445,1,0.99302906,222.20681910606353,55.49581968812072,699.5719237560705,0.7975309400338758,-0.21655650156092066,-0.23825548589229584,-0.1311502307653427,-0.962306559085846
5446,5446,1,0.9908104,221.82934369655337,54.61894712061325,699.8647723723919,0.7955561294992414,-0.2921955053653362,-0.23269395530223846,-0.158722385764122,-0.9595106244087219
5447,5447,1,0.9904924,222.90383901673684,53.67684484655837,704.9735816916078,0.8058463591958159,-0.3621196741420526,-0.23593957722187042,-0.18205887079238892,-0.954561173915863
5448,5448,1,0.99146795,222.09660904778866,53.39003598085731,701.8505382542935,0.8030564366135761,-0.3600085487726142,-0.23412998020648956,-0.18172435462474823,-0.9550703763961792
5449,5449,1,0.9892916,220.60482987744584,54.16011543039184,700.8646539993973,0.7747667063009832,-0.374411845363864,-0.2127726525068283,-0.18863725662231445,-0.9587199091911316
5450,5450,1,0.9904841,224.13873409250016,53.20439175118707,709.2419056126388,0.658091057673966,-0.3486169270683695,-0.13602042198181152,-0.1762665957212448,-0.9748992323875427
5451,5451,1,0.9890682,221.0176741507803,53.46787542415353,697.2874953645469,0.5587173055355892,-0.31532563011897274,-0.06256495416164398,-0.16623555123806,-0.984099268913269
5452,5452,1,0.98978245,228.2408277252703,52.43074509183074,713.5949584373352,0.39929589522333686,-0.2959578412517247,0.04507021605968475,-0.150860995054245,-0.987527072429657
5453,5453,1,0.99342537,229.69879393919564,53.43659888074612,713.7989457661079,0.2485656408537678,-0.252289435130787,0.1529780477285385,-0.13085146248340607,-0.9795282483100891
5454,5454,1,0.991819,242.26128545172745,55.086407106233956,749.9488435289417,0.036064778632943925,-0.23021766717572448,0.2722456455230713,-0.11136632412672043,-0.9557614326477051
5455,5455,1,0.9863303,243.42335898019067,55.535173986052335,755.3125357319001,-0.143721534423723,-0.26182563121345986,0.37730106711387634,-0.11468584090471268,-0.9189619421958923
5456,5456,1,0.9853233,248.00671439855657,56.066598855365044,772.1383663558619,-0.3044333826010141,-0.2925686174136665,0.45036423206329346,-0.116083525121212,-0.8852664828300476
5457,5457,1,0.9889107,243.72835005912438,56.860177109619706,759.6484466710598,-0.4237123822348946,-0.32480420900492835,0.5158379077911377,-0.12238156050443649,-0.8478997945785522
5458,5458,1,0.98799324,238.8945908424604,57.26066669769074,745.7242109939017,-0.5199122761882712,-0.3407515393326875,0.567534863948822,-0.12365932017564774,-0.8140101432800293
5459,5459,1,0.98953503,241.03009896846365,57.70740607610775,756.5423076470507,-0.5883468009341599,-0.34054551544741885,0.5876463651657104,-0.11915215849876404,-0.8002964854240417
5460,5460,1,0.9906086,241.6897456068057,58.04455718733476,754.4242971213199,-0.6234239200256423,-0.3247160603587516,0.6022792458534241,-0.11299850046634674,-0.7902475595474243
5461,5461,1,0.98926467,247.97112261505492,57.80620101074513,770.5073121338386,-0.6661276864652569,-0.3352836920404802,0.6051346063613892,-0.11252477020025253,-0.7881309986114502
5462,5462,1,0.9877671,245.53440463930164,54.60503024810384,743.7872622979489,-0.6218780978491035,-0.31697453580375423,0.6051470041275024,-0.10832621902227402,-0.7887094616889954
5463,5463,1,0.9927027,249.41111143673118,53.750703628510784,746.0673224109905,-0.6354718204229219,-0.33473316515809154,0.6056283712387085,-0.11217907071113586,-0.7878008484840393
5464,5464,1,0.995259,258.9127138961193,52.643480804641285,761.753071354963,-0.6608550244854199,-0.37132026661709255,0.598955512046814,-0.11982282251119614,-0.7917669415473938
5465,5465,1,0.99435174,260.3441636978657,50.800729707593725,760.7899521129912,-0.6751826544297129,-0.3826399555978601,0.6033653020858765,-0.12067125737667084,-0.7882821559906006
5466,5466,1,0.99489415,261.9396043242448,51.70994578851222,757.328897228304,-0.6881351300655943,-0.4047914078815999,0.6076306104660034,-0.12792854011058807,-0.7838490605354309
5467,5467,1,0.9945527,260.951643831434,52.09067329229679,749.504474773816,-0.6329206270860175,-0.41296640705908316,0.5912519693374634,-0.13489596545696259,-0.7951251864433289
5468,5468,1,0.9900322,262.3947530046386,52.04178484591003,749.6813173785359,-0.538644368957889,-0.34568262875609396,0.5554713010787964,-0.11974230408668518,-0.8228690028190613
5469,5469,1,0.99287814,254.79575827818317,50.19499555342626,729.0931050418868,-0.26356212282499514,-0.20120038187502354,0.44682976603507996,-0.08462785929441452,-0.8906072974205017
5470,5470,1,0.9911351,253.20763762072212,48.77418341516011,731.6068352445174,0.09154385350071781,-0.09722556309670352,0.2296460121870041,-0.05682891979813576,-0.9716137051582336
5471,5471,1,0.9964132,240.1562398190623,46.12130630650305,714.5209740831488,0.429379043118637,-0.11835056267969703,0.0036429523024708033,-0.07238681614398956,-0.9973699450492859
5472,5472,1,0.99664754,240.6696717757442,46.41139272937854,735.9531284218664,0.6988433079505106,-0.15701750582262594,-0.18766659498214722,-0.08992177993059158,-0.9781081080436707
5473,5473,1,0.99582785,235.99893457685047,45.89095044351422,732.6483233091849,0.9088315471424507,-0.2239214883518617,-0.31502169370651245,-0.11508484184741974,-0.9420811533927917
5474,5474,1,0.9938139,229.23827717158167,44.84364008045991,713.006359941346,0.9922689184637281,-0.2901935094011361,-0.36104217171669006,-0.14007702469825745,-0.9219691157341003
5475,5475,1,0.99578744,220.8231454539823,44.89808275553755,689.6444677782611,1.0323546110131891,-0.36093139635384136,-0.3806295096874237,-0.16939450800418854,-0.9090800881385803
5476,5476,1,0.9961223,218.7243916434097,43.05493707288332,686.1238609512524,1.0468404182850588,-0.40941451840434206,-0.3850935697555542,-0.18471822142601013,-0.9042025208473206
5477,5477,1,0.9957896,224.37735960142598,42.74891405065831,703.571425505505,1.049937726272548,-0.4209804557273188,-0.3844902515411377,-0.18405255675315857,-0.904594898223877
5478,5478,1,0.9962477,222.6060375103558,41.31801714806096,698.6625178027426,1.034573809762899,-0.38287991255526976,-0.37871742248535156,-0.17068639397621155,-0.909636914730072
5479,5479,1,0.99662554,223.03061252916277,41.15967335742295,699.3580118097416,1.0167141179471384,-0.36614405543386686,-0.3697442412376404,-0.1648697853088379,-0.9143890142440796
5480,5480,1,0.9968479,227.76223975069522,41.035676501308465,714.6801438527935,1.0055641843994472,-0.3674418323849025,-0.3619544208049774,-0.1621447652578354,-0.9179859161376953
5481,5481,1,0.9942882,221.25929097240135,39.86211614088328,697.7507492379614,0.9877495893348108,-0.34153997476820325,-0.3531308174133301,-0.15551352500915527,-0.9225584864616394
5482,5482,1,0.9943084,224.92191670677013,39.52973762973834,710.8827112312132,0.9798013300118961,-0.3127063538239838,-0.34882697463035583,-0.14228123426437378,-0.9263237714767456
5483,5483,1,0.9961875,223.76369644336236,38.156393027589786,707.7279320484323,0.9671553965968418,-0.27322291741010624,-0.34366872906684875,-0.12698142230510712,-0.9304662942886353
5484,5484,1,0.9942941,220.94954302127954,36.38990686711744,698.9901228451573,0.9547383590362717,-0.2343485859146497,-0.3388018310070038,-0.11181807518005371,-0.93418949842453
5485,5485,1,0.99314547,220.0475558855985,36.987941688885606,696.9397530096988,0.9425538276770099,-0.20452663674095573,-0.3326632082462311,-0.10170358419418335,-0.9375454783439636
5486,5486,1,0.9913254,217.32699144559595,36.37132082287113,687.5493130825403,0.9304565749809574,-0.17136404125281254,-0.3274979293346405,-0.08936374634504318,-0.9406163692474365
5487,5487,1,0.9913794,219.81083166219796,36.915050806206686,696.4957741527822,0.9277515283025466,-0.13969889977435368,-0.3266753852367401,-0.07670534402132034,-0.9420188069343567
5488,5488,1,0.99560034,219.0909803272449,35.69546446230281,695.4724813094995,0.9163763894555874,-0.09832652491435004,-0.3210655450820923,-0.058874618262052536,-0.945225179195404
5489,5489,1,0.99635965,220.55745085617616,35.48920107030789,699.3043671194754,0.8938621243467396,-0.059954841823349245,-0.30856770277023315,-0.04284507408738136,-0.950236976146698
5490,5490,1,0.99633163,222.53060918072026,33.71751627106353,700.3955076098435,0.8241602416623757,0.038123941175634536,-0.2682552635669708,0.0007305577746592462,-0.9633476138114929
5491,5491,1,0.9961242,227.51647889984295,34.00589163881556,718.3831851511922,0.7614752590623093,0.26422709591690574,-0.23261433839797974,0.09511356055736542,-0.9679070115089417
5492,5492,1,0.9955455,219.38894131264647,34.7400068185635,686.3371966953291,0.6628913547049234,0.4606712695253802,-0.16186368465423584,0.19045346975326538,-0.9682601094245911
5493,5493,1,0.9960646,238.52646509016913,36.27442347787065,738.8634939270545,0.5388185631700362,0.7783042361632444,-0.09068354964256287,0.31001684069633484,-0.9463963508605957
5494,5494,1,0.99379927,230.8683415281971,37.267864425526,710.3883650566255,0.37919125846476903,0.9891535748215687,0.037099916487932205,0.412075400352478,-0.9103941321372986
5495,5495,1,0.9950039,232.02029049462124,38.547092394025064,711.4471681302886,0.35583383549298975,1.020212443226862,0.05269313231110573,0.42238950729370117,-0.9048815369606018
5496,5496,1,0.9955101,240.4088566449467,40.65609758084239,738.8854419372037,0.34418758240184083,0.9804777896237833,0.048620663583278656,0.39052504301071167,-0.9193074703216553
5497,5497,1,0.9976017,244.24243675564503,39.282574362226136,751.1399512366555,0.26616622775908017,0.8972761731847204,0.10128871351480484,0.35518878698349,-0.9292908906936646
5498,5498,1,0.99574465,246.77894733974753,40.7425407832468,763.3407438767508,0.0855834786023045,0.8906833445858282,0.2231547236442566,0.34348180890083313,-0.9122622013092041
5499,5499,1,0.9949719,243.38268956589965,40.33486562402901,759.7854520958731,0.09244284983830167,0.8634826566244804,0.2245074212551117,0.3350295126438141,-0.9150691628456116
5500,5500,1,0.99479574,238.3586130701897,40.081698016904085,739.7071168177339,-0.06438115348526151,0.651248630061758,0.3467665910720825,0.25509312748908997,-0.9025964736938477
5501,5501,1,0.9947489,238.88735127315917,40.45387296962058,747.8277618442062,-0.10620659444930677,0.44005088212931537,0.37191012501716614,0.16870932281017303,-0.912808895111084
5502,5502,1,0.99703586,241.37723888928272,40.51227865426751,745.125776270745,-0.15751762293881225,0.21278574236949999,0.4014759659767151,0.08036357909440994,-0.9123369455337524
5503,5503,1,0.9959597,248.08196851302566,41.26417795108315,762.392950250547,-0.22069153647536308,0.08466427191185684,0.4208586812019348,0.030662724748253822,-0.9066078066825867
5504,5504,1,0.9955577,247.27526162516097,41.329510097839155,748.557125539956,-0.2373433693924496,0.02226856511287877,0.4365662634372711,0.00813731923699379,-0.899635374546051
5505,5505,1,0.9968988,234.53004785785865,40.273520886276906,712.9331677794908,-0.21551561887774626,-0.012108231043150041,0.45510661602020264,-0.003813366172835231,-0.8904287815093994
5506,5506,1,0.99505,239.77834839900243,40.81457774607866,725.2439137491028,-0.2949315216893272,-0.0249035911037256,0.48577672243118286,-0.007368515711277723,-0.8740519285202026
5507,5507,1,0.9924838,247.58218831093384,41.037649214462895,748.9997781289388,-0.38028635918474807,-0.06675076891212631,0.507556140422821,-0.02021646872162819,-0.8613815307617188
5508,5508,1,0.9951102,247.30028244458336,40.693918640713264,744.1068994762541,-0.3757972259967042,-0.08774213152490723,0.5076382160186768,-0.027391497045755386,-0.8611348271369934
5509,5509,1,0.99616456,243.15517499837105,41.08307261104856,735.7448677724519,-0.3412458418538181,-0.08898788625100476,0.4988369047641754,-0.029499927535653114,-0.8661936521530151
5510,5510,1,0.9970101,241.89073444049382,41.9100126030868,731.6502687699758,-0.3155494350296715,-0.08332758880238439,0.48940226435661316,-0.029368393123149872,-0.8715634942054749
5511,5511,1,0.99729615,240.58713546195477,42.719547476633096,729.8487063186782,-0.30040092758289955,-0.07299928223021515,0.4841062128543854,-0.027123598381876945,-0.8745887279510498
5512,5512,1,0.99751306,245.6138453007137,41.39589944602336,743.4504703580716,-0.3234404310864945,-0.07277866809246057,0.484025239944458,-0.024442650377750397,-0.8747126460075378
5513,5513,1,0.99601597,246.10106898866263,42.053845493389254,748.9469935377869,-0.29540481263872315,-0.05512824516137955,0.4668211340904236,-0.019583988934755325,-0.8841348886489868
5514,5514,1,0.9951198,242.64483082663745,42.41513356135531,742.3761451853101,-0.23688478325967388,0.044154124938913464,0.4445244371891022,0.01491966936737299,-0.8956425189971924
5515,5515,1,0.99309444,233.02042656346703,41.68944940196004,714.7453409480305,-0.13720868003675935,0.18499827300520613,0.4134603440761566,0.07027394324541092,-0.9078062176704407
5516,5516,1,0.99359316,232.12034827893476,42.29534379509535,719.7456999499433,0.05470560354679067,0.4272432621939646,0.28723883628845215,0.16880549490451813,-0.9428672194480896
5517,5517,1,0.99430865,231.09215069784622,43.16928804481038,728.2911252565299,0.36122930537227654,0.7884595636759418,0.05360712483525276,0.3158741593360901,-0.9472854733467102
5518,5518,1,0.9960193,225.09703648371556,43.61489449941192,727.1245974888001,0.709581280944502,1.2029146583430976,-0.19984170794487,0.4561285674571991,-0.867185115814209
5519,5519,1,0.9952584,222.850174289627,45.709251915565915,734.0635358559633,0.9617761306510307,1.5190942136358578,-0.3496853709220886,0.5221221446990967,-0.7778873443603516
5520,5520,1,0.99685705,223.25901840004076,48.701450617183156,741.1065861088787,1.0810709165647758,1.6302585995114849,-0.4096355736255646,0.529536247253418,-0.7428256869316101
5521,5521,1,0.9939448,229.8612881815775,50.11242518845955,767.0275085060172,1.1872534357642686,1.66328535740222,-0.4575331211090088,0.5072965025901794,-0.730283260345459
5522,5522,1,0.9920506,239.2037703981218,53.468792410753224,797.8671982012917,1.1746657514232504,1.6838440802771217,-0.4485872983932495,0.49698832631111145,-0.7428135871887207
5523,5523,1,0.9967398,234.08978925640065,54.10603158775268,781.312295453179,1.0937635347282122,1.5877003521076438,-0.4148900806903839,0.4904710054397583,-0.766357958316803
5524,5524,1,0.99675757,228.4108100292252,53.53429997661252,761.6087085982708,1.0309171177548662,1.4750491258500056,-0.38741999864578247,0.4775267243385315,-0.7885898947715759
5525,5525,1,0.9966474,240.85779949439623,54.99397867694277,803.8010398832938,0.9991317179676562,1.499117182180812,-0.3678123950958252,0.4662679135799408,-0.8045547008514404
5526,5526,1,0.9917352,231.2463358118808,55.85869047081237,770.4581095991889,0.97719816273392,1.445330773386929,-0.35914212465286255,0.46914973855018616,-0.8067933320999146
5527,5527,1,0.98949766,232.1795470118333,58.34377304928521,775.0149006396069,0.9732558224445464,1.467365909540098,-0.3563114106655121,0.47171878814697266,-0.8065503835678101
5528,5528,1,0.98463804,236.15854236144364,59.934173476649384,790.1177225862189,1.0214131903050945,1.5240487635850715,-0.3799424171447754,0.47303497791290283,-0.7949098944664001
5529,5529,1,0.98921365,241.37523020653703,59.800056296299694,804.5287542285087,1.065652118611702,1.5232393943836628,-0.40255430340766907,0.4597572684288025,-0.791563868522644
5530,5530,1,0.9936458,227.35332862955332,53.39134087786442,755.8717606351141,1.0841495197935975,1.1553835073302152,-0.4246114492416382,0.37226346135139465,-0.8253030180931091
5531,5531,1,0.9963297,223.49208487333019,49.639622466098956,742.3796448315361,1.0987921194950359,0.8415721718233041,-0.4369586110115051,0.27135956287384033,-0.8575728535652161
5532,5532,1,0.9978218,228.0955411635714,49.463941367322356,749.3992735743432,1.0803784228163476,0.5515138060421291,-0.4261554777622223,0.1648404449224472,-0.8895050287246704
5533,5533,1,0.99694437,228.19634487269343,50.394113931272194,745.3205551013019,1.0569357741698897,0.22225522365359324,-0.40666458010673523,0.042676374316215515,-0.9125801920890808
5534,5534,1,0.99494296,234.05898886765476,51.70037921958019,768.1237776408244,1.0538425050081843,-0.028800698008755413,-0.39028725028038025,-0.04953683167695999,-0.9193596243858337
5535,5535,1,0.99329525,232.31446059433586,52.672724549580806,763.7152954258742,1.0464250456042905,-0.2642579384883777,-0.37427854537963867,-0.13180260360240936,-0.9179017543792725
5536,5536,1,0.99376255,230.83728430977988,52.26060491202216,761.4914690951287,1.071596834703019,-0.43914439596506016,-0.376729279756546,-0.18814346194267273,-0.9070155024528503
5537,5537,1,0.99509287,235.29226624121233,53.33515087052056,777.8021152156995,1.0932211334626498,-0.5079762861644326,-0.38137850165367126,-0.20625703036785126,-0.9011151790618896
5538,5538,1,0.9934401,233.67094447345332,53.011035233980714,772.6257807681554,1.094509650621498,-0.5521538369346563,-0.3797154724597931,-0.22043192386627197,-0.8984575271606445
5539,5539,1,0.9931902,228.23656602389678,52.75619612122918,757.3340410270903,1.1222731565378097,-0.47448320292094576,-0.3994500935077667,-0.19928036630153656,-0.8948334455490112
5540,5540,1,0.992255,217.04426675545082,52.54800593630832,718.146157225538,1.1312259708587247,-0.3031074619068913,-0.42113861441612244,-0.1512821912765503,-0.8942908048629761
5541,5541,1,0.9953786,232.5148809767194,53.16121323613436,771.0033710355683,1.1544055232922652,-0.13438651084903377,-0.4336579144001007,-0.08719842880964279,-0.8968484997749329
5542,5542,1,0.99614406,232.79738372969777,53.2531567072908,771.8182533647379,1.110146344117649,0.12459023903464063,-0.42355963587760925,0.001672333455644548,-0.9058666825294495
5543,5543,1,0.9955297,231.12767178481872,53.69373872956485,767.7824494785392,1.0724376525470025,0.33526697290660584,-0.41151151061058044,0.07792983204126358,-0.9080667495727539
5544,5544,1,0.9957445,228.85206582339853,53.308606984495555,761.0184402462172,1.0590703596909026,0.5101759790078336,-0.4094642102718353,0.14419759809970856,-0.9008585810661316
5545,5545,1,0.9964767,225.68223953598024,53.02070333948709,749.463090562614,1.0319231118511483,0.6509374152444644,-0.39861026406288147,0.2013462334871292,-0.8947455286979675
5546,5546,1,0.996579,225.37517990978276,53.05347767821845,748.5367325321863,1.0105781229767126,0.7170005813954241,-0.38720861077308655,0.22803281247615814,-0.8933479189872742
5547,5547,1,0.99429333,231.6207423841996,52.170924962390075,771.7930858869704,1.013399876313758,0.7907960577187105,-0.3857611119747162,0.24888981878757477,-0.8883930444717407
5548,5548,1,0.99364674,228.45973221327003,54.34128154722438,762.9770513151678,1.0176415144707842,0.8170708971022141,-0.388937771320343,0.258313924074173,-0.884308397769928
5549,5549,1,0.99216086,225.4882070100375,54.40042610183963,750.4934580198455,1.0241500483269426,0.8056070749671664,-0.39487263560295105,0.25745105743408203,-0.8819266557693481
5550,5550,1,0.9921022,230.34253444615206,55.05234608911959,767.4830273051075,1.0218523890271787,0.8209313097723424,-0.3914470672607422,0.25695422291755676,-0.8835970759391785
5551,5551,1,0.99212,233.3643510571236,54.992859840858806,782.0917004343802,1.0049470210716838,0.8272690655179954,-0.3790588080883026,0.2563037574291229,-0.8891697525978088
5552,5552,1,0.98974496,231.11083166613255,55.529562357989214,773.1798090039684,0.9843703073264463,0.7893954627962053,-0.3686434328556061,0.24663850665092468,-0.8962541818618774
5553,5553,1,0.99386954,224.30673671590412,55.385793708483014,746.6191200580097,0.9429725571472194,0.7402843497652962,-0.3473064601421356,0.24036915600299835,-0.9064220190048218
5554,5554,1,0.99300534,230.1179404458056,56.7872153664209,765.8525805898877,0.9009459155571724,0.7394889767988424,-0.3209007680416107,0.23569166660308838,-0.9173178672790527
5555,5555,1,0.9927577,226.3828151444803,56.57237408408133,752.4347935927727,0.8597432168953723,0.7216352917698556,-0.2954876720905304,0.23653535544872284,-0.9256014227867126
5556,5556,1,0.9954265,225.68329119867906,56.56316236933287,746.5774321583226,0.8311796627616619,0.7408749001618259,-0.2783986032009125,0.24804916977882385,-0.9278824329376221
5557,5557,1,0.99662626,234.43448698904174,56.775016748407445,774.0651724874605,0.8074902470191624,0.7713770534950406,-0.264907568693161,0.2519843280315399,-0.9307673573493958
5558,5558,1,0.9957064,231.50499416041748,55.002307352988105,761.7329568020104,0.8011367926832932,0.7724429300615392,-0.26103606820106506,0.2591795027256012,-0.9298850297927856
5559,5559,1,0.99446505,232.06610394564814,55.886284277838946,759.1108984959093,0.8035288419559051,0.7990018143711661,-0.26445043087005615,0.2688796818256378,-0.9261585474014282
5560,5560,1,0.9946083,235.20299422148813,56.69126424243615,766.029188262889,0.8030800875018975,0.8135700660888557,-0.2659638822078705,0.2708769738674164,-0.9251426458358765
5561,5561,1,0.99486154,230.0927948650038,54.99074081870683,752.6993002369437,0.8120905096571436,0.7944691167799205,-0.26959654688835144,0.2699110209941864,-0.9243731498718262
5562,5562,1,0.9965205,232.64759613554693,56.01704241217635,762.5160273624174,0.8183220911688847,0.810820041217291,-0.27373597025871277,0.2708793580532074,-0.9228721261024475
5563,5563,1,0.9971818,231.57151721240874,55.410583065170805,759.1356523106783,0.827826681859387,0.812330080425823,-0.27963021397590637,0.2726685404777527,-0.9205752015113831
5564,5564,1,0.99654585,230.51857752657835,55.80368448557302,755.9009783117655,0.8599064559884046,0.7886057418942126,-0.2998529076576233,0.2617133855819702,-0.9173845052719116
5565,5565,1,0.993711,242.7351717919499,56.593194642366086,796.0297276728052,0.8774631953171588,0.6459190432668835,-0.30887436866760254,0.1940717250108719,-0.9310923218727112
5566,5566,1,0.9930608,243.03363395321932,56.78181306744322,793.8848103986084,0.8788452609612835,0.41031484903435955,-0.30620890855789185,0.10708127915859222,-0.9459227323532104
5567,5567,1,0.9926345,229.8352951056623,52.697496206032646,749.025605113461,0.8990158827553278,0.13714071066368658,-0.31149134039878845,0.012062113732099533,-0.9501724243164062
5568,5568,1,0.9949367,228.50313006098975,52.7484561022758,743.0904798564807,0.9205572446017798,-0.1291071721513168,-0.3139348328113556,-0.08832278102636337,-0.9453274607658386
5569,5569,1,0.990516,220.0508705786638,54.21015803854406,714.1862968272654,0.9343429114721107,-0.38076437821078085,-0.3097534775733948,-0.18526041507720947,-0.9325938820838928
5570,5570,1,0.99341464,223.41117802093746,59.4186534389537,721.3859111859015,0.945535373975374,-0.5838231030099111,-0.3047652542591095,-0.25673413276672363,-0.9171726703643799
5571,5571,1,0.99264044,229.71671864579284,60.91158615324847,747.357716583403,0.9564770451265588,-0.6882910846851545,-0.3025004267692566,-0.28176748752593994,-0.9105496406555176
5572,5572,1,0.9929628,228.06826936860912,60.19597661171648,748.0884305798173,0.9519649114793618,-0.7187635965085422,-0.2962069511413574,-0.29010075330734253,-0.9100015759468079
5573,5573,1,0.99237835,217.57558032448557,55.978355161450956,715.5775131809393,0.9498182951133466,-0.648204444753649,-0.2989664077758789,-0.275259405374527,-0.9137020111083984
5574,5574,1,0.9932313,225.8148066633046,56.51138138842945,740.3013567352282,0.9409503016919435,-0.4871400330353876,-0.30442336201667786,-0.21714863181114197,-0.9274550676345825
5575,5575,1,0.9901086,226.33923566314425,57.22522705505199,742.3683471599742,0.9131548723971011,-0.16444057325150424,-0.30533573031425476,-0.1069934293627739,-0.9462148547172546
5576,5576,1,0.9879282,245.0831074407379,66.08860509955193,802.8521240746501,0.8556105310642116,0.2515438872078398,-0.2873394787311554,0.037214480340480804,-0.9571055769920349
5577,5577,1,0.99361223,243.12817087487622,71.9220818825773,797.9701323226299,0.8143726390908094,0.7070626499491538,-0.27232006192207336,0.20159155130386353,-0.9408520460128784
5578,5578,1,0.9957202,242.87817533866544,75.49782894421759,799.7187549989663,0.8114336696455696,1.2162121255320988,-0.27233731746673584,0.3795718252658844,-0.8841705322265625
5579,5579,1,0.99365306,255.68465070947548,81.7237225502257,845.0503686125138,0.8735854480106343,1.8289975423992253,-0.3008274734020233,0.5285826325416565,-0.7937904596328735
5580,5580,1,0.9926104,259.87695226753596,86.11102850930932,860.7764492213872,0.8625408551320847,1.92087435790165,-0.29379528760910034,0.5420100092887878,-0.7873433232307434
5581,5581,1,0.9926702,272.8789848527254,91.71568251618942,911.826967020068,0.8202407976980725,2.0333357058179744,-0.2711673676967621,0.544677734375,-0.7935959100723267
5582,5582,1,0.99318707,266.5366041569231,95.23090081597941,902.0957369969273,0.832981838620353,2.022533451946405,-0.2744799256324768,0.5435395240783691,-0.7932373881340027
5583,5583,1,0.9900546,245.36210024591628,94.98398969496589,831.7608439477937,0.8699669501292707,1.901523645612147,-0.2924977242946625,0.5455636382102966,-0.7853695750236511
5584,5584,1,0.9843279,240.3430626731869,94.33685486923112,822.0583382310102,0.8901116378224164,1.8947762403391475,-0.30088743567466736,0.5475252866744995,-0.7808219194412231
5585,5585,1,0.98937887,239.31970660609383,93.41094203570965,821.9511600209015,0.9002228033961185,1.8680938226465855,-0.3058706223964691,0.5402578711509705,-0.7839418053627014
5586,5586,1,0.9914887,243.63198440452967,95.53199815850611,839.5533312385191,0.8940439401114901,1.8823872450964654,-0.30223819613456726,0.5338817834854126,-0.7896975874900818
5587,5587,1,0.99380374,235.8771362101361,91.5290377063334,810.5941591556647,0.8707203310937659,1.7571609075201975,-0.2912777066230774,0.5213543772697449,-0.8020890951156616
5588,5588,1,0.99438226,255.85429359332363,91.73489589998384,875.0406763720467,0.8323596192366184,1.827182428971997,-0.2730262577533722,0.5106862783432007,-0.8152645230293274
5589,5589,1,0.99455076,251.82413330981137,91.40770035887977,856.2679922770975,0.8206576840172956,1.7701559301932972,-0.26804855465888977,0.5061049461364746,-0.819760799407959
5590,5590,1,0.9949556,263.35360994219207,91.89736512584682,890.0383589941672,0.7684844246057282,1.816471382054599,-0.2429933398962021,0.5060574412345886,-0.8275628089904785
5591,5591,1,0.9952142,252.98590809937141,87.69005446075188,843.2471328541009,0.7412276951752858,1.72487126934399,-0.22759294509887695,0.510660707950592,-0.8291122913360596
5592,5592,1,0.9931933,250.79150716667166,85.16776046536943,832.7307378221047,0.7124107014892788,1.7384168716583712,-0.21003782749176025,0.5248097777366638,-0.8248992562294006
5593,5593,1,0.9887841,242.10868887400667,84.80153257272771,799.4938137843136,0.6878420806778376,1.7130608050802987,-0.1920330822467804,0.5386665463447571,-0.8203424215316772
5594,5594,1,0.9903194,248.06185726025194,86.50870089724704,813.6218377428125,0.6994880334416799,1.791333378116649,-0.20258399844169617,0.5498027801513672,-0.8103558421134949
5595,5595,1,0.9891121,249.96660632224462,87.28145797761813,819.2504339303518,0.7076870636254754,1.8713493557248122,-0.2075253427028656,0.5667442083358765,-0.7973294854164124
5596,5596,1,0.9907039,242.94994740594746,85.47745014848205,799.5239775324704,0.697649597752846,1.8677732598901673,-0.1971350461244583,0.5797322392463684,-0.7905999422073364
5597,5597,1,0.9813254,245.7781560813445,87.1163525719549,816.9413383433889,0.7354413631864687,1.9735067526413062,-0.21786044538021088,0.5922666788101196,-0.7757300734519958
5598,5598,1,0.9916466,259.46739719396004,95.08414324134047,865.7115563044603,0.7661093297656573,2.2101474313103284,-0.2363794893026352,0.6127396821975708,-0.754105269908905
5599,5599,1,0.99371886,260.5219704255722,95.26234390597769,878.6448656512316,0.8235355133923237,2.318438682034689,-0.26218852400779724,0.6238190531730652,-0.7362791895866394
5600,5600,1,0.99338806,263.35156907314183,98.35844099671402,889.4892090785734,0.8547053758345754,2.4097866842633775,-0.27633485198020935,0.6319647431373596,-0.7240577936172485
5601,5601,1,0.99307656,255.80547787904996,96.34754767345161,863.3425864502864,0.8735931662419261,2.3498742542412727,-0.28536227345466614,0.6321544051170349,-0.7203813195228577
5602,5602,1,0.9926219,256.4265990778386,97.33281970498071,867.6993704430755,0.8873593053541402,2.347937729539096,-0.29211148619651794,0.6273651123046875,-0.7218614220619202
5603,5603,1,0.9921183,249.70532299808738,97.05051496248059,846.5798675380864,0.8937251416284333,2.2825158605089855,-0.2955319285392761,0.6240403056144714,-0.7233495116233826
5604,5604,1,0.9916175,261.4238846418402,97.81917381744574,887.7038086123915,0.9051879356189497,2.394220608704223,-0.2998008131980896,0.6244823336601257,-0.7212082743644714
5605,5605,1,0.99064296,257.7216174678638,93.45974128465576,879.1188370538129,0.8829203148955567,2.357776187080213,-0.28768303990364075,0.6268161535263062,-0.7241132259368896
5606,5606,1,0.992554,257.7779956951518,96.87367706892415,882.8474127354278,0.8392327402512463,2.3438239595678088,-0.2662707567214966,0.6249578595161438,-0.7338444590568542
5607,5607,1,0.9919228,242.61243899978118,92.41994023549482,821.5957866536137,0.8245887090364612,2.0651606483879847,-0.2627418339252472,0.5993790030479431,-0.7561161518096924
5608,5608,1,0.99323153,239.384906421689,85.74273102516266,808.892793370757,0.767011486270449,1.9285812175982535,-0.23140907287597656,0.5838806629180908,-0.7781601548194885
5609,5609,1,0.99359894,237.6087278326186,84.6058837133549,802.0337207754123,0.6782390189854987,1.8187735604883328,-0.17920294404029846,0.5683795213699341,-0.8030137419700623
5610,5610,1,0.996269,239.14099568749847,85.92872614477444,810.1954965928456,0.5599339763364986,1.7368954599288482,-0.10631846636533737,0.5487870573997498,-0.829173743724823
5611,5611,1,0.9938425,237.11779098284742,90.2933320480024,818.3011553609477,0.5090413700276168,1.7430090045275126,-0.07090764492750168,0.5452759861946106,-0.8352522253990173
5612,5612,1,0.98639107,232.14252855331225,88.5047324088713,803.7935643518522,0.5015713279037419,1.6970958408583376,-0.06062648445367813,0.5422508120536804,-0.8380265831947327
5613,5613,1,0.99301153,228.6028646284013,88.9886574198437,792.1794710832795,0.5506892667520986,1.651015838074512,-0.08925753086805344,0.5323429107666016,-0.8418100476264954
5614,5614,1,0.98147327,225.1289602053483,87.16020058213098,791.7238266972171,0.6668473635987194,1.7005436407374794,-0.16037775576114655,0.5410482287406921,-0.8255578279495239
5615,5615,1,0.9773039,222.66738986487863,83.23772229134376,787.8682500895056,0.7292435423487129,1.6645066622636149,-0.19752299785614014,0.5308899283409119,-0.8240998387336731
5616,5616,1,0.9737388,213.170959390034,80.68974661961127,753.07242969558,0.8121107993202568,1.5881496398666568,-0.24725154042243958,0.5220738053321838,-0.8162754774093628
5617,5617,1,0.9795506,206.52801348248977,83.62909921745245,739.3368419872917,0.8807458671966035,1.6022882921654367,-0.2865527272224426,0.5240275859832764,-0.8020490407943726
5618,5618,1,0.98356426,200.31245525990175,84.03163084248962,735.6946998850184,0.976495501520393,1.6477198259956916,-0.33741363883018494,0.5275481343269348,-0.7796441912651062
5619,5619,1,0.97178257,195.9277736932036,82.85847085865602,738.6478314906989,1.0779810043807585,1.6691256403876893,-0.38832467794418335,0.5192756652832031,-0.7612862586975098
5620,5620,1,0.9721121,195.01501142504551,83.79651030796263,759.0207343025892,1.1225097381585256,1.72193093280757,-0.4021334648132324,0.517241895198822,-0.755479633808136
5621,5621,1,0.97739583,199.3004943766142,82.17800154647527,757.1117294076207,1.1126921572757154,1.671416958189104,-0.4033925533294678,0.5056986212730408,-0.7625898718833923
5622,5622,1,0.97825235,204.25634458981503,80.6379627955187,752.3506960589748,1.1123363446803178,1.6364761784701594,-0.4107758402824402,0.4980405271053314,-0.7636876702308655
5623,5623,1,0.9734114,211.88089789692503,79.43839259496073,779.9177012244005,1.1324573284384485,1.6555813033859075,-0.41729170083999634,0.4875226318836212,-0.7669349908828735
5624,5624,1,0.98697853,205.34894777819898,74.67008333095363,763.0069015843014,1.1768237720427663,1.638435381351342,-0.438993364572525,0.48902109265327454,-0.7537527680397034
5625,5625,1,0.9919275,190.3573663708158,68.2220570294906,720.631903967622,1.1897557744302885,1.492091232932918,-0.4520348608493805,0.47213950753211975,-0.7568016648292542
5626,5626,1,0.98425704,182.14645649030535,60.37728726910257,703.1879439350237,1.1670928154699647,1.2451576579431454,-0.4457550048828125,0.41411325335502625,-0.7936074137687683
5627,5627,1,0.9848179,193.1797103277929,55.65049082601433,718.8724111721759,1.1206750766143068,0.9687615857628626,-0.4287286698818207,0.32038021087646484,-0.8447178602218628
5628,5628,1,0.9809637,202.19158963137554,52.62452560473677,718.5403391802897,1.065589970844802,0.6845438245941878,-0.4069806635379791,0.22198016941547394,-0.8860539197921753
5629,5629,1,0.9928889,213.97019248259247,49.6221729385704,732.480179570569,1.0233038476472034,0.37581544572738984,-0.3829193115234375,0.10519058257341385,-0.9177732467651367
5630,5630,1,0.99192554,215.54872602133173,47.8872477785637,730.2649426270756,1.0060493232250787,0.14148535460350467,-0.3676229417324066,0.017640793696045876,-0.9298076033592224
5631,5631,1,0.9903708,214.50718297103836,48.026965139260255,722.6388457973363,0.9846198200009283,0.015546528872858272,-0.35164517164230347,-0.03045579232275486,-0.9356378316879272
5632,5632,1,0.99390864,215.23760343124044,47.367701361417595,719.5059973364091,0.9924376583311416,-0.071026732328694,-0.35441872477531433,-0.06270057708024979,-0.932982325553894
5633,5633,1,0.9881224,213.02829798546148,44.33022889619176,713.151802922774,1.0241471251477587,-0.04977432896431569,-0.37464818358421326,-0.051425449550151825,-0.9257397651672363
5634,5634,1,0.988062,213.32493929880366,42.75317618183891,716.9359980074804,1.0670044309076891,-0.03234856354937628,-0.39883264899253845,-0.042971402406692505,-0.9160163402557373
5635,5635,1,0.99155396,217.18665389494822,42.990213645335054,725.6438167043892,1.1082392349638868,-0.002562527956935625,-0.42299792170524597,-0.03222203999757767,-0.9055575728416443
5636,5636,1,0.9902738,206.46582364966238,40.0274866715181,691.9296249810001,1.0992250478632808,0.09536741820291736,-0.428040474653244,0.008340826258063316,-0.903721034526825
5637,5637,1,0.9932024,211.75519692291985,36.8484922916194,705.7778111450397,1.0819640286116423,0.21018361042852288,-0.42148613929748535,0.0573810338973999,-0.9050175547599792
5638,5638,1,0.98898274,216.43256959574435,37.12011044958617,714.3950570924902,1.0618076390240123,0.34015244543006223,-0.41492101550102234,0.10768862068653107,-0.9034620523452759
5639,5639,1,0.99003476,210.91482052152344,39.31192221995648,695.411638755047,1.0276740700016624,0.519877248441568,-0.4022003710269928,0.18222515285015106,-0.8972340226173401
5640,5640,1,0.98456895,216.27926590104855,45.00358274938506,706.6997791378027,1.0002421192349318,0.7089329987034458,-0.388990193605423,0.24884161353111267,-0.8869974613189697
5641,5641,1,0.9964593,225.2449673425949,56.476328395091336,734.318411667358,0.9771188536865759,1.0561747180530114,-0.3737392723560333,0.3567121624946594,-0.856198251247406
5642,5642,1,0.9931552,236.30608096747562,71.07057341280758,777.1183192806724,0.9826137194604944,1.4581516100417584,-0.36784398555755615,0.45385220646858215,-0.8116089105606079
5643,5643,1,0.9915303,246.30191187665466,82.48539649028409,812.9844093098895,0.9867057727150431,1.854163023062237,-0.3593892455101013,0.5369747877120972,-0.7632152438163757
5644,5644,1,0.99084526,247.30649903184158,87.96377635832346,820.8081098148692,0.9914845566065543,2.127659062152965,-0.3521869480609894,0.5953338146209717,-0.7221786975860596
5645,5645,1,0.98775846,259.2748365591201,96.29833360527998,865.5739103072568,0.9317413673350186,2.3001995845542176,-0.3183344602584839,0.6129174828529358,-0.7231842279434204
5646,5646,1,0.9877787,255.74810838455733,96.27374284551642,857.757441241034,0.8813600433983706,2.35114602334946,-0.29033079743385315,0.6341755986213684,-0.7166096568107605
5647,5647,1,0.98239523,250.9715612187142,97.24299571621812,849.825349584737,0.8672937193726571,2.481995087477299,-0.2765175402164459,0.6663059592247009,-0.6925131678581238
5648,5648,1,0.98215586,253.54174574988227,97.71625178694173,857.6082849280765,0.8811356345100414,2.6251607127459824,-0.27968424558639526,0.6871469020843506,-0.6705266237258911
5649,5649,1,0.9832327,254.63932102319572,97.18415332365794,864.1375725052584,0.855134876466247,2.6916231899439187,-0.26471275091171265,0.6990149617195129,-0.6643081307411194
5650,5650,1,0.98777986,253.0614589924248,98.16738855015672,860.8922406594226,0.8230870022372109,2.75832694218522,-0.24643410742282867,0.7151970267295837,-0.654036283493042
5651,5651,1,0.9930148,258.3467851216323,96.1377568720557,877.1534671318786,0.8345442364310227,2.875766470039908,-0.2502988576889038,0.7257437705993652,-0.6408171057701111
5652,5652,1,0.99453235,261.4677429343438,98.1138967786981,884.0133067332507,0.8227008450329897,2.966914915756663,-0.24413783848285675,0.7366121411323547,-0.6307134032249451
5653,5653,1,0.9957379,256.54484872557146,97.65859844731015,869.9926877216413,0.8047347171879503,2.978696602584801,-0.23297595977783203,0.7472845911979675,-0.6223247051239014
5654,5654,1,0.99323434,262.47689723426805,98.37215422421077,882.2605249491122,0.7474608348027161,3.0325975454506753,-0.20844914019107819,0.7540982961654663,-0.6228039264678955
5655,5655,1,0.99166507,259.8008260474715,101.80788587313218,880.7461241744862,0.699752240090293,3.03043042699317,-0.1841377317905426,0.7576456069946289,-0.6261521577835083
5656,5656,1,0.9909678,257.6951582439395,100.79829507166407,869.5406907701355,0.7038795395963121,2.984682794642639,-0.18626105785369873,0.7563543915748596,-0.6270844340324402
5657,5657,1,0.99056387,249.24169878789712,97.40672763125826,847.2776319796325,0.7266670794655159,2.7843435194021056,-0.19620387256145477,0.736419141292572,-0.6474495530128479
5658,5658,1,0.9905956,244.70264286362644,96.04894080303804,830.7382725184381,0.7365243327520198,2.6196333817496216,-0.20264932513237,0.7169428467750549,-0.6670278906822205
5659,5659,1,0.99034786,247.86381142784265,97.6323382471835,845.804099682262,0.7606172804005427,2.576960409369516,-0.21735593676567078,0.6981923580169678,-0.682117223739624
5660,5660,1,0.9921244,244.49287877100906,97.01522757775047,834.0840915040845,0.7865119199912362,2.4508815033386075,-0.23251250386238098,0.678223729133606,-0.6971015334129333
5661,5661,1,0.99332535,252.33811776426418,98.77185317372448,863.413431859386,0.8048754713472284,2.4755698316432118,-0.24425958096981049,0.6644726395606995,-0.7062672972679138
5662,5662,1,0.9949437,256.14714094282806,99.79098432643683,873.1662284546906,0.8195366664532134,2.502547339596962,-0.2530054450035095,0.6623114943504333,-0.7052174806594849
5663,5663,1,0.99439853,259.56657954866006,99.48576530979567,886.4837842146275,0.8613787606384954,2.5763766805926793,-0.272125780582428,0.6652200818061829,-0.6952912211418152
5664,5664,1,0.99469006,255.5177179586907,98.04894282930479,871.9552725687813,0.8898438750141506,2.6179015795814475,-0.2832798957824707,0.6777395606040955,-0.678543746471405
5665,5665,1,0.99452716,258.6403732336252,97.58393536122408,883.6473292093332,0.9077456354000306,2.692491721550928,-0.28976571559906006,0.6834370493888855,-0.6700370907783508
5666,5666,1,0.99350077,250.59116326121966,97.28929715412016,859.8604922566706,0.9400106242266489,2.6978212397953643,-0.301972359418869,0.6926707029342651,-0.6549962162971497
5667,5667,1,0.99345905,247.04311839721925,94.07283324733775,850.9454155156558,1.0075213434986685,2.6561928078284365,-0.33280378580093384,0.6829547882080078,-0.6502418518066406
5668,5668,1,0.9940918,229.45917294721394,91.05164157630237,804.2579596788164,1.0740022519100043,2.4135604580640657,-0.36886629462242126,0.6543460488319397,-0.6601279377937317
5669,5669,1,0.98673147,221.29140149489612,87.06906036173383,786.8936567242699,1.1285144101090847,2.27394610080086,-0.39750221371650696,0.6295406818389893,-0.6675856113433838
5670,5670,1,0.9798384,214.5316291114381,87.14353138044679,779.7968403486485,1.1694723494912473,2.1159714894105734,-0.4205436706542969,0.5929383635520935,-0.6867074370384216
5671,5671,1,0.9732448,215.96866427837142,87.05418306005537,791.0222910803532,1.2266308785171336,2.0139912544150715,-0.4492478668689728,0.5545593500137329,-0.7004572749137878
5672,5672,1,0.97837836,209.29262868574529,87.22837418978845,769.91750114064,1.2064905730281756,1.8774562090430988,-0.4477461874485016,0.5343747735023499,-0.7169149518013
5673,5673,1,0.9835827,213.96532131999035,87.57728662161799,797.2864391488127,1.1953129847843218,1.8165841183755955,-0.4394640326499939,0.5072746872901917,-0.7413122057914734
5674,5674,1,0.9844319,204.92192194996096,85.90473049316661,770.7873861580606,1.0821705563440187,1.6465487944729806,-0.3896733522415161,0.4921659827232361,-0.7784133553504944
5675,5675,1,0.9826318,201.11789691666164,84.28921872068203,757.4215614508304,0.966257395689039,1.5509552694304665,-0.3278138339519501,0.4882420003414154,-0.8088002800941467
5676,5676,1,0.9884515,196.06280115390192,83.08714827875174,741.6011279373419,0.8721556574001033,1.4327398339265685,-0.2711351215839386,0.4722965955734253,-0.838702380657196
5677,5677,1,0.9867987,197.20680540350443,84.8524657533985,753.1249284876441,0.821824934394183,1.3279126621184172,-0.23791146278381348,0.43429458141326904,-0.8687844276428223
5678,5678,1,0.98859394,197.0978535937512,85.56407233781913,755.6626539717951,0.7951175058557864,1.2234993154620044,-0.2198944240808487,0.39793112874031067,-0.8906723856925964
5679,5679,1,0.9861444,199.93081377866022,87.32451063405887,767.2709408899506,0.8708968655018621,1.1696731038659796,-0.27026107907295227,0.3639112412929535,-0.891362726688385
5680,5680,1,0.98421925,201.93648042183432,86.11647012474667,776.3326718368647,0.9916421942002843,1.244050533958167,-0.34265416860580444,0.37468186020851135,-0.8615112900733948
5681,5681,1,0.9707107,191.88410464219885,82.59023405251916,739.302157864945,1.0405368411710816,1.2404475489414784,-0.3739102780818939,0.38860395550727844,-0.8421271443367004
5682,5682,1,0.9776023,195.31700693782193,83.03148520865928,750.008833896482,1.0714411897190443,1.3172155510132226,-0.3897537589073181,0.40506991744041443,-0.827049195766449
5683,5683,1,0.9748795,196.9932376423731,85.65299005146873,766.6735463221602,1.0976623189846948,1.4534418217351623,-0.39683204889297485,0.4355089068412781,-0.8079953193664551
5684,5684,1,0.98566866,193.4324196937281,83.84331240128566,746.7675827788889,1.1080599172564756,1.4871739061097233,-0.4053175449371338,0.45584434270858765,-0.7924163937568665
5685,5685,1,0.9855716,196.01662572495812,85.03331361713433,754.4338447536217,1.0934136128644614,1.489053260120541,-0.3972344696521759,0.45338284969329834,-0.7979027628898621
5686,5686,1,0.982949,192.41583484029601,83.3932795561446,739.1363309140303,1.0588894114767065,1.4148667249406075,-0.38176536560058594,0.4439399540424347,-0.810661792755127
5687,5687,1,0.97578055,194.5208575322837,83.41218310928014,745.1835185625447,1.0455225112565143,1.358047818512207,-0.37533995509147644,0.42391908168792725,-0.8242648839950562
5688,5688,1,0.9838081,195.08808268850635,83.78220011864425,737.7997347644745,1.0526379178502985,1.3043230067050364,-0.3841899633407593,0.4076889753341675,-0.8283644914627075
5689,5689,1,0.98331994,195.63877616530817,84.48044000182678,739.4758756339028,1.072750195285183,1.336356662613228,-0.3950439691543579,0.41418787837028503,-0.8199930787086487
5690,5690,1,0.98615927,203.01284661208786,87.34670873251673,773.5105501766693,1.1116325436530825,1.4288614915654736,-0.40861886739730835,0.42012038826942444,-0.810265064239502
5691,5691,1,0.9839806,197.12469660951942,87.69106096817562,753.1614318144369,1.105612168593671,1.3955287418580729,-0.40848827362060547,0.4196537733078003,-0.8105726838111877
5692,5692,1,0.98441064,201.7993412749078,87.0966217962446,768.580538688021,1.101149291233845,1.4457682189874486,-0.40334105491638184,0.429386705160141,-0.8080489635467529
5693,5693,1,0.98491526,199.69098662425293,88.23100356247284,755.6661595415926,1.0824747509807027,1.458218197619872,-0.39611074328422546,0.44074001908302307,-0.8055088520050049
5694,5694,1,0.9821538,204.7181763896948,88.41964786010533,778.9088432808281,1.0993656455046672,1.5816709666106405,-0.398071825504303,0.4648224711418152,-0.7908722758293152
5695,5695,1,0.9759243,197.73328027251583,86.42458958566893,749.4581871505039,1.0735958512651398,1.630306434384266,-0.38608917593955994,0.49974575638771057,-0.7753639817237854
5696,5696,1,0.9680256,206.36151713397192,87.66854790724692,776.7317430526424,1.0258229318573608,1.7871720480727837,-0.3547394275665283,0.535244882106781,-0.7665982246398926
5697,5697,1,0.96662515,216.88503128088516,91.19817494475448,815.1598961982489,0.957854717771078,2.038605846890607,-0.31057682633399963,0.5856871008872986,-0.7486738562583923
5698,5698,1,0.973717,218.98317703490332,90.79750087153792,804.8046187918217,0.9170470109354083,2.151040203934662,-0.28983405232429504,0.6224556565284729,-0.7270112037658691
5699,5699,1,0.97579896,218.27159921172893,89.61291891413295,798.3464986102413,0.8670318838646321,2.2509223708446164,-0.2600877583026886,0.6550778746604919,-0.7093852162361145
5700,5700,1,0.980205,218.9316609355155,88.04790979276225,790.2687384365863,0.8362797975753715,2.3569827361173328,-0.24207112193107605,0.6858328580856323,-0.686319887638092
5701,5701,1,0.9827208,225.36649774919567,90.7002452589348,807.7540905685784,0.7237030152704522,2.517248645097298,-0.18079975247383118,0.7168166041374207,-0.6734132766723633
5702,5702,1,0.98389393,226.5347195613791,88.25471633793954,814.6335921900849,0.6197021323220508,2.6459818960164108,-0.12216053158044815,0.7452412843704224,-0.6555091738700867
5703,5703,1,0.9820415,215.15806772907897,84.7041797728702,772.2537819230425,0.563007223993636,2.5621550520789835,-0.08163722604513168,0.7593361139297485,-0.6455572247505188
5704,5704,1,0.98215425,230.55912942490423,87.68676918236639,823.3672454178586,0.5124851171100918,2.614289685618301,-0.0669495239853859,0.7413807511329651,-0.667736828327179
5705,5705,1,0.9857163,216.65382637463554,86.02110699654486,775.6698643062249,0.5539623583401888,2.3290892407609296,-0.07843156158924103,0.7141258716583252,-0.6956096887588501
5706,5706,1,0.98372054,216.2569299550979,85.9426403149909,779.5718735834788,0.5904490353972306,2.244981077052643,-0.1000121608376503,0.6924907565116882,-0.7144607901573181
5707,5707,1,0.9770871,222.54031714030745,88.90733106894886,799.4357207192649,0.640562028089973,2.229486384176382,-0.13560344278812408,0.672046422958374,-0.7279871702194214
5708,5708,1,0.9771641,216.88895841067242,85.9280026887396,777.4495265737625,0.7561250920423992,2.1956070799159324,-0.20057262480258942,0.669133186340332,-0.7155637741088867
5709,5709,1,0.9779734,217.8190696732105,87.54766884143123,784.1602416966771,0.8925331817326815,2.2975260164200386,-0.27451062202453613,0.6704580783843994,-0.6892967224121094
5710,5710,1,0.97878677,221.24916800267113,88.22008075281899,798.314737443149,0.987966175408009,2.3523842983176713,-0.32272303104400635,0.6608889102935791,-0.6775513291358948
5711,5711,1,0.9800324,216.57489427461095,88.23882241259072,782.462536598552,1.0188096341276471,2.3055936016259184,-0.33961156010627747,0.6554920077323914,-0.6745325922966003
5712,5712,1,0.98079854,212.35285545557653,86.08643708883903,762.8903067873516,0.9935612057423213,2.164252989679919,-0.3328762352466583,0.6406205296516418,-0.6919529438018799
5713,5713,1,0.97601056,219.17280212599078,87.92793685893935,787.6446045065644,1.0388666186993094,2.1710495051109393,-0.3565691113471985,0.620493471622467,-0.6984599828720093
5714,5714,1,0.9845665,222.15000029517864,87.41036306981215,798.5169345895582,0.9989396719135307,2.1180420172334578,-0.33813542127609253,0.608635663986206,-0.7177932858467102
5715,5715,1,0.98127145,207.29533704041793,86.4946367087012,751.8296946393076,0.9891004853336856,1.8619210173564613,-0.3403925895690918,0.5738714337348938,-0.7448520064353943
5716,5716,1,0.9786104,202.318236155353,84.72117009157951,733.5448934274353,1.013096383957604,1.7020781592818919,-0.359884113073349,0.5380660891532898,-0.7622128129005432
5717,5717,1,0.987377,217.07761625262034,87.11085434252156,790.6209934292002,1.0289768563896102,1.7703030959413355,-0.36326393485069275,0.5216881036758423,-0.7719331979751587
5718,5718,1,0.971546,212.7785409641228,87.50980994810475,772.8846307227595,1.088363771512396,1.723696467476282,-0.3977898061275482,0.5090447664260864,-0.7633064389228821
5719,5719,1,0.96516055,209.3380368378445,85.39262701205912,758.2758250891258,1.1422554758496233,1.756217244370433,-0.42548123002052307,0.5190402269363403,-0.7413251996040344
5720,5720,1,0.9756402,206.23136198087448,84.40000614177393,750.4559184892232,1.1013647325483695,1.8262759705927996,-0.4012260138988495,0.5497592091560364,-0.7326544523239136
5721,5721,1,0.95648754,229.7506880805504,93.61418384162558,844.0815415499429,1.1487311055933935,2.084160910680914,-0.4073880612850189,0.552778422832489,-0.7269601225852966
5722,5722,1,0.9594048,213.78366765121066,89.45908861598896,781.3852284760724,1.117060758417264,2.021193826301284,-0.39914247393608093,0.5766992568969727,-0.7128136157989502
5723,5723,1,0.9651298,209.81104593388855,87.43741961132217,763.697080983516,1.0741888061068063,1.9755353425157598,-0.3807518184185028,0.5829430818557739,-0.7177780866622925
5724,5724,1,0.95802206,216.60978757611318,91.20125873431158,797.2037052915906,1.1443423845121934,1.9686006810917,-0.412567138671875,0.5504672527313232,-0.7257921099662781
5725,5725,1,0.98221415,222.85242248787821,90.06126822074413,805.618969968533,1.1595781622222208,1.8408310080100196,-0.42733055353164673,0.5113444924354553,-0.7455973625183105
5726,5726,1,0.9849962,210.20662997487787,81.40052616897304,766.3814164581905,1.1778468156199269,1.548509000725812,-0.4474921226501465,0.45420801639556885,-0.7703543901443481
5727,5727,1,0.9911691,201.9205003159807,67.01089435364445,733.7056349723688,1.1373667195217572,1.0042569011586036,-0.4416559636592865,0.3113378882408142,-0.841432511806488
5728,5728,1,0.9915071,199.43519465289205,57.53441138514494,714.2653493069471,1.0987115137677002,0.6265489442741906,-0.4250335693359375,0.19175511598587036,-0.8846335411071777
5729,5729,1,0.98635185,212.67335768260907,55.66017769636261,745.6723529558709,1.1082689460767396,0.2519270044780213,-0.4194508492946625,0.045628972351551056,-0.9066305756568909
5730,5730,1,0.9885089,210.11110343406972,54.06028707699364,726.9702513778553,1.1111909834055784,-0.15704022429835682,-0.40808698534965515,-0.10190578550100327,-0.907237708568573
5731,5731,1,0.97441566,212.6870351924316,56.252467339585735,725.9263869700741,1.0631438303273624,-0.37002936236179496,-0.3719935417175293,-0.17902648448944092,-0.9108075499534607
5732,5732,1,0.968947,221.93935621610225,57.76247379139172,755.5053149783548,1.0357091575355435,-0.5623623145977077,-0.3429308533668518,-0.23590470850467682,-0.9092565178871155
5733,5733,1,0.9746577,227.8967424457015,59.66801487010457,775.6618822071863,1.0235329651026785,-0.597310197421324,-0.3330804705619812,-0.24333520233631134,-0.9109585285186768
5734,5734,1,0.9708594,221.12101256462338,60.32036275382114,751.8675973182068,1.0114727730921984,-0.5094671072693221,-0.33332663774490356,-0.22412171959877014,-0.9157853722572327
5735,5735,1,0.97587705,218.61779969576355,59.412240354689175,744.3030787920269,0.999424143582602,-0.372270098037721,-0.33506032824516296,-0.18090838193893433,-0.9246657490730286
5736,5736,1,0.97678363,222.43512496915397,61.30595276475221,759.9795382746803,0.9786972110690334,-0.12342171369243748,-0.3347691297531128,-0.09532120078802109,-0.937466561794281
5737,5737,1,0.98660904,217.58604450171097,63.260611035475584,749.6693167606612,0.976170404936731,0.17733271312668497,-0.34534865617752075,0.011768224649131298,-0.9384006857872009
5738,5738,1,0.9915215,228.24323072241452,71.5139816626869,784.4939164087288,0.9760519849712497,0.5430115224109517,-0.35400211811065674,0.1351710557937622,-0.9254249334335327
5739,5739,1,0.9825052,232.94737316361577,80.81410741905218,803.1280163919224,0.9767079058982752,0.9701568032418201,-0.35794690251350403,0.2735268771648407,-0.8927805423736572
5740,5740,1,0.9939925,243.6483596720458,87.45511395255953,845.2822237624397,1.0174418422001323,1.4328195488474973,-0.3728479743003845,0.39700672030448914,-0.8386715650558472
5741,5741,1,0.9939468,250.63778031102206,90.01471993659003,867.7510292415724,1.09100586261577,2.01622898920556,-0.3935260474681854,0.5328431129455566,-0.749143123626709
5742,5742,1,0.99371135,238.30831360811365,90.57564563334778,827.5403415048271,1.1154807876146873,2.0641397300651287,-0.40470090508461,0.5600187182426453,-0.7229081392288208
5743,5743,1,0.992475,252.51042049723148,95.95921026440938,869.7381454592804,1.1369619628939063,2.268025119155222,-0.40708523988723755,0.5783790349960327,-0.7069365978240967
5744,5744,1,0.99326396,244.56979561140517,94.562371605463,845.6711901510935,1.1537908510842088,2.310825498211728,-0.41255614161491394,0.5976706743240356,-0.6874498724937439
5745,5745,1,0.99400854,236.18901226213325,93.5761624868751,816.198717277426,1.1201378845900714,2.277265221372436,-0.39997589588165283,0.6107052564620972,-0.6834167242050171
5746,5746,1,0.99495715,246.0614444937634,96.07411999975234,857.2355128169183,1.06534351338641,2.394622886581065,-0.3680371642112732,0.6216446757316589,-0.6914525032043457
5747,5747,1,0.9922255,243.36255330539294,93.62802183353476,842.3287152811218,1.0131791019775116,2.343751115383243,-0.3465612232685089,0.626996636390686,-0.6976894736289978
5748,5748,1,0.99061054,243.1291792410536,95.01830342849082,842.0044928787471,0.9971903641032943,2.3601860842779194,-0.33845993876457214,0.6319150328636169,-0.6972290277481079
5749,5749,1,0.9913235,241.29731102051315,95.0779411385467,843.3046806253733,1.0068530949059806,2.3432105244404258,-0.3417738378047943,0.6268599033355713,-0.700169563293457
5750,5750,1,0.9923219,242.9561017070068,92.94791198966699,849.2742021770624,1.035709796704252,2.3700388627664264,-0.3539285957813263,0.6267766356468201,-0.694179892539978
5751,5751,1,0.99109334,230.2647896387416,90.64438168786558,809.4396286138658,1.0478750499916683,2.293728947110289,-0.3610256612300873,0.6313521862030029,-0.6863344311714172
5752,5752,1,0.99283856,234.51776381854748,92.9097987761525,818.0297857208037,1.0455066159264965,2.335429196379963,-0.36030009388923645,0.6341232061386108,-0.6841576099395752
5753,5753,1,0.99412954,244.57960462809206,97.07189191792075,855.1392163776776,1.0532570770957148,2.499521794845854,-0.35772407054901123,0.6448174118995667,-0.6754584312438965
5754,5754,1,0.9935768,243.10866425257282,94.92930420479412,847.4066986526249,1.0499702809228264,2.48987545616517,-0.3567063808441162,0.6483085751533508,-0.6726489663124084
5755,5755,1,0.99131024,243.4426244884431,97.470504534868,851.7528740995587,1.0444433093717431,2.4876714553044543,-0.35409727692604065,0.645220160484314,-0.676983118057251
5756,5756,1,0.9929249,232.99937754542907,92.59802380252347,820.0342526152825,1.0315280890785832,2.338222330532048,-0.3515082895755768,0.6363503932952881,-0.6866586804389954
5757,5757,1,0.9939513,238.1624433785074,92.95525070650298,833.2148753709911,0.9774124059421726,2.283945798643929,-0.32877397537231445,0.6249074935913086,-0.7080948948860168
5758,5758,1,0.99277544,227.64927883033553,91.1476183829003,800.1873709380465,0.9217982079641368,2.1367781875315464,-0.30281364917755127,0.6188631653785706,-0.7247843742370605
5759,5759,1,0.99208117,229.15565481060196,93.18635018253404,805.2508692821275,0.8774576200441091,2.118643459489945,-0.2801670730113983,0.6160330176353455,-0.7362130880355835
5760,5760,1,0.99177414,225.7524406609181,91.56731005131972,791.9407331664503,0.8507162375096676,2.0840198537637544,-0.2654992640018463,0.61979079246521,-0.7384914755821228
5761,5761,1,0.9926865,224.1446202615612,90.10652413325325,785.2559487811031,0.84488839109526,2.10162082106369,-0.2612015902996063,0.6295080780982971,-0.731774091720581
5762,5762,1,0.9929004,234.56546027121718,91.84123695453324,823.2912535173215,0.8392921047548894,2.2382225698711546,-0.2574393153190613,0.6384456157684326,-0.725335955619812
5763,5763,1,0.99308324,237.39402256934144,91.5065439313197,829.1774385003915,0.8319551197595711,2.292552032953955,-0.25365376472473145,0.6477724313735962,-0.7183667421340942
5764,5764,1,0.9921836,233.3027141028016,93.08343873681092,820.3265357749325,0.8358740288033863,2.2871075289113563,-0.2537841498851776,0.650356113910675,-0.7159822583198547
5765,5765,1,0.99393445,229.82978906595508,91.76622369330153,809.6059141500265,0.8381910359811626,2.2614730749572463,-0.25409823656082153,0.6514866352081299,-0.7148421406745911
5766,5766,1,0.99405235,238.73062062886905,93.19568471212209,836.2036979140431,0.8426223122813551,2.349757630434769,-0.25795185565948486,0.6538079380989075,-0.7113339900970459
5767,5767,1,0.9940042,235.84588701122524,94.1245095535656,833.4069253051956,0.8814500450949376,2.318532885063651,-0.276978999376297,0.6440751552581787,-0.713056743144989
5768,5768,1,0.9919797,230.2772194561895,92.75713726719134,817.6221159226584,0.8926477044865835,2.2594883650023365,-0.2822744846343994,0.6397702693939209,-0.7148532867431641
5769,5769,1,0.9908251,228.44789695107139,93.68760406884049,806.7136179140202,0.9110023256169839,2.2024989117159546,-0.29464495182037354,0.6300743818283081,-0.7184640765190125
5770,5770,1,0.99017185,230.03043237159736,93.45584343917267,810.9034608881324,0.9348946706998382,2.196593105920036,-0.30796682834625244,0.623403787612915,-0.7186961770057678
5771,5771,1,0.9874665,227.20774238193022,92.99099590465688,802.9772535714064,0.9548414671431449,2.1888836918886723,-0.3177075684070587,0.623799741268158,-0.7140979170799255
5772,5772,1,0.98624563,229.02603881926612,93.70109019467782,811.5536730385166,0.980021626116571,2.2171665896732087,-0.3294152617454529,0.6216802597045898,-0.7106329798698425
5773,5773,1,0.9885533,225.2513967378344,91.75088735507482,802.2347298253366,1.0030678484250684,2.1978604632910543,-0.3401884436607361,0.6207588315010071,-0.7063499689102173
5774,5774,1,0.9874549,226.71458705560008,92.99668506533119,811.306207979212,1.007458014696812,2.2339668552893657,-0.3403255045413971,0.6226904392242432,-0.704581618309021
5775,5775,1,0.9871442,229.40652379334668,93.2038442025786,816.7775253500569,0.9481052597098745,2.2638232470102473,-0.31040018796920776,0.633937418460846,-0.7083608508110046
5776,5776,1,0.9876223,230.70998222938897,95.0241137407318,820.9411545118446,0.8802309312952936,2.31361018763138,-0.2742050886154175,0.6497257947921753,-0.7089908123016357
5777,5777,1,0.98661673,227.34528177312998,92.66787367925922,811.2644919713415,0.8132998907191428,2.387928529844292,-0.234405517578125,0.6797018051147461,-0.695024847984314
5778,5778,1,0.98927504,225.2077576400617,91.9577306333369,802.3711185040539,0.7413642861030472,2.495819462960432,-0.19166438281536102,0.7133389711380005,-0.6741011142730713
5779,5779,1,0.99189067,229.40644413408464,92.42072122258662,811.9543716128069,0.6984440778517136,2.6509210393116316,-0.16836753487586975,0.7391069531440735,-0.652206540107727
5780,5780,1,0.9912334,239.7475271708046,94.05261019581997,849.6317877315738,0.6433216773421491,2.892279357808442,-0.14223070442676544,0.7615554928779602,-0.6323003768920898
5781,5781,1,0.99208236,230.98875724086216,93.22999907960707,817.9945220506593,0.6142761410887728,2.8479810229071747,-0.12176693975925446,0.7732896208763123,-0.6222507357597351
5782,5782,1,0.99075454,232.8930320898945,93.6583062250122,822.5044902418446,0.6517916300918528,2.904208986457635,-0.14209583401679993,0.7763957977294922,-0.6140182018280029
5783,5783,1,0.9907663,242.16431024061578,97.4178152526702,857.7422450865843,0.6638325857340849,3.039729759683019,-0.15214864909648895,0.7759226560592651,-0.612204909324646
5784,5784,1,0.99051595,238.43528046706888,96.65346519064968,841.0702999212144,0.7032737380647615,2.868401484569482,-0.172901913523674,0.7563948035240173,-0.6308501362800598
5785,5785,1,0.9940931,244.35017447908717,97.37022238911312,854.2377776592126,0.7416859502059863,2.7767361225736598,-0.19840072095394135,0.7312282919883728,-0.6526426076889038
5786,5786,1,0.9927725,244.20375812923908,98.01332104502983,851.4386597500088,0.7645960963738362,2.6105053878531894,-0.21424894034862518,0.7015274167060852,-0.679673969745636
5787,5787,1,0.9912515,245.174479696279,96.78011205087871,849.7775868719426,0.7910945700947557,2.489602682945252,-0.23189498484134674,0.6775675415992737,-0.6979448199272156
5788,5788,1,0.991836,242.07839925708637,97.14747647163126,840.182708781319,0.8286472242013233,2.4171230925197165,-0.25201869010925293,0.6642299294471741,-0.7037650346755981
5789,5789,1,0.99256706,245.69024574751109,98.40189228991824,854.1564281839316,0.8584132237047439,2.4630647282806097,-0.26700490713119507,0.661889910697937,-0.7004356384277344
5790,5790,1,0.9929166,240.77358767911605,97.26140510402398,833.1320612702237,0.894624924371479,2.4287402200488812,-0.2856505513191223,0.6623952984809875,-0.6925578713417053
5791,5791,1,0.99457437,236.9193992199429,96.55640905978059,822.9404679274736,0.9124980928434127,2.394125129073995,-0.2942039966583252,0.6592661142349243,-0.6919626593589783
5792,5792,1,0.99463236,232.1020066864734,94.99398276257102,810.7195617413075,0.905017490364538,2.3338255426452252,-0.29006701707839966,0.6556771397590637,-0.6971002221107483
5793,5793,1,0.99443936,239.07521316238376,95.68887249272068,835.0588577893965,0.874303912110205,2.3746247861629923,-0.2746753692626953,0.6542331576347351,-0.7046506404876709
5794,5794,1,0.9940416,240.50105199849676,97.30516311564537,838.2474685692159,0.8472526054379209,2.3593903396914606,-0.2621784508228302,0.651457667350769,-0.7119448184967041
5795,5795,1,0.99425334,237.94034145587048,96.8245851596047,827.0537903175868,0.838274368184118,2.3282942269021007,-0.2579280436038971,0.652282178401947,-0.7127419710159302
5796,5796,1,0.99398357,245.18462180680763,97.97809717694868,854.7214405041326,0.8301975469852874,2.413081972290669,-0.25339552760124207,0.6551330089569092,-0.7117524147033691
5797,5797,1,0.9933501,244.96647327806522,98.28857894633946,852.0445828700157,0.8231238910298971,2.4095256318933966,-0.25018784403800964,0.6563408970832825,-0.7117743492126465
5798,5798,1,0.9919247,234.25764774085664,96.24458158280002,817.9339186115054,0.8260746131975238,2.3158481328959404,-0.2497166097164154,0.6566620469093323,-0.7116435766220093
5799,5799,1,0.9931787,245.55105525252725,98.1990836273099,858.6518056553954,0.8111524626197478,2.432208526107212,-0.24277392029762268,0.6589540243148804,-0.7119272947311401
5800,5800,1,0.9933076,247.34565628632754,99.53763058129572,866.380915133759,0.7785507953379582,2.5168416143324865,-0.22459523379802704,0.6741454601287842,-0.7036226987838745
5801,5801,1,0.99265724,234.64442945213986,96.66620173064051,821.7644704240611,0.7649444340841293,2.524463913497286,-0.21128997206687927,0.7025262713432312,-0.6795686483383179
5802,5802,1,0.9936951,240.07493945268686,97.60311586029808,841.0328337205545,0.7537635151868969,2.771372362389969,-0.20228542387485504,0.735984206199646,-0.6460711359977722
5803,5803,1,0.9938917,248.4203785309779,99.31626476421644,868.0024985792392,0.7415669681386087,3.0950890475943695,-0.19344301521778107,0.7711975574493408,-0.606493353843689
5804,5804,1,0.99434,243.84742184292966,97.8167806123643,851.6351718163943,0.7081136520639013,3.20213613579897,-0.17262138426303864,0.796153724193573,-0.5799492597579956
5805,5805,1,0.9945176,235.79885873862872,96.27615095106302,822.2987167958178,0.6794644786334961,3.1593146246148605,-0.15475869178771973,0.8072034120559692,-0.5696247816085815
5806,5806,1,0.9944483,241.90687508264526,98.42966536666462,843.2409800526176,0.6720235283605515,3.209115530757914,-0.15435205399990082,0.8034210801124573,-0.5750565528869629
5807,5807,1,0.9943731,246.65053157110887,98.99384653093112,862.432008996173,0.7248849753213472,3.1351704724368417,-0.18360327184200287,0.7807798385620117,-0.5972208976745605
5808,5808,1,0.9939539,243.8208164496157,98.16564874380254,850.8544033814297,0.7663935016948205,2.923373067683275,-0.20718251168727875,0.7531307339668274,-0.6243953704833984
5809,5809,1,0.9942193,241.7958629691088,97.85221394780909,845.3644081078231,0.7739294774034529,2.7666507913774607,-0.21366535127162933,0.7308399677276611,-0.6482439041137695
5810,5810,1,0.9944748,233.72660934885462,95.45923773967621,815.4165894536891,0.7814068782411958,2.5801143321839866,-0.21845698356628418,0.7149878144264221,-0.6641303300857544
5811,5811,1,0.99443674,238.83327165708417,94.77553965230736,830.0669612425163,0.7780263158890073,2.6746825943458834,-0.21695032715797424,0.7242496609687805,-0.6545189619064331
5812,5812,1,0.9942404,240.9672393390188,95.60084916479035,840.0005384144006,0.7890434911122536,2.8181712910842345,-0.21945445239543915,0.7412733435630798,-0.6343135237693787
5813,5813,1,0.99347705,235.94658372281478,94.60113112848677,825.4199736771828,0.8044384159818987,2.912135279328733,-0.22154082357883453,0.7619388699531555,-0.6085793972015381
5814,5814,1,0.9906516,231.5895768391122,95.60174581156564,807.382944373479,0.8006831412377377,2.9401884718928586,-0.21730466187000275,0.7748517394065857,-0.5936190485954285
5815,5815,1,0.9920421,243.13212430421288,98.92598725436939,845.25739753588,0.8277074045731561,3.0948493341490324,-0.2319127321243286,0.7737009525299072,-0.5895789861679077
5816,5816,1,0.9921599,240.30978441763614,98.40067603877026,837.3344608583058,0.8552065690612314,3.0156417744117756,-0.24578700959682465,0.7639461159706116,-0.5966365933418274
5817,5817,1,0.9913288,240.490761502031,98.79382598621095,837.0992461745559,0.8803538825873025,2.91374893790214,-0.26137515902519226,0.746178150177002,-0.6122917532920837
5818,5818,1,0.99273103,239.25881307996303,97.73030437909885,827.7691083872105,0.886526565723486,2.786298323940256,-0.2689642012119293,0.7304181456565857,-0.6278117895126343
5819,5819,1,0.99231213,247.12566782914914,100.72288521304786,858.4765674637039,0.8605923000007206,2.829349447480842,-0.2577424943447113,0.7236904501914978,-0.6401882171630859
5820,5820,1,0.99208003,256.5029037539025,104.10866956464479,892.5554158038675,0.8477313391261561,2.9178213802259623,-0.2525828778743744,0.7209790349006653,-0.6452836990356445
5821,5821,1,0.9899755,250.1869357699961,101.33809487903868,865.5898171663129,0.8440071679781478,2.826044202078059,-0.25167420506477356,0.7209679484367371,-0.64565110206604
5822,5822,1,0.989627,243.18683616085275,101.24908032429994,839.3148379042326,0.8611524254638913,2.6733590408309724,-0.26270341873168945,0.7066376209259033,-0.6570008993148804
5823,5823,1,0.98974586,248.19262892745587,101.56357549647362,852.5605965985797,0.8708143085877933,2.6447030174131583,-0.27075669169425964,0.6931976675987244,-0.6679579615592957
5824,5824,1,0.9894924,250.39346353368944,99.83666993165254,857.0676632046197,0.8920612563688691,2.5771157995732015,-0.2842000722885132,0.6767648458480835,-0.6791315674781799
5825,5825,1,0.9888227,250.01074155390992,101.23306866054524,862.5134125021281,0.9326722496351099,2.5453940770944907,-0.303711473941803,0.6626733541488647,-0.6845607161521912
5826,5826,1,0.9878997,242.0938090058978,100.03324660736733,832.5582986081945,0.9701308741087677,2.438426531449004,-0.3247555196285248,0.6529819965362549,-0.6842136979103088
5827,5827,1,0.9866388,250.509664185348,102.9782137930347,863.6250017487129,1.0087646833448787,2.4998773998782142,-0.3417606055736542,0.642505407333374,-0.6858473420143127
5828,5828,1,0.9865943,242.05257626224116,99.27934487487865,831.0124752557567,0.9863337137864173,2.392061410257155,-0.3345884084701538,0.6425814628601074,-0.6893038153648376
5829,5829,1,0.98661345,246.18173427634528,99.26363831654578,842.2101101891694,0.9501067442943975,2.466537755506972,-0.31538471579551697,0.656343936920166,-0.6853796243667603
5830,5830,1,0.9867098,243.9075333763751,99.07785888980614,838.4822033359324,0.9220692696454422,2.5074511455757498,-0.29885053634643555,0.6702005863189697,-0.6793522834777832
5831,5831,1,0.98555076,243.63175177707106,99.92884164614414,839.6492227955864,0.888676386142576,2.5879845749616295,-0.27925795316696167,0.6885110139846802,-0.6693037748336792
5832,5832,1,0.9834489,238.46601183861503,98.261188871476,817.862862895954,0.8493950014749021,2.5793091763859723,-0.2585539221763611,0.7038161158561707,-0.6616591811180115
5833,5833,1,0.98525697,238.51681626550257,98.93851611645339,820.7751461724889,0.8234517955916287,2.6266402743283623,-0.24345068633556366,0.713523268699646,-0.6569751501083374
5834,5834,1,0.9844545,245.3688135287831,100.84136585224648,842.1651010132177,0.7982052997495983,2.7303926438138353,-0.23113684356212616,0.7218654751777649,-0.6522929072380066
5835,5835,1,0.9856506,240.37306249088056,99.14671134683192,824.2629853063182,0.8162575062783296,2.701440354343355,-0.23878104984760284,0.7251692414283752,-0.6458430886268616
5836,5836,1,0.9878637,239.54230662515837,98.31779083196471,822.5821768967274,0.8262134726422596,2.7436614596594424,-0.24183042347431183,0.7324547171592712,-0.6364182233810425
5837,5837,1,0.9882691,242.74985131384207,98.64103233683132,833.7234421104271,0.8336794860454994,2.8459092990842043,-0.24368439614772797,0.7421642541885376,-0.6243478059768677
5838,5838,1,0.98816735,247.71939408280073,100.82117833926685,847.4231974546478,0.8321584867019057,2.938109250481546,-0.2429666817188263,0.7484700083732605,-0.6170574426651001
5839,5839,1,0.9862192,240.08172123585848,98.63618315305139,824.4466256362633,0.8608057821817475,2.8516181201147486,-0.25566819310188293,0.7446955442428589,-0.6164920330047607
5840,5840,1,0.98547155,244.42422773065883,99.48177892668639,837.5477126114482,0.8790447091841816,2.860871373759257,-0.2661774754524231,0.7369771599769592,-0.621300458908081
5841,5841,1,0.98566365,246.85857528270608,100.28290253733248,846.8419575348565,0.9009865505563079,2.853305293880743,-0.27765047550201416,0.7282788157463074,-0.6265143752098083
5842,5842,1,0.9869686,243.21509070351803,99.12118881346174,834.0836785808082,0.9192047431996337,2.7773976993232696,-0.28777220845222473,0.7207349538803101,-0.6306570768356323
5843,5843,1,0.9888483,249.382795995232,101.1941142261041,854.5653908166422,0.9334408367661243,2.845906492425039,-0.294124037027359,0.7189016342163086,-0.6298186182975769
5844,5844,1,0.99281585,244.33574676960018,100.05304294534953,837.5691236323836,0.9526040779036761,2.783165658876653,-0.3038652837276459,0.715267539024353,-0.6293315887451172
5845,5845,1,0.9927384,249.49625337071123,100.38362046306777,855.4828063895943,0.9801363363923535,2.829327770275369,-0.3158833980560303,0.7103212475776672,-0.6290162801742554
5846,5846,1,0.99223995,245.1757812325392,98.32232131546853,838.951664875644,0.9981221627513146,2.770432419253784,-0.325521856546402,0.7072522044181824,-0.627558708190918
5847,5847,1,0.9910778,257.5820538753238,99.74746020138566,884.9424465003449,1.049540414690738,2.8868032268874964,-0.34484004974365234,0.6970013976097107,-0.62870854139328
5848,5848,1,0.9915377,249.32089134391302,98.77980520809884,862.1998915129029,1.0808611611761891,2.7466264025248126,-0.36213478446006775,0.6810534596443176,-0.636415421962738
5849,5849,1,0.9902858,252.17261403273298,98.59743781354486,871.2469508466233,1.1134256246171899,2.675408029644142,-0.37951943278312683,0.659813642501831,-0.6485452651977539
5850,5850,1,0.9910115,248.9343167428734,97.16661432921394,863.0754958552825,1.1554490994258906,2.553260127467435,-0.4018930196762085,0.6361928582191467,-0.6585898995399475
5851,5851,1,0.994726,244.87438736603295,96.00908584303458,847.2197468661456,1.1739457130894126,2.382768569571795,-0.41821926832199097,0.6079909801483154,-0.6748626828193665
5852,5852,1,0.9963678,241.9711201299949,94.6028768989952,838.0147629205768,1.126860125246746,2.2853145427689165,-0.40173545479774475,0.600029468536377,-0.6917899250984192
5853,5853,1,0.9943507,241.4705975217621,93.98867441237523,836.403611094072,1.0109920080792598,2.30745286227122,-0.3467615246772766,0.6225302815437317,-0.7015786170959473
5854,5854,1,0.99295783,240.41217133624093,91.74134895465272,836.5119425371904,0.9088556239974074,2.3645695931840436,-0.2928272485733032,0.6493889689445496,-0.7018163800239563
5855,5855,1,0.99105525,239.07870615270667,90.63104437519996,830.9256316219331,0.8921446422982178,2.502795225633976,-0.27944129705429077,0.6822335720062256,-0.6756256222724915
5856,5856,1,0.99355936,229.3751506288097,89.49812331392143,810.2777534813282,0.8950274829874615,2.5586370902419313,-0.27342045307159424,0.7045518159866333,-0.6548649072647095
5857,5857,1,0.99280655,227.42805887321617,90.31110954613395,802.9338366137936,0.901301623785693,2.5599250967168903,-0.2762208878993988,0.7074828743934631,-0.6505152583122253
5858,5858,1,0.9836938,227.02160799271505,89.08601859045997,802.5133146314391,0.9431248206423694,2.5446297285916386,-0.2973071336746216,0.7002679705619812,-0.6490249037742615
5859,5859,1,0.9857701,222.40715610772384,90.06411903168413,789.5260528118624,0.9753627598181416,2.4378934232037115,-0.3163752853870392,0.6824859380722046,-0.6588776111602783
5860,5860,1,0.9844147,217.050654650085,88.85481259534573,778.2342896719762,1.014728862746488,2.3599717138080156,-0.3368009626865387,0.6687789559364319,-0.6627969741821289
5861,5861,1,0.98522097,220.9573727673512,90.32371183591499,791.6586763323086,1.0647383834525945,2.397971494594573,-0.3604746460914612,0.6608654856681824,-0.6582666039466858
5862,5862,1,0.9841367,214.7092042788204,87.28070475616057,771.9701318850357,1.089475235405963,2.271762085905063,-0.3770781457424164,0.6436203122138977,-0.6660067439079285
5863,5863,1,0.97909355,218.52016297574963,89.46312526942903,786.310928097097,1.1242195569746476,2.231952648869882,-0.39581942558288574,0.6206386685371399,-0.6768564581871033
5864,5864,1,0.97749674,212.53835572526657,88.15705248293614,775.2622170536357,1.1708204258567025,2.1334457349557017,-0.4202353358268738,0.5985537767410278,-0.6820086240768433
5865,5865,1,0.98004717,210.2121234404771,89.0845903211111,775.9609515320193,1.2033608404374547,2.0353042153574714,-0.43819254636764526,0.5698931217193604,-0.6951324939727783
5866,5866,1,0.9794825,207.53985733205846,89.08598162954262,772.019026370454,1.205931230522634,1.969567138613948,-0.4414738118648529,0.555869460105896,-0.7043508291244507
5867,5867,1,0.97661465,205.25731952475348,87.49333627386282,760.1624771221354,1.2228555979466622,1.8840123303503298,-0.4551209807395935,0.5384217500686646,-0.7092016935348511
5868,5868,1,0.9837037,212.72604529715045,89.55544751100604,792.4753779275893,1.2344532468338811,1.944920063962087,-0.4532887041568756,0.5347760915756226,-0.7131226658821106
5869,5869,1,0.97831863,220.23449700657997,91.2628100644455,817.036854368603,1.2237066596154935,2.0659310337312813,-0.44170063734054565,0.5524840950965881,-0.7068676948547363
5870,5870,1,0.97837585,218.0889789304838,90.43829782132951,799.5766667231846,1.1640700383384455,2.0499567802375775,-0.4188264012336731,0.5664138197898865,-0.7097604274749756
5871,5871,1,0.9792666,220.83418111941126,91.73056322131437,811.5818079566521,1.1133496761969848,2.1242402740537805,-0.3907630145549774,0.5847190022468567,-0.7109205722808838
5872,5872,1,0.98267144,216.858149717649,89.77054808333877,785.4491729394048,1.0691747118317096,2.1303939461105306,-0.3723950684070587,0.6070390343666077,-0.7020153403282166
5873,5873,1,0.9841388,222.59102770331359,91.41878082579804,795.9993076715153,1.0423281655155237,2.2181197100153924,-0.35814034938812256,0.6233745813369751,-0.6950824856758118
5874,5874,1,0.989931,232.4658747482606,92.49489846014353,822.536788102167,1.0260690646465078,2.405890186595747,-0.3449563682079315,0.6499894261360168,-0.6771402955055237
5875,5875,1,0.9907843,243.74798250344406,95.4999984318316,854.221011676577,1.0506163143490912,2.6114739750054445,-0.35099974274635315,0.6676731705665588,-0.6565148830413818
5876,5876,1,0.9922735,232.7579770323006,92.9130809638899,811.383425781362,1.0251919637284086,2.575642348608859,-0.34016308188438416,0.6872777938842773,-0.6418242454528809
5877,5877,1,0.99477464,232.6390972428893,92.73581239764009,808.716117083035,1.0169090861225507,2.6399964582743833,-0.33381059765815735,0.7012333273887634,-0.6299542188644409
5878,5878,1,0.99541926,235.20511508183907,92.86814177482712,820.8317651642069,1.0039759428242718,2.691108605579755,-0.32530176639556885,0.7058596611022949,-0.6292384266853333
5879,5879,1,0.99516773,235.65899658125997,92.16177241149353,820.7673534018068,0.9833310330411024,2.7285189547575506,-0.3142927885055542,0.7152193784713745,-0.6242445707321167
5880,5880,1,0.99494946,228.99806582389388,90.67124481570852,796.8844101958333,0.9805954812359591,2.698420541095793,-0.31258684396743774,0.7233774662017822,-0.6156415939331055
5881,5881,1,0.9945029,226.33386829678238,90.91741343860586,794.0832975667623,0.9949033503473725,2.7930518917262512,-0.3134239614009857,0.7384545803070068,-0.5970346331596375
5882,5882,1,0.9946437,225.72482972439147,90.86040555379327,793.3599872306864,1.0156093280977379,2.849097106409747,-0.3201621472835541,0.7447409629821777,-0.5855400562286377
5883,5883,1,0.9937356,234.0688993205906,93.93596813757699,821.1757001507143,1.0743790228333856,2.906924747289275,-0.34660276770591736,0.7304526567459106,-0.5884771943092346
5884,5884,1,0.99292517,227.98011216423632,92.26552471320582,802.4742699527029,1.1174287518943813,2.6613253331211606,-0.3762192130088806,0.6942603588104248,-0.6135647892951965
5885,5885,1,0.99265224,231.29540333646875,91.7963049126193,817.2027087444625,1.1532996386049115,2.491851844506242,-0.39979788661003113,0.6510496139526367,-0.6452102065086365
5886,5886,1,0.9914262,235.53425703244977,92.55927210816667,830.70755003138,1.1548810972921735,2.3951144521043943,-0.40533289313316345,0.624608039855957,-0.6675103902816772
5887,5887,1,0.9921016,221.02444777592459,87.42585627176656,782.4206215069536,1.1428736644880773,2.2488715768867755,-0.40659934282302856,0.6237115263938904,-0.6675784587860107
5888,5888,1,0.9913201,228.12231665312004,91.31447848715487,805.303702778324,1.1303870509619112,2.4095472225771255,-0.39383310079574585,0.6446672081947327,-0.6552097201347351
5889,5889,1,0.9914757,234.79284250282114,94.83869969611048,826.6003168122535,1.1548788443406175,2.62773329034596,-0.3950716555118561,0.6695494651794434,-0.6289848685264587
5890,5890,1,0.99426645,230.26392296582398,92.87888813379158,805.3028783092738,1.113454990581476,2.6372423044282556,-0.3770976662635803,0.6885656118392944,-0.6194148659706116
5891,5891,1,0.9946595,236.27592712383728,95.49436261853471,826.1418588662374,1.0751700108634559,2.7894963230683563,-0.35374778509140015,0.7085545063018799,-0.6105842590332031
5892,5892,1,0.9949903,236.9437358124851,92.98129979543705,825.022427532727,1.0505275871641018,2.8711195244661454,-0.3391789495944977,0.7264754176139832,-0.5976547002792358
5893,5893,1,0.9956416,237.98161168305353,94.59770308504847,824.215143208795,1.0444201485017943,3.0203943692672808,-0.33097296953201294,0.7488497495651245,-0.5741785764694214
5894,5894,1,0.9953709,231.79376703181174,92.36248025828166,804.3750406905398,1.0086796095231234,3.046836966938079,-0.31162959337234497,0.767553448677063,-0.5601328015327454
5895,5895,1,0.9956097,229.27695431808294,90.97646380723863,793.5314630200087,1.0135722108828202,3.052783032403714,-0.3128777742385864,0.7731570601463318,-0.5516663193702698
5896,5896,1,0.9934423,229.89642809756467,92.34268016360518,796.3418448155845,1.0193015438691755,3.09266914972951,-0.31397777795791626,0.7759080529212952,-0.5471606254577637
5897,5897,1,0.9925667,244.74590338780516,98.4940115004282,850.1323797972376,1.0127800551493893,3.3489769840668075,-0.3050805330276489,0.7829483151435852,-0.542141854763031
5898,5898,1,0.9908399,233.2589692760737,95.67827374578756,808.3827608930209,0.9939085412997347,3.1805372464587602,-0.30043449997901917,0.7838466763496399,-0.5434368252754211
5899,5899,1,0.99089724,232.58159557117946,93.8676345847653,807.809644897454,1.0521792882690777,3.1387498646840934,-0.32698190212249756,0.7718586921691895,-0.5452678203582764
5900,5900,1,0.99117833,247.46125139049067,98.28214302895977,862.2230238713131,1.0982016895707267,3.1079213213585914,-0.3513946235179901,0.7355337142944336,-0.5792340040206909
5901,5901,1,0.9923086,245.47891105435414,96.92485056596718,853.5493131069678,1.0849744944997302,2.726069647788268,-0.36313918232917786,0.6823241710662842,-0.6344791054725647
5902,5902,1,0.99545234,246.72427821195524,96.51227647630564,854.3146275985509,1.064641860460825,2.4339814457936635,-0.36751747131347656,0.6305250525474548,-0.6836439967155457
5903,5903,1,0.9956203,245.55145452306976,96.3867756204926,847.2974988621922,1.0618095860427832,2.2651671709553804,-0.3738035261631012,0.5990908741950989,-0.7080685496330261
5904,5904,1,0.9966522,245.31614734377476,96.54667445572117,846.751939543196,1.0970861479761609,2.264774978983252,-0.3900257647037506,0.5941805839538574,-0.7034410834312439
5905,5905,1,0.99687815,246.14477253604352,96.35918316335007,846.8537114945053,1.1228114050124245,2.3434044557930624,-0.398905485868454,0.6070653796195984,-0.6872743964195251
5906,5906,1,0.9969188,235.88186260037187,92.71748869319204,813.8549482176035,1.1146921170217514,2.354352760590356,-0.39408358931541443,0.6293720602989197,-0.6697678565979004
5907,5907,1,0.99593675,246.32073708495435,95.82439318366671,847.2470621968208,1.125154588797284,2.584378177566526,-0.38897839188575745,0.6542314887046814,-0.6485962271690369
5908,5908,1,0.9951881,245.38567605259195,95.20803975460406,848.7897781542038,1.148524740810682,2.656197243552525,-0.39431312680244446,0.6637671589851379,-0.6355552673339844
5909,5909,1,0.9955056,236.1160561677465,93.40897853255052,817.6185077355817,1.1420381573073335,2.5181510857202234,-0.39785587787628174,0.6554561257362366,-0.6419408321380615
5910,5910,1,0.99569654,244.98972250230494,96.70214127866218,848.1190991049185,1.1228202322911218,2.48632267085911,-0.3913624882698059,0.6354332566261292,-0.6656275391578674
5911,5911,1,0.99558794,244.79762634397966,94.83002600054961,844.2090481849553,1.0709633996433445,2.2873988670770706,-0.376971960067749,0.6051203608512878,-0.7012286186218262
5912,5912,1,0.9959596,253.60818828711066,92.3177760700981,867.87141348474,0.9841243487613973,2.182630723241508,-0.3409343659877777,0.5832192301750183,-0.7373053431510925
5913,5913,1,0.9953752,255.34569842311183,89.5322825651984,865.7377421087241,0.9174318559994764,2.141504829094755,-0.3111450672149658,0.5847131609916687,-0.7491991519927979
5914,5914,1,0.9938419,243.1894199811743,83.66282657445846,804.8978043755784,0.8480357142874912,1.9951971380856461,-0.2803969383239746,0.5943278670310974,-0.7537586092948914
5915,5915,1,0.99456257,256.0216072527326,84.64018354303668,832.653140698294,0.7775310132161635,2.1505430411438184,-0.2451099306344986,0.6220950484275818,-0.7435851693153381
5916,5916,1,0.99479795,262.16181546919097,85.73186871012722,839.8600853329084,0.742069220845754,2.258953184812642,-0.22848182916641235,0.6444390416145325,-0.7297221422195435
5917,5917,1,0.9965312,248.62511465620597,83.88232129643485,786.4795137715347,0.7555695302731182,2.147683378639675,-0.2341030240058899,0.6497119069099426,-0.7232359647750854
5918,5918,1,0.9956624,249.05382532870635,82.93227085749895,776.7848259823804,0.7679788497480352,2.0692304420300904,-0.24554353952407837,0.6359831690788269,-0.7315967679023743
5919,5919,1,0.9956351,246.57324444206645,83.16452540363541,763.2988253151572,0.7968505723491898,1.9243409431669007,-0.2667202353477478,0.604520320892334,-0.7506101131439209
5920,5920,1,0.9964849,248.95290897701105,82.50863784722115,758.6307080163024,0.8037067195886528,1.7857890475032283,-0.2783236503601074,0.5694503784179688,-0.7734742164611816
5921,5921,1,0.9969459,254.1515775854307,83.10884908205931,760.4720580711142,0.822790511085528,1.7078566084479803,-0.2972520589828491,0.5425876975059509,-0.7856461405754089
5922,5922,1,0.99658114,258.14607679600016,83.23046047972171,765.167192002472,0.8297971002194642,1.6955747338048026,-0.3048364222049713,0.5348047018051147,-0.7880728244781494
5923,5923,1,0.9962328,263.6331581380575,83.9357300441458,774.1790389702795,0.8213829440496285,1.7489335014861063,-0.30209264159202576,0.5446639060974121,-0.7823562622070312
5924,5924,1,0.9964414,263.6301122718905,83.49555736393616,766.7307724908943,0.8175656127275526,1.7826380570616644,-0.3009614050388336,0.5587385296821594,-0.7728087902069092
5925,5925,1,0.997563,263.95093963652135,83.405815398608,765.7560382171417,0.8121312308766155,1.8118294184726402,-0.2975669503211975,0.5679438710212708,-0.7673941254615784
5926,5926,1,0.9970963,259.99628479806194,82.73728367024549,748.2470128046606,0.8062477403338417,1.7813265649914751,-0.29532110691070557,0.5710868239402771,-0.7659276723861694
5927,5927,1,0.9972167,264.19771832066937,83.5746328646354,756.4977318673599,0.7969050219083784,1.8012048109996488,-0.291803240776062,0.571789026260376,-0.766751766204834
5928,5928,1,0.9953803,272.5211604985417,85.65068499214124,776.4653173553056,0.781337291026107,1.8448963788775488,-0.2857428789138794,0.5716531276702881,-0.7691318392753601
5929,5929,1,0.99469924,268.4067580619348,84.98983896352229,758.5543175365774,0.7641582898661997,1.7717157247606132,-0.2775707244873047,0.5647623538970947,-0.7771731019020081
5930,5930,1,0.99537224,268.7653348646959,85.01402439775045,757.5857728468285,0.755779370086558,1.7393340972361098,-0.2740096151828766,0.5571501851081848,-0.783902108669281
5931,5931,1,0.99596304,272.2543979340888,85.70435435311798,765.6176098553847,0.7428888375466384,1.7646368164740003,-0.2676102817058563,0.5602791905403137,-0.7838826775550842
5932,5932,1,0.9963141,275.3934934950966,85.94442858437104,772.6746928428623,0.7185963155344294,1.798210102985051,-0.2540377676486969,0.5679075121879578,-0.7829086184501648
5933,5933,1,0.9958229,275.20201380547286,85.64468830904622,768.6756059313111,0.7116542279433808,1.812133965032868,-0.25021612644195557,0.5749974846839905,-0.7789543867111206
5934,5934,1,0.9951257,272.8586370315202,85.73479049733912,759.439068621294,0.7078089809520776,1.8282518588064087,-0.24700486660003662,0.585284411907196,-0.7722893357276917
5935,5935,1,0.99558854,278.1286752414949,86.41938366345069,768.7520613746518,0.7044025700310621,1.8922471062768274,-0.24741829931735992,0.5960923433303833,-0.7638442516326904
5936,5936,1,0.99754024,286.0346035606247,85.83821893334472,790.3842946276189,0.7206078481055894,1.9576403776178783,-0.259053111076355,0.5982948541641235,-0.758244514465332
5937,5937,1,0.99785787,282.6130447014847,86.00664076486794,779.9489192440974,0.7294562437482982,1.9314855957757304,-0.26356714963912964,0.596662700176239,-0.7579749226570129
5938,5938,1,0.99693716,285.28463603167626,86.03784236444123,786.1181675397476,0.7048741816834286,1.9437423097008089,-0.2504580318927765,0.5988876819610596,-0.7606604695320129
5939,5939,1,0.997396,287.34805343296034,87.04567291092422,791.5824244751224,0.6747126320247157,1.968879536127175,-0.2334945797920227,0.6045953631401062,-0.7615410089492798
5940,5940,1,0.99763393,285.0492127959293,86.15493164921604,784.2781149605353,0.6374246065356948,1.9831117595506647,-0.20981919765472412,0.6171736717224121,-0.7583354115486145
5941,5941,1,0.99617743,300.0381490334826,88.93581636368623,821.3337890106086,0.5660981378058093,2.190007966689195,-0.17525073885917664,0.6484796404838562,-0.7407842874526978
5942,5942,1,0.99491477,304.3845489992248,91.19223455419124,824.5817767206298,0.4922363633753394,2.313111183409855,-0.13590461015701294,0.6773414611816406,-0.723006546497345
5943,5943,1,0.99568,293.8192843845575,89.0929913918806,790.3137258087054,0.4505644914548031,2.322650662656908,-0.1029665395617485,0.7032330632209778,-0.7034637331962585
5944,5944,1,0.9947843,304.1973484513706,92.05268657857754,811.583422703516,0.38880607652513227,2.527611960975879,-0.07650395482778549,0.7319852113723755,-0.6770116686820984
5945,5945,1,0.9947471,307.5791404491858,93.23781668725705,817.5985391724959,0.36202441130253565,2.571432296969232,-0.06471065431833267,0.737097442150116,-0.6726811528205872
5946,5946,1,0.9936155,301.1610432651306,93.57097213566213,799.8844174144994,0.3315105089999805,2.504244081396312,-0.04086979106068611,0.7359277606010437,-0.6758254170417786
5947,5947,1,0.99173087,306.42160742618285,94.21217536162953,812.1629716265351,0.29833980060481907,2.4183751421965365,-0.026481052860617638,0.7136682868003845,-0.6999831199645996
5948,5948,1,0.9923145,305.37458059048623,94.1420323683039,810.4551036471212,0.3489183565107279,2.212103132963355,-0.054189469665288925,0.670069694519043,-0.7403176426887512
5949,5949,1,0.99347174,309.84810119830746,94.6211247917853,823.4203871233318,0.38473985963801427,2.064922766757084,-0.07996626943349838,0.6263919472694397,-0.7753957509994507
5950,5950,1,0.9924666,300.0800314056931,92.40880930208529,799.8588384440642,0.44241775998525357,1.8290831463507746,-0.10638871043920517,0.5779410600662231,-0.8091140985488892
5951,5951,1,0.9938646,298.56337313558265,91.96567781038476,803.9575643887001,0.5020968053523915,1.7835317844196696,-0.14210334420204163,0.559316873550415,-0.8166831135749817
5952,5952,1,0.99422354,294.65734008689736,90.45649451779646,799.8576245940752,0.5483060665683136,1.777655037224727,-0.16702987253665924,0.5579195022583008,-0.8129125833511353
5953,5953,1,0.99297994,282.97449844410704,88.6789041063342,776.6070878047321,0.6204553866548289,1.7800923283122392,-0.20238642394542694,0.5678892731666565,-0.7978355288505554
5954,5954,1,0.9954699,285.05651806720016,89.39059502852668,785.5913311191334,0.6604248534017785,1.901575895417922,-0.22548705339431763,0.5907502174377441,-0.774706244468689
5955,5955,1,0.99472624,282.45343096969725,88.85446066248012,781.6425457353629,0.658147744061405,1.9685077310170338,-0.22052107751369476,0.6111937761306763,-0.7601399421691895
5956,5956,1,0.99350536,282.9166701873791,89.29289232829451,782.2151422096105,0.6583583348101251,2.019706295543271,-0.2200363576412201,0.6231849789619446,-0.7504828572273254
5957,5957,1,0.9954567,294.1033460088891,92.78128608574836,812.7593467002221,0.6611472013262224,2.168343525995261,-0.22532112896442413,0.6372513175010681,-0.7369810938835144
5958,5958,1,0.99461174,288.5994198444632,91.62428690526669,798.1604930116815,0.6610656853059721,2.128303842773457,-0.22280779480934143,0.6375179886817932,-0.7375144362449646
5959,5959,1,0.9951539,286.81420970292817,91.24390897058292,791.0360222293444,0.6580980143458107,2.0456406018622295,-0.22226691246032715,0.6226635575294495,-0.7502583265304565
5960,5960,1,0.9949527,283.3815863662258,89.87938180478504,777.056955383593,0.6546394436790187,1.9489973529829554,-0.2209608405828476,0.6082476377487183,-0.7623720765113831
5961,5961,1,0.99410325,286.3836114801976,90.73172887664707,781.6151932837439,0.6542963927190043,1.8669843562672914,-0.2250346690416336,0.5831733345985413,-0.7805564403533936
5962,5962,1,0.99479645,296.33123269322016,93.29520796633331,799.9209821182076,0.654832445463071,1.8371399532429153,-0.2336791306734085,0.5615154504776001,-0.7937849760055542
5963,5963,1,0.9926398,291.65382810654194,92.98649820983003,785.2376014205983,0.6667028579025778,1.8042300134698606,-0.2393808513879776,0.5600700974464417,-0.7931067943572998
5964,5964,1,0.99109334,296.343347581676,95.48216447697423,794.8479426678977,0.6632063307520525,1.8273231030426238,-0.24036549031734467,0.5588346123695374,-0.7936802506446838
5965,5965,1,0.98951155,297.36654500190855,95.79905144452357,797.2511852583661,0.6533833477643378,1.8482084045072023,-0.23476450145244598,0.5638918876647949,-0.791777491569519
5966,5966,1,0.99017805,303.4710284202755,97.23223833585023,808.7178322999865,0.6389913647078349,1.9300568315533246,-0.229280024766922,0.5789807438850403,-0.7824397683143616
5967,5967,1,0.9897775,309.2322426357877,98.7420677392124,822.9268966253981,0.5733251591457647,1.9674372275278404,-0.1938876211643219,0.5855669379234314,-0.787095308303833
5968,5968,1,0.989782,297.5684659065021,96.00964160182173,791.572361044785,0.5433518896163179,1.9198571896239847,-0.16793233156204224,0.5967565178871155,-0.7846530675888062
5969,5969,1,0.9918961,303.5402334387456,97.39723320171004,803.3845313302289,0.47813363972165135,1.9684573178641263,-0.13250583410263062,0.6062389612197876,-0.7841660976409912
5970,5970,1,0.99362344,306.3831444027289,99.60789438968182,811.1270145537216,0.41183007052517884,1.9953513012384636,-0.09389450401067734,0.6112178564071655,-0.7858731746673584
5971,5971,1,0.99347913,305.381821041367,99.37478142954429,806.8980534830388,0.37254618150882907,2.045258948424364,-0.06857608258724213,0.6285021305084229,-0.7747789621353149
5972,5972,1,0.99311984,309.5902249862665,100.31110766930529,819.5718681959398,0.35410551621941705,2.1454238772108476,-0.061731550842523575,0.6453011631965637,-0.761430025100708
5973,5973,1,0.9926925,304.97912771414326,98.36060906691682,806.0644822110393,0.3797155218218967,2.166759604580164,-0.07278754562139511,0.6582224369049072,-0.7492965459823608
5974,5974,1,0.99279505,312.5654438117261,101.20299636685796,825.2438800970685,0.4298606931441374,2.3000644621546673,-0.10974624007940292,0.6717245578765869,-0.732626736164093
5975,5975,1,0.99270904,306.2918896059603,100.7531525463579,811.0255707724094,0.4978798439920446,2.2608397135501765,-0.14436480402946472,0.6671220660209656,-0.730826199054718
5976,5976,1,0.99215674,312.2651277462828,103.49938804013124,827.625322548263,0.5834863567191294,2.2949353084290003,-0.19740553200244904,0.6556200385093689,-0.7288302183151245
5977,5977,1,0.99182653,314.97927591228273,105.2184546791694,831.9688390540833,0.6485242156542688,2.2598446752362906,-0.23649480938911438,0.6375517845153809,-0.7332106828689575
5978,5978,1,0.9926682,309.84894906084475,103.37545478276532,815.6865917110132,0.7110497768419041,2.178719605950455,-0.2704896628856659,0.6225627660751343,-0.7343370914459229
5979,5979,1,0.9916476,319.4914958601747,108.50635830600841,836.5188010013472,0.7247969596946492,2.2338110545135805,-0.2823670506477356,0.6177650690078735,-0.7339177131652832
5980,5980,1,0.98959583,326.12402250570796,110.48045151738127,850.2227235062397,0.7346317158475276,2.268230106156578,-0.29029715061187744,0.6150649785995483,-0.7330911159515381
5981,5981,1,0.9935913,328.25303043252467,111.67088259953307,856.7093169139413,0.7356283119654372,2.2870713191179326,-0.2910771667957306,0.6148319244384766,-0.7329772710800171
5982,5982,1,0.9935464,319.86801563343755,109.56244304325664,834.4203266709845,0.7446877254429564,2.243623754271391,-0.2935592532157898,0.6177904009819031,-0.729491651058197
5983,5983,1,0.9930394,321.4196046430276,110.12235962183047,836.2226579766153,0.7343503778830966,2.260462283419421,-0.2888733744621277,0.6212812066078186,-0.7283968329429626
5984,5984,1,0.9905601,327.02324561054985,112.18456026906426,854.0502163875734,0.7534094953929462,2.355113938264727,-0.29752659797668457,0.6285974383354187,-0.7185702919960022
5985,5985,1,0.9906935,327.79886200938193,113.3786202757867,857.4898413988449,0.7811337867701569,2.413925348578587,-0.3095930516719818,0.6350023150444031,-0.7077600359916687
5986,5986,1,0.99050903,320.25007540451884,110.48604680925098,836.4882302282673,0.8124699926355305,2.395354913032006,-0.32288771867752075,0.640189528465271,-0.6970659494400024
5987,5987,1,0.9909089,316.8020177128841,110.16436197523997,831.0978302134437,0.8349591017561623,2.4370248274634534,-0.33033761382102966,0.6491559743881226,-0.6851814985275269
5988,5988,1,0.9909061,324.00318406107846,111.04252444022006,847.482833694845,0.85226290320998,2.5190828932999905,-0.3383163809776306,0.6535689234733582,-0.6770448684692383
5989,5989,1,0.99018127,318.9511168486678,110.12659396793462,835.6701623990439,0.851266024133632,2.5341672319097763,-0.3352084159851074,0.6635741591453552,-0.6688084006309509
5990,5990,1,0.99092394,327.3970129092569,111.92593606893688,855.5147530771987,0.8234827801697008,2.614625283216308,-0.3224392831325531,0.6707826256752014,-0.6678949594497681
5991,5991,1,0.99023926,326.365612793312,111.25127659090879,854.8814707221271,0.8086050547895693,2.594930001616146,-0.3152272403240204,0.6699130535125732,-0.672196626663208
5992,5992,1,0.9884166,320.3164862840246,110.27312390736851,838.7540306319773,0.7917556573824847,2.5502244178212026,-0.30646243691444397,0.6727976202964783,-0.6733678579330444
5993,5993,1,0.991096,320.21480702242417,110.43331062655928,837.567304436975,0.7913809311090296,2.544653413881718,-0.3066761791706085,0.6722627282142639,-0.6738045811653137
5994,5994,1,0.9917567,317.45274028357625,109.68189819121488,831.1915473021985,0.7995358494168874,2.5614428903809365,-0.30866318941116333,0.6783433556556702,-0.6667664051055908
5995,5995,1,0.99005324,317.4725119716921,109.75235469494989,831.8186769917226,0.8152350888877309,2.6297730658158027,-0.31351548433303833,0.688605546951294,-0.6538581252098083
5996,5996,1,0.99137914,308.76143512689424,106.98772278978964,807.9855503355071,0.8094889517316173,2.592521190107906,-0.3085005581378937,0.6969166994094849,-0.6474060416221619
5997,5997,1,0.9916699,313.361939362202,108.9491134052714,820.2278697128381,0.8035331826567303,2.6895171227218064,-0.30388596653938293,0.7073618173599243,-0.6381947994232178
5998,5998,1,0.99139965,315.15529885483573,109.26310740976403,824.4102298334756,0.7949246685317393,2.682464269465695,-0.3008859157562256,0.7048055529594421,-0.6424304246902466
5999,5999,1,0.9913619,314.405419345604,109.2065293439659,823.5201445921844,0.777799425842927,2.6349820011043423,-0.29381078481674194,0.6991796493530273,-0.6517845392227173
6000,6000,1,0.98933303,323.0424506505446,110.9526993224968,840.1798102457905,0.7523803532578239,2.6371036696310903,-0.28638961911201477,0.692350447177887,-0.6622928977012634
6001,6001,1,0.98960423,327.3650244155177,111.40186116750358,851.1167215859718,0.7379923061127939,2.6122861930142376,-0.2821868062019348,0.6833973526954651,-0.6733043789863586
6002,6002,1,0.9901838,321.6064848020757,110.78734518728392,840.984529422642,0.7533879277775112,2.5820866118038444,-0.2872942090034485,0.6820834279060364,-0.6724762320518494
6003,6003,1,0.9912511,315.08450922523383,109.14634032261483,823.7800011770147,0.7702080323491343,2.5647960447429408,-0.2932395040988922,0.6870273351669312,-0.6648338437080383
6004,6004,1,0.99288505,318.7300772031643,110.80431502378133,833.0222196546741,0.7731948906977762,2.6617957311069484,-0.2930406332015991,0.6984518766403198,-0.652910590171814
6005,6005,1,0.99309444,311.45588275679836,108.65820162814116,816.3137272656655,0.7757763852057199,2.693456329637486,-0.28910255432128906,0.713991105556488,-0.6376805305480957
6006,6006,1,0.9932481,313.0439176674049,108.33088441434893,819.4073767913251,0.7672578147118334,2.7945541024170337,-0.28191080689430237,0.7304392457008362,-0.6220811009407043
6007,6007,1,0.9927428,311.71513654311696,108.89102427173763,818.0921564104177,0.753930393255381,2.8557561274602627,-0.27226296067237854,0.7424504160881042,-0.6120786666870117
6008,6008,1,0.99205095,317.0453666688233,109.7337586412316,828.2245281093568,0.7417951347473755,2.94635507640959,-0.2664850056171417,0.7518283724784851,-0.6031084656715393
6009,6009,1,0.99170333,322.3488375194111,110.61140669479545,840.8763314204995,0.7375000319899214,3.0499363909206627,-0.26370492577552795,0.7605361938476562,-0.59333336353302
6010,6010,1,0.9912322,322.69430260110795,111.34200177629998,842.5427288157698,0.7466422633494948,3.039623808744544,-0.268512487411499,0.7569481730461121,-0.5957604646682739
6011,6011,1,0.9910847,316.7848088345017,108.92477363288599,830.9628568226918,0.7567152151572436,2.922258736093375,-0.27363207936286926,0.7456269860267639,-0.6075902581214905
6012,6012,1,0.99234515,322.46450829634676,110.7345960017741,843.7112932832906,0.7788258679440095,2.8765019606929125,-0.28905197978019714,0.7283355593681335,-0.621269941329956
6013,6013,1,0.9936924,318.35586755843116,109.74013980128524,832.7541391221815,0.7698000619750976,2.717621037572747,-0.28879624605178833,0.7094082832336426,-0.6429126858711243
6014,6014,1,0.99364847,314.74981184709003,108.86723034973772,821.6152993570098,0.7420579890710888,2.6333245769711753,-0.27671295404434204,0.7043740749359131,-0.6536720395088196
6015,6015,1,0.99335164,312.3671493273899,107.70106179766935,810.8451840913928,0.7095947976894263,2.6046284566420614,-0.2606486678123474,0.709378719329834,-0.6548619270324707
6016,6016,1,0.99320894,313.29476944073565,105.04483890193013,809.6270865443398,0.6418236213085717,2.608014472978721,-0.22582566738128662,0.7195048928260803,-0.6567461490631104
6017,6017,1,0.99397284,316.5993582771108,103.18627943359206,810.6441580937267,0.5661438227158733,2.599248774086545,-0.18848878145217896,0.725517213344574,-0.6618887782096863
6018,6018,1,0.9927793,315.5686531180886,102.88046054139814,810.9699277706771,0.5163990565803006,2.554693717272558,-0.16100098192691803,0.7220660448074341,-0.6728293299674988
6019,6019,1,0.9930821,317.68727715569645,103.41045483363932,819.2857377069801,0.5078201112355517,2.5070549314957247,-0.15833108127117157,0.709052562713623,-0.6871504187583923
6020,6020,1,0.99353445,320.4503135335927,105.32077136273169,825.8846210393878,0.5362808233144848,2.4581467122786123,-0.17722344398498535,0.6923348903656006,-0.6994743347167969
6021,6021,1,0.99390876,320.0833710781248,105.10754893359272,829.1735490096563,0.5988447740361662,2.393876205076437,-0.21198350191116333,0.6719695329666138,-0.7095913290977478
6022,6022,1,0.99366766,325.63430099676367,106.37015995797788,846.7680306713461,0.6226830577303144,2.4407035726579647,-0.22660435736179352,0.6685013175010681,-0.708347737789154
6023,6023,1,0.9961028,302.5571984250069,101.74009279379982,793.3566240778397,0.6553376492844606,2.344983570737113,-0.23164843022823334,0.6794047951698303,-0.6962385773658752
6024,6024,1,0.9948126,308.0492612132323,105.08601409223165,814.3807461003668,0.6598658438650662,2.5605230317910705,-0.2307186871767044,0.7074414491653442,-0.6680535078048706
6025,6025,1,0.99421424,304.82770716614027,104.51236280894015,807.8171047692475,0.6629234793074383,2.7895096534316144,-0.22340889275074005,0.7503776550292969,-0.622110903263092
6026,6026,1,0.9956519,307.3516866033105,105.31344357566384,815.9113489238413,0.6516534481096973,3.115050926337072,-0.20980970561504364,0.793823778629303,-0.5708097219467163
6027,6027,1,0.99404514,306.9698708686565,105.98474944212346,818.2597835111274,0.6464560914019278,3.39357600210838,-0.19910061359405518,0.826093316078186,-0.5271895527839661
6028,6028,1,0.99400854,311.660218958652,106.69265456745912,828.8471727978762,0.6197198577955005,3.718484491977045,-0.1819274127483368,0.8552342653274536,-0.4852595329284668
6029,6029,1,0.994335,306.8881346330064,105.70210093856788,819.3574816449699,0.6112482988416341,3.9174519676430912,-0.1703164428472519,0.8761070966720581,-0.4510306715965271
6030,6030,1,0.9953069,312.6566856561169,107.59972346558418,836.756846018161,0.5856437635066494,4.243312423636077,-0.15667229890823364,0.8939529657363892,-0.4198831617832184
6031,6031,1,0.9959259,309.51822378703645,107.13122358095298,831.2086900746222,0.5744702904503622,4.424288354358853,-0.14679504930973053,0.9071828126907349,-0.39429759979248047
6032,6032,1,0.9946478,307.5242625354355,106.3136951856173,827.8984095770894,0.551338811328279,4.519463511663493,-0.1349009871482849,0.9146733283996582,-0.38101762533187866
6033,6033,1,0.99489295,307.8449712622069,106.72271503466895,827.7552776100187,0.5557775125611513,4.572772860151344,-0.13602444529533386,0.9170429706573486,-0.37487274408340454
6034,6034,1,0.99497116,312.654952110887,108.50835463983422,845.2282442741612,0.5646711350642936,4.697766369101627,-0.14025083184242249,0.917631983757019,-0.3718619644641876
6035,6035,1,0.9943151,299.82685469498574,105.45136087313374,815.2845234943028,0.6145884012736907,4.448093441798052,-0.15532681345939636,0.9113976955413818,-0.3810877501964569
6036,6036,1,0.99317616,293.039743528339,103.17954293872297,798.8417545918327,0.6557130767062997,4.111798532479418,-0.17438961565494537,0.8947746753692627,-0.4110555052757263
6037,6037,1,0.99345076,306.4304421380711,107.00647659416188,835.3216734192952,0.6494194105475952,4.101493914047676,-0.1806364804506302,0.8813905119895935,-0.43648743629455566
6038,6038,1,0.9932411,297.0194211099433,104.2185143974363,814.527101706221,0.6333507922619714,3.8159608985416065,-0.1742638498544693,0.8696887493133545,-0.4618155062198639
6039,6039,1,0.9926543,296.37404014314507,104.18103698056917,812.726831681245,0.6200780293659227,3.842025433955152,-0.1675500124692917,0.8734357953071594,-0.45720556378364563
6040,6040,1,0.99273455,296.9753039092922,104.43940319408762,813.7623144152359,0.6289898777615721,3.95250449797973,-0.16932660341262817,0.8806366324424744,-0.4425015449523926
6041,6041,1,0.99219996,290.90869230577204,102.680358691098,797.6607483031327,0.6371758031007365,3.935097959025085,-0.16911235451698303,0.8849461674690247,-0.4339023530483246
6042,6042,1,0.9921692,287.98894988226175,101.78571213183106,789.9161439626447,0.6386826085010494,3.8850695899121934,-0.16891439259052277,0.8842309713363647,-0.43543490767478943
6043,6043,1,0.993381,297.397204729513,103.59074191308673,812.4907579988912,0.6271892975729668,3.8897295904124225,-0.1702910214662552,0.8766345977783203,-0.4500141441822052
6044,6044,1,0.9939652,301.4815531938535,103.89633083621834,820.2152569990589,0.6148454415209174,3.844780904998381,-0.16885830461978912,0.8709752559661865,-0.4613989591598511
6045,6045,1,0.99495184,302.06993438188596,104.30712474246513,820.794649476561,0.6293442031431306,3.7311385631248233,-0.17822395265102386,0.8601765036582947,-0.4778415858745575
6046,6046,1,0.9960062,302.36795544046066,104.33695094854967,819.4722037606934,0.6342379515804144,3.5986799006391386,-0.18395155668258667,0.8483685851097107,-0.4964197278022766
6047,6047,1,0.9959459,302.92077962819474,103.64447639603988,821.1290706229464,0.6361658816799594,3.4480846386820416,-0.18884065747261047,0.8328779339790344,-0.520243763923645
6048,6048,1,0.99661523,304.7158299372038,103.71232046998358,823.4024689735193,0.6340047791892652,3.3318402881804072,-0.1921793520450592,0.8193708658218384,-0.5400912761688232
6049,6049,1,0.99664587,306.8766519471422,104.16580360147009,827.6595872765987,0.6280120236182266,3.31591517251652,-0.1913517415523529,0.8159283399581909,-0.5455689430236816
6050,6050,1,0.9971836,307.6303954366196,104.85724538728674,832.9031464170861,0.624440501001144,3.283014646594909,-0.19076669216156006,0.8099702596664429,-0.5545775890350342
6051,6051,1,0.9968483,300.10102808327366,103.7107620356215,813.4836319450725,0.6074419390514524,3.1786537700106567,-0.18011857569217682,0.8085554242134094,-0.5601745247840881
6052,6052,1,0.99647635,307.1357632147536,105.11279216284315,830.6561620884312,0.5786879129097737,3.260555176212129,-0.16945122182369232,0.8121046423912048,-0.5583658218383789
6053,6053,1,0.9962424,304.5907888586894,104.96608722119073,826.3831524988701,0.5801900398501212,3.2698610068881995,-0.16803349554538727,0.8152364492416382,-0.5542150139808655
6054,6054,1,0.99521565,307.7946566217166,105.2721949224022,834.8657016194296,0.5876637218928702,3.42929560545608,-0.17029833793640137,0.8284304141998291,-0.5335743427276611
6055,6055,1,0.99378055,301.6933221852828,104.42035139567183,823.8161084301578,0.611239531040053,3.500031258916862,-0.17503516376018524,0.8391562104225159,-0.5149558782577515
6056,6056,1,0.9924975,297.30195371140184,103.5311834156375,811.0205634855855,0.6080802057427904,3.551639839180427,-0.16953226923942566,0.850052535533905,-0.4986676871776581
6057,6057,1,0.99330634,301.07102193063116,103.3067598313579,820.1876960654307,0.5867503959970042,3.684547478486921,-0.15962675213813782,0.85994553565979,-0.4847813546657562
6058,6058,1,0.9941561,291.7209419389263,101.39600315542957,796.5428847491298,0.6017461417416096,3.6662471864218356,-0.16016602516174316,0.8672352433204651,-0.4714338779449463
6059,6059,1,0.99596584,299.69988341334715,102.87194118016491,814.6997588555923,0.607829613478915,3.787709540579869,-0.16587229073047638,0.8692271709442139,-0.46575796604156494
6060,6060,1,0.9966461,302.97827522689954,103.21981019113802,818.602250442222,0.5654390933757139,3.64744597262605,-0.152557373046875,0.8585811257362366,-0.4894534945487976
6061,6061,1,0.99652064,304.8290482779749,103.02349639725276,819.9598959704239,0.5403651654375068,3.3168880109304695,-0.14857953786849976,0.8268524408340454,-0.5424382090568542
6062,6062,1,0.99705064,300.2783067230541,101.7923396143503,803.7681907856595,0.5434751418503115,3.0931345983331187,-0.15106846392154694,0.8080394268035889,-0.5694301724433899
6063,6063,1,0.9972173,312.14729876022517,104.91764176098506,829.6438251706345,0.5418557133403618,3.1669131610714536,-0.15817825496196747,0.8035295009613037,-0.5738641023635864
6064,6064,1,0.99686384,310.7871209611052,104.62523829784088,826.0999713098043,0.5607377889559834,3.218586899835025,-0.1653539538383484,0.8101675510406494,-0.5623936653137207
6065,6065,1,0.9946301,303.52889789695524,103.57638091388033,809.5614056914784,0.5528030552721908,3.333377376703767,-0.15389615297317505,0.8320167660713196,-0.5329766273498535
6066,6066,1,0.99563944,300.86954131706767,103.2466660697856,805.7732005022522,0.5385500353689989,3.3745141975875588,-0.14416630566120148,0.839369535446167,-0.5240943431854248
6067,6067,1,0.996166,306.6703901028786,103.04572181311397,826.2165395041071,0.5278532840636067,3.542831932506122,-0.14003881812095642,0.848315954208374,-0.510636031627655
6068,6068,1,0.99626166,303.58029750598894,102.49488343889873,823.7001981423238,0.511262310283733,3.684585573743525,-0.1277754306793213,0.8636254072189331,-0.48767268657684326
6069,6069,1,0.99230766,299.4977714136091,101.90598269808861,817.3846061916482,0.5117977697224857,3.7002702502915903,-0.12461621314287186,0.8677157163619995,-0.48118627071380615
6070,6070,1,0.9896449,285.36479015839797,99.86732315462268,782.0717194001317,0.5538636231498663,3.6120197300355055,-0.13467325270175934,0.8722364902496338,-0.47017723321914673
6071,6071,1,0.9900586,293.9468279872805,102.87453844052585,808.4419679706366,0.6160393501653715,3.799473743413982,-0.16487552225589752,0.872383177280426,-0.4601779282093048
6072,6072,1,0.99046785,298.18410658587896,105.02654042172041,824.1659659001689,0.6769289191196701,3.8241972632155603,-0.19304078817367554,0.8633225560188293,-0.46627187728881836
6073,6073,1,0.990559,291.90435628639557,103.86262907206888,808.3047339570239,0.7466162207328367,3.586954123501149,-0.22612258791923523,0.842823326587677,-0.488382488489151
6074,6074,1,0.9894002,294.83801485962664,104.27565013344197,816.6164743165115,0.7617528156638584,3.5491967525423562,-0.23564742505550385,0.8340665102005005,-0.49880194664001465
6075,6075,1,0.9899941,292.58101632796485,103.19785988690818,811.0677798955438,0.7569635482402473,3.523208362681372,-0.232947438955307,0.8346652388572693,-0.49906855821609497
6076,6076,1,0.9897509,292.8978968398175,103.15904958182756,811.052564936606,0.7439925795128476,3.6385141983379534,-0.2237512469291687,0.8469240665435791,-0.48234328627586365
6077,6077,1,0.99023426,296.13009528366484,104.60162863571271,820.2568534152566,0.7193030322234284,3.8387668664470342,-0.20911400020122528,0.8625593185424805,-0.4607197940349579
6078,6078,1,0.9908241,295.0605028682547,104.8192531782139,817.0164052414679,0.6946912697630548,3.93130532852448,-0.19566373527050018,0.8730794787406921,-0.4465959370136261
6079,6079,1,0.9929005,297.1861682370222,105.11665744330374,824.2766717614322,0.6914890610200926,4.003931949792112,-0.19358976185321808,0.8761059641838074,-0.4415443539619446
6080,6080,1,0.99249154,297.11630625422725,105.46388775385196,823.6331762117143,0.6904280006202964,3.9982728375765033,-0.19334128499031067,0.875922679901123,-0.44201648235321045
6081,6081,1,0.99143124,293.3476759475499,104.79785013012247,815.7998260078838,0.685570512260408,3.951290061703564,-0.19007934629917145,0.8759451508522034,-0.44338467717170715
6082,6082,1,0.9907963,304.249593630947,106.85258199454397,842.5981780082531,0.6780013252302693,4.090459422266668,-0.1902819275856018,0.8765278458595276,-0.4421444237232208
6083,6083,1,0.99126035,296.7342144025038,105.14929051956058,821.2968714835633,0.6828558113163677,4.024520263387504,-0.18937276303768158,0.8792586326599121,-0.43708375096321106
6084,6084,1,0.9911957,292.08402919040117,103.66004314951032,808.1866801276028,0.6780181481055334,3.9573881551939243,-0.18614435195922852,0.8797734975814819,-0.4374344050884247
6085,6085,1,0.99152815,296.54501270464306,104.61961285227694,818.8452864776837,0.6657828156075164,3.984062971004963,-0.1833052784204483,0.8785675764083862,-0.4410421848297119
6086,6086,1,0.99090743,296.0610661369754,104.38114025117659,817.468344233945,0.6494993946799787,4.004269212333872,-0.17574863135814667,0.8817957043647766,-0.437662810087204
6087,6087,1,0.9910704,298.17520709832763,105.91833374007562,824.7943420024654,0.639521098309625,4.107818687899687,-0.1706663817167282,0.8869228363037109,-0.42923295497894287
6088,6088,1,0.9910574,302.1302609214857,106.66712714974268,833.4661941114701,0.6214564581104409,4.327198400733214,-0.1613733321428299,0.8989352583885193,-0.4072764217853546
6089,6089,1,0.9917908,301.511456627703,106.19981151470847,832.9481778529251,0.6157371364316411,4.450824517522402,-0.15622536838054657,0.906586229801178,-0.39203956723213196
6090,6090,1,0.9911608,300.04674874356243,106.22057176254548,829.5321624603467,0.6014575151381313,4.487849700971184,-0.1491534411907196,0.9104777574539185,-0.3857247233390808
6091,6091,1,0.98961276,293.1663192340928,104.41477073786757,806.5045137618158,0.5792423416711048,4.426834169565919,-0.13736525177955627,0.9154806733131409,-0.3781876564025879
6092,6092,1,0.9919848,306.70982216124753,107.01148263025647,839.1023465273524,0.5431906847783488,4.612575965112791,-0.12947317957878113,0.9168869256973267,-0.3775646984577179
6093,6093,1,0.9926968,295.7379594631815,103.44779649919838,814.0951838546393,0.5491815875007857,4.433807533833984,-0.1270250827074051,0.91539067029953,-0.3820006847381592
6094,6094,1,0.9929638,301.5173614043243,105.16942732806037,825.7626030372135,0.5631075186179496,4.336121168601889,-0.13799278438091278,0.9054566025733948,-0.4013805389404297
6095,6095,1,0.99158514,297.71928446551163,105.30622905828163,816.034259689569,0.6048454754042495,4.192816091649164,-0.1548641473054886,0.8975192308425903,-0.4128877520561218
6096,6096,1,0.9882946,293.91635180999964,104.02111403686389,811.1874073317482,0.632660455627355,4.0873032451111095,-0.16557885706424713,0.8909493684768677,-0.42283907532691956
6097,6097,1,0.9906455,298.46722861817244,105.08268689950934,825.747705008985,0.6812369132384927,4.129794675543209,-0.18706801533699036,0.8851216435432434,-0.42610469460487366
6098,6098,1,0.99181706,297.21789461317024,104.70518244995554,822.087726904374,0.6912605194562824,4.203372169201883,-0.1884436458349228,0.8904563188552856,-0.414218008518219
6099,6099,1,0.99191624,295.52062742832936,104.48607840793962,820.6228991137465,0.6874167998516016,4.281532300156032,-0.18377767503261566,0.8962540030479431,-0.403676301240921
6100,6100,1,0.99157083,299.97539487647583,105.55111959845414,829.4690655866158,0.6693968887704904,4.521999093068744,-0.17410898208618164,0.9080349206924438,-0.3809968829154968
6101,6101,1,0.99190736,300.90834360434445,105.70469113558788,834.2182571041739,0.6735727626148383,4.638574759186921,-0.1735178679227829,0.9123808145523071,-0.3707462251186371
6102,6102,1,0.99240863,302.6199608887751,105.75400896882643,837.9134600430067,0.682276581134047,4.657118087379002,-0.1773105263710022,0.9116227626800537,-0.37081655859947205
6103,6103,1,0.99269134,295.3661617576955,105.26231254649888,820.9307565948683,0.7023714944918348,4.528653149430794,-0.18345409631729126,0.9088127613067627,-0.37470516562461853
6104,6104,1,0.99397683,298.61905148427655,105.68524678502405,831.4827593069554,0.7439822637583048,4.58195114911742,-0.19929474592208862,0.9054738879203796,-0.3746980130672455
6105,6105,1,0.99510264,305.3944794176605,108.43238657413939,851.9318241191935,0.7913909013305368,4.748023466824927,-0.215577632188797,0.904238760471344,-0.36861705780029297
6106,6106,1,0.9937033,305.2155704793367,108.4529123570867,853.792321094346,0.793700503970666,4.602830282485919,-0.22034865617752075,0.8959876298904419,-0.3855549097061157
6107,6107,1,0.99229336,292.54501261078775,105.83791590601736,822.931643836033,0.8068069079992057,4.108507423926081,-0.2334139198064804,0.8745375871658325,-0.42509061098098755
6108,6108,1,0.99076414,290.067435297778,105.4625124204539,814.1071051694595,0.8142103979591582,3.72700889134679,-0.24843421578407288,0.8467662334442139,-0.4703907072544098
6109,6109,1,0.990462,300.7779137616787,108.61493029290325,843.8069324381592,0.8154856060725628,3.602115171869003,-0.25941625237464905,0.8218126893043518,-0.5072742700576782
6110,6110,1,0.99034894,295.10906534999157,107.53627068513907,830.2494387387023,0.8243470049009142,3.441229361896036,-0.2660144567489624,0.8101316690444946,-0.5224204063415527
6111,6111,1,0.9910904,290.7165485281292,105.53658798866599,818.9017881493918,0.8378976226970714,3.489696918125991,-0.267410010099411,0.8194100856781006,-0.5070098638534546
6112,6112,1,0.99224526,289.11448347085917,104.67346478836667,816.3695728715433,0.8574593867390397,3.7076793805342514,-0.26601898670196533,0.8400279879570007,-0.4728498160839081
6113,6113,1,0.9937211,292.86445763977235,106.14859728060263,825.4564215554575,0.9085127782180682,4.0785376659034585,-0.27393588423728943,0.8614183664321899,-0.4276885986328125
6114,6114,1,0.9939644,297.6180949693566,106.95503450320786,839.4812535474704,0.913622606743957,4.2793081350517435,-0.27036216855049133,0.8703495860099792,-0.41157734394073486
6115,6115,1,0.9938174,297.04064874234854,107.28033787015255,838.9096670287992,0.8773821298263234,4.107147635113252,-0.26295891404151917,0.8619392514228821,-0.43348973989486694
6116,6116,1,0.9936919,293.1911121227025,106.96359727404793,829.2076115476002,0.8477389169665014,3.7372944552432235,-0.2631192207336426,0.8382014632225037,-0.47768884897232056
6117,6117,1,0.9925196,295.65548431324385,108.18652557301043,837.0909352911136,0.8559812989810707,3.646157685399726,-0.2712855041027069,0.8252125978469849,-0.4954073429107666
6118,6118,1,0.9922984,282.69751557839845,103.72458343476488,801.7313006814708,0.8758215204256443,3.519855019777501,-0.27765434980392456,0.8263844847679138,-0.48989471793174744
6119,6119,1,0.99154705,290.2831235215922,105.81801520104726,826.4417657752866,0.8947051038019298,3.781522347136447,-0.27831318974494934,0.8388056755065918,-0.4679175019264221
6120,6120,1,0.9910431,291.37634281906304,107.23451175069181,828.4427373325301,0.8934331042377557,4.108974496915722,-0.2658602297306061,0.8644481897354126,-0.42667049169540405
6121,6121,1,0.991585,290.1161658968526,106.4794232627258,826.1444707930596,0.8605401187535703,4.2622558605872065,-0.24695061147212982,0.8793445229530334,-0.40714699029922485
6122,6122,1,0.9925557,298.0451883918963,107.59051478172928,846.8538570515084,0.8143012767722028,4.465689741680207,-0.22735121846199036,0.8893287181854248,-0.39674410223960876
6123,6123,1,0.99165386,284.4021869242027,104.73674285839526,813.7242375320112,0.7793231659433972,4.339573022238167,-0.21012766659259796,0.8958290815353394,-0.391582190990448
6124,6124,1,0.9915406,291.2704455396879,106.01598356529944,831.7557351898423,0.7601356605596113,4.639907325946449,-0.19864317774772644,0.9080739617347717,-0.3687039911746979
6125,6125,1,0.99271446,292.8022116588858,107.54178467588497,836.4113935293093,0.7724979563009655,5.0767929572002455,-0.1928974837064743,0.9252862930297852,-0.3265514671802521
6126,6126,1,0.9927469,294.58905026204667,106.68027329090894,842.1471565922488,0.7345316173230015,5.278863133774247,-0.1764480620622635,0.9339364171028137,-0.3108518421649933
6127,6127,1,0.9925283,292.6568950724511,107.45032704371734,835.43955363507,0.7026659179686783,5.158852756811175,-0.16743697226047516,0.9330093860626221,-0.3185252845287323
6128,6128,1,0.992082,299.18614327340043,107.14669593126405,854.1346971932489,0.6971353496631982,4.9850723172185205,-0.17259736359119415,0.9221157431602478,-0.34628409147262573
6129,6129,1,0.99243903,290.9256665825351,105.98929967426909,831.7514050964252,0.6704588335743296,4.566099969165001,-0.16709960997104645,0.9106379747390747,-0.37791040539741516
6130,6130,1,0.993899,291.3859589849192,106.18129209253887,825.4411672540219,0.6219046074230824,4.258271063457639,-0.15526938438415527,0.8982722163200378,-0.41109415888786316
6131,6131,1,0.9953194,292.5936838262156,103.03092505487434,825.0212446427632,0.5812332749873876,4.094691644520863,-0.1424037218093872,0.8909562230110168,-0.431182324886322
6132,6132,1,0.9941764,293.02201472485325,100.12167007014574,815.9494910656517,0.5273525309292446,4.000080439012796,-0.12182977050542831,0.8909952640533447,-0.43736138939857483
6133,6133,1,0.9945576,292.82328977686717,100.92661268447439,809.9723324534325,0.48052701595631014,3.92555230162198,-0.1028030589222908,0.8900675773620605,-0.4440847337245941
6134,6134,1,0.9941034,292.42375611773326,99.6777558792546,810.0788417413756,0.45523509533238415,3.8620235492128496,-0.09191858768463135,0.8869125247001648,-0.4526998996734619
6135,6135,1,0.9938446,295.4674982080724,101.12877354829533,815.613322233028,0.4483001723547734,3.7727710532726997,-0.0920022651553154,0.8780766129493713,-0.46959248185157776
6136,6136,1,0.99279845,295.314507636663,100.86340539132873,813.3564450296493,0.4506481937514074,3.492580661819465,-0.09527674317359924,0.8545531034469604,-0.5105501413345337
6137,6137,1,0.9919219,296.2786835095555,101.53574272897946,818.9119066911095,0.48489976316253114,3.210052775428319,-0.11523116379976273,0.8201125860214233,-0.5604794025421143
6138,6138,1,0.99224734,303.78557800619757,102.91389562673668,838.215721540875,0.5091588448614575,3.089596593830964,-0.13463377952575684,0.7938340902328491,-0.5930439829826355
6139,6139,1,0.9918805,283.3082456829439,99.12338448243968,784.6737415934443,0.579518010410734,2.7877642989461315,-0.16035448014736176,0.7748793363571167,-0.6114315390586853
6140,6140,1,0.99314547,287.0151730223323,98.36669379217528,792.5902144226478,0.6327518269239583,2.939794109733659,-0.18759329617023468,0.7882387638092041,-0.5860788822174072
6141,6141,1,0.99094725,291.5444838893855,99.65578297762708,800.1879379728222,0.6718045498366643,3.151813621504763,-0.2049420177936554,0.8076581358909607,-0.5528898239135742
6142,6142,1,0.9938047,295.4298585668626,100.93861874580921,807.6453338227244,0.6734745621779835,3.268566920232482,-0.2053186595439911,0.8172047138214111,-0.5385357141494751
6143,6143,1,0.99493045,289.03659881645393,98.66819817174395,790.7535964865143,0.676360913071455,3.106843460061565,-0.20702844858169556,0.8064248561859131,-0.5539117455482483
6144,6144,1,0.9943251,293.49600684467515,99.65743932605614,801.2533918675646,0.662335297545227,2.929880083456464,-0.2082609087228775,0.778503954410553,-0.5920802354812622
6145,6145,1,0.9943492,295.8383153616882,99.48105183566473,806.2528513328247,0.6267929295825653,2.755527450912262,-0.19625891745090485,0.7530779838562012,-0.6279777884483337
6146,6146,1,0.9928214,280.47371942050194,94.30487732147662,767.3092149524159,0.6187794163280095,2.463915595189521,-0.1874125897884369,0.7283239960670471,-0.6591060161590576
6147,6147,1,0.9938034,289.14525737767553,96.18555337277242,790.8413570508498,0.6174793506525643,2.5152916976095914,-0.1917315423488617,0.7232273817062378,-0.6634615063667297
6148,6148,1,0.99293774,279.8656695781687,93.68417132210952,767.4905649745647,0.6233625188373334,2.4832194446602416,-0.18879325687885284,0.7317497730255127,-0.6549040675163269
6149,6149,1,0.9939668,284.0228304136242,96.00529343148207,780.7122627475834,0.6166193666549388,2.615314934433052,-0.18493489921092987,0.7470609545707703,-0.6385131478309631
6150,6150,1,0.99300003,282.31430962898395,94.83430285664053,779.258199322559,0.6042222336015698,2.698648142208733,-0.17453548312187195,0.7634817957878113,-0.6217981576919556
6151,6151,1,0.99215055,280.9389789080353,95.06087285227828,775.0854879945073,0.5870509940928894,2.763624583125261,-0.16293855011463165,0.7773051261901855,-0.6076576113700867
6152,6152,1,0.99077576,278.45072209766323,95.18356365387304,771.3310594742317,0.5858502382512457,2.838073251888104,-0.15866023302078247,0.7905186414718628,-0.5915295481681824
6153,6153,1,0.98922324,288.46814934939533,97.78319914334286,797.5185911702941,0.5865233318342611,3.0230607711861017,-0.16297248005867004,0.8012716770172119,-0.5756767988204956
6154,6154,1,0.9880425,289.9617616957535,99.38553875839916,802.4387326153259,0.5914790323335525,3.0993447825836418,-0.16506054997444153,0.8076896071434021,-0.5660322904586792
6155,6155,1,0.987847,300.35879646879306,103.18224788267855,830.0298563925629,0.5810212435208646,3.289865789359459,-0.16368167102336884,0.8170437216758728,-0.5528542995452881
6156,6156,1,0.9899832,295.86496704370865,100.89748705075533,819.6863101350822,0.5748675641771405,3.3193173144574373,-0.15670029819011688,0.8263429403305054,-0.5409274101257324
6157,6157,1,0.99002993,300.71723163633595,103.19570899631553,832.7584767587728,0.5697420809443439,3.4630485989554116,-0.155116468667984,0.835568904876709,-0.527032732963562
6158,6158,1,0.99109846,307.10516597229156,105.00679687453874,850.6660746591989,0.559045860119935,3.6177075861581867,-0.15181729197502136,0.8435845375061035,-0.5150889754295349
6159,6159,1,0.991327,293.57308468893723,100.75902676652072,815.5373722034257,0.5614107394768885,3.404664461881626,-0.14698652923107147,0.8384398818016052,-0.5247986316680908
6160,6160,1,0.9917818,291.184221811093,100.33355420840526,807.8918557271335,0.5552972167645823,3.2432928745391982,-0.14524991810321808,0.8248927593231201,-0.5463098883628845
6161,6161,1,0.99264014,288.69874010248924,99.64293854730158,802.4174476435813,0.5661120335837556,3.191072822290393,-0.14952830970287323,0.8208919763565063,-0.5511603355407715
6162,6162,1,0.99020785,289.84527881819355,100.46058004423168,809.2596440861121,0.5879813399528218,3.231105536483341,-0.16007119417190552,0.8205676674842834,-0.5486764907836914
6163,6163,1,0.9909803,292.8755060206274,99.82159934371516,814.1172572686743,0.5783500794879556,3.2787954854131924,-0.15676499903202057,0.8245391249656677,-0.5436543226242065
6164,6164,1,0.9935998,293.3317990483773,100.67150965875625,812.2448260870289,0.5320625742641417,3.2836715330503674,-0.1349751353263855,0.8289014101028442,-0.5428667068481445
6165,6165,1,0.99402255,292.0700548074814,99.26056245967315,808.0770413954866,0.4809405401910932,3.0788218780527066,-0.11114983260631561,0.8102787137031555,-0.5754078030586243
6166,6166,1,0.9943144,290.2856280656009,98.10112981119562,801.2998969854897,0.42633147833791873,2.882112983605476,-0.08258434385061264,0.7906625866889954,-0.6066568493843079
6167,6167,1,0.9945931,301.319754824402,100.37783892017369,823.338585551849,0.369352795723217,2.8436194154410783,-0.06241615116596222,0.7752835750579834,-0.6285218000411987
6168,6168,1,0.9923901,295.9405034208232,100.5638633195107,809.6451836884593,0.3433574434200354,2.6646549864316693,-0.04269510880112648,0.7550802826881409,-0.6542407274246216
6169,6169,1,0.99276274,295.9481780933235,100.14203598424331,808.64468054421,0.30821940219809635,2.722972475427441,-0.023426741361618042,0.7664218544960022,-0.6419102549552917
6170,6170,1,0.9924459,302.32750788358334,103.91195715633317,823.0230740569808,0.3015272521321592,2.842772123026917,-0.02706936001777649,0.776196300983429,-0.6299099922180176
6171,6171,1,0.9911447,299.5428061991922,102.562855420784,821.5734528201714,0.3324408462855994,2.867426971234559,-0.04101051017642021,0.7802801728248596,-0.6240841746330261
6172,6172,1,0.9915587,294.94405467494727,101.63505906864525,810.6974907585904,0.3731031047965812,2.9932243865105606,-0.058554574847221375,0.8023207187652588,-0.5940141677856445
6173,6173,1,0.9893714,294.6271524600575,102.6049353791816,813.2140658503093,0.4265972834202688,3.133182924292106,-0.0854751467704773,0.8164051175117493,-0.5711188316345215
6174,6174,1,0.9905606,294.65456903599505,102.6856672350197,821.809383393097,0.48287291512305186,3.359026470828676,-0.11103148758411407,0.8355120420455933,-0.5381372570991516
6175,6175,1,0.9906749,294.96473370362247,103.4933067408413,823.083565633708,0.542732155087902,3.6178039497500807,-0.13578110933303833,0.8566051125526428,-0.49778634309768677
6176,6176,1,0.992826,293.49099579329885,102.38141964438218,821.130475823329,0.5838574436594277,3.647096182281069,-0.15254248678684235,0.8575983047485352,-0.4911781847476959
6177,6177,1,0.9942497,287.1144238774188,100.94709997650818,806.2667058056803,0.6147966429349596,3.5963662326722035,-0.16290859878063202,0.8573101758956909,-0.4883442521095276
6178,6178,1,0.99427867,287.20936611450696,101.28630666925518,807.8635443507186,0.644965343570955,3.515547840490651,-0.17845040559768677,0.8467158079147339,-0.5012263059616089
6179,6179,1,0.9943119,287.15962220052626,101.30021731459072,808.548262787404,0.6770041460908717,3.4422198127380215,-0.1948622763156891,0.8364511132240295,-0.5122287273406982
6180,6180,1,0.9940222,285.60309189136956,101.70990464359761,805.6675440306097,0.6942837555892092,3.467347008280223,-0.20103661715984344,0.8386569619178772,-0.5062003135681152
6181,6181,1,0.9946517,288.9485557035427,101.75952927691272,816.915616284877,0.6941144100477744,3.5306734709168177,-0.20102441310882568,0.8402075171470642,-0.503627359867096
6182,6182,1,0.9951141,289.0249423708918,101.82330282369446,817.9903776034151,0.6734545172756283,3.529268309816757,-0.19178593158721924,0.8414596915245056,-0.5051374435424805
6183,6183,1,0.99460137,290.0824750994047,102.39036214126993,818.8866068755929,0.6292858204548523,3.5531856397856285,-0.17220136523246765,0.8467922806739807,-0.5032787919044495
6184,6184,1,0.99417347,280.9769548813811,100.4551255415301,794.5357229330579,0.5936874784323385,3.470865646655475,-0.15117493271827698,0.8524739742279053,-0.5004341006278992
6185,6185,1,0.9946243,288.2524488294578,101.2673446959434,809.2814755913827,0.5521484264531372,3.4489270421909106,-0.13762187957763672,0.8464879989624023,-0.5143134593963623
6186,6186,1,0.9931778,292.61313554919485,103.07402087595635,821.8969942709396,0.5164909387427866,3.4177280063820286,-0.12454599887132645,0.8397068977355957,-0.5285646319389343
6187,6187,1,0.9928288,281.9835054694875,100.10908043673207,789.9766220159522,0.49565043716305507,3.1499750219665175,-0.10936126857995987,0.8268114328384399,-0.5517454743385315
6188,6188,1,0.9940054,289.36393839960266,100.9557444443267,809.5837880624293,0.4877467122090921,3.0801334541290455,-0.11205738037824631,0.8090157508850098,-0.5770066976547241
6189,6189,1,0.99368143,289.45042296054817,100.76540058536277,806.9432614711968,0.5114132468945328,3.0824850677213487,-0.12432374060153961,0.8090697526931763,-0.5744125843048096
6190,6190,1,0.9937297,287.7136656760776,100.18884768359693,802.8179831603537,0.5494748949079351,3.1161182302527517,-0.14165475964546204,0.8128620982170105,-0.5649682283401489
6191,6191,1,0.9936154,289.54035749153445,100.70852803014013,806.4998021536018,0.5940335824984678,3.1338164719364143,-0.16501928865909576,0.8095974922180176,-0.5633121132850647
6192,6192,1,0.99489814,290.8945574572315,100.91891728736232,817.5658101672043,0.6418381965349375,3.227784185395736,-0.18635664880275726,0.8119215369224548,-0.5532220602035522
6193,6193,1,0.9951138,284.3596667646933,98.42912553147433,800.4814090972386,0.6622621525194984,3.1252087445066463,-0.19423140585422516,0.8066738843917847,-0.5581679344177246
6194,6194,1,0.99283093,276.3068110382599,96.52507385102514,778.5360702622688,0.6822875428997677,2.994514552429048,-0.20231443643569946,0.7996062636375427,-0.56541907787323
6195,6195,1,0.993916,274.4651720887659,94.89543794935025,774.2596433066174,0.6985099637416943,3.023151010831829,-0.20810467004776,0.8044834733009338,-0.5563262104988098
6196,6196,1,0.99547356,273.7153060646485,93.34320202111383,767.4847697675727,0.6713175218927772,3.2345672481872247,-0.1884000450372696,0.8356126546859741,-0.5160008668899536
6197,6197,1,0.9941094,267.26218104513333,91.54954356362002,748.3259684206595,0.5066331245880995,3.2746241963715463,-0.10102977603673935,0.8611116409301758,-0.4982767701148987
6198,6198,1,0.99556607,263.04189748414774,86.17977802844526,733.613799209012,0.24881528112404894,2.7798829967343197,0.04460107907652855,0.8192549347877502,-0.5716922879219055
6199,6199,1,0.99293125,273.37604085915643,82.12186419399245,754.3515031123698,-0.07444319381355992,2.4743813579834417,0.22650101780891418,0.7493203282356262,-0.6222671270370483
6200,6200,1,0.9957165,276.7169529088854,74.06763989495413,744.2057270591541,-0.20919296653343109,1.7531557204854191,0.3449990749359131,0.5867911577224731,-0.7325652241706848
6201,6201,1,0.9905483,284.53468795672177,66.73805885515601,743.0667824926526,-0.29214040610100617,1.2595155111131882,0.41210317611694336,0.4377273917198181,-0.7991030812263489
6202,6202,1,0.9963595,290.10936211068923,62.042091004149654,744.320274589871,-0.3620151091784805,1.0145798493379246,0.4547824263572693,0.35332438349723816,-0.8175174593925476
6203,6203,1,0.9964424,297.6560745804573,57.82864804089766,748.9725698345384,-0.4156458312450545,0.8021829490119544,0.4799904525279999,0.2783718407154083,-0.8319364786148071
6204,6204,1,0.99390244,299.75906680650684,55.493984346876296,746.7059628966967,-0.4425696802154549,0.6819343069611276,0.49552515149116516,0.23689207434654236,-0.8356655836105347
6205,6205,1,0.9924036,306.6466823203669,53.27707988021887,754.6261688741225,-0.4612221405480506,0.5806732899159319,0.4957873225212097,0.200891375541687,-0.8448891043663025
6206,6206,1,0.99452543,314.671559608643,50.87714305909103,763.4870440978708,-0.4848885727871376,0.5037884401767336,0.4961293637752533,0.17419812083244324,-0.8505943417549133
6207,6207,1,0.9925237,309.4114152572641,50.79380796597792,743.7795252936509,-0.46988768405881,0.4647125150626671,0.5041808485984802,0.1634584665298462,-0.8479876518249512
6208,6208,1,0.9940304,313.8583855720089,50.9864125416874,753.9216517103496,-0.4803439394148963,0.3602126993284039,0.5001830458641052,0.12342627346515656,-0.8570781350135803
6209,6209,1,0.99066925,321.9421784447845,51.9355604776492,770.2556241580099,-0.4963041294406436,0.40315698315837406,0.49218684434890747,0.13596101105213165,-0.8598061800003052
6210,6210,1,0.9943538,312.50090564348034,51.090170155457315,743.621443821346,-0.42641654159263837,0.4428680224323507,0.4791039824485779,0.15652799606323242,-0.8636888265609741
6211,6211,1,0.9940772,333.57997547755184,53.753045858167184,792.497350047424,-0.5290615748108928,0.5278814531550927,0.4859798550605774,0.17474782466888428,-0.8563217520713806
6212,6212,1,0.9937622,323.52901052954127,53.377782765511846,764.2850884070112,-0.4807184139992419,0.6178258987947114,0.48426300287246704,0.21343086659908295,-0.8484907746315002
6213,6213,1,0.991829,320.792806532335,53.96043170861981,752.7976987345487,-0.4908315021932826,0.7271047286455462,0.4957248866558075,0.2539724111557007,-0.8305148482322693
6214,6214,1,0.9886451,320.959680788999,55.499025194226796,752.7425995861336,-0.528531889360243,0.8651366021500617,0.5105706453323364,0.29852551221847534,-0.8063499927520752
6215,6215,1,0.9924654,317.6142546478416,58.56324306808417,749.0372334930947,-0.5461921990132805,1.162999459401158,0.5119589567184448,0.3942069709300995,-0.7632161974906921
6216,6216,1,0.9974026,302.53405303165005,62.17399582261272,722.6952310075814,-0.49201385448545926,1.3135434609299852,0.5040518045425415,0.45107126235961914,-0.7365233302116394
6217,6217,1,0.9956838,297.5377180069801,63.762896050222025,720.261347980063,-0.43016180515675645,1.5081730314816342,0.46631282567977905,0.5166197419166565,-0.7180922627449036
6218,6218,1,0.9945886,311.00021535865534,68.30130080075232,771.9682827649139,-0.3557815402074033,1.7346068334519706,0.38111570477485657,0.564911425113678,-0.7318646907806396
6219,6219,1,0.98940396,297.19870730301415,68.50278764308798,755.8357870274854,-0.17322263119268036,1.7002675572675692,0.30000147223472595,0.5788636803627014,-0.7582321166992188
6220,6220,1,0.99042773,294.143995776949,65.4984468193302,765.0633393727476,0.12019375825832883,1.5079117076733064,0.12144897878170013,0.5353654026985168,-0.8358433246612549
6221,6221,1,0.9909113,272.1631734154625,61.577577746130906,731.9250745194568,0.38649769861819433,1.215488787606848,-0.03138820081949234,0.45671600103378296,-0.8890586495399475
6222,6222,1,0.98839104,259.5952352622647,59.188671204174774,709.9357938102962,0.5534496359333928,1.0066691711672644,-0.13939057290554047,0.3834085762500763,-0.9129995107650757
6223,6223,1,0.98580754,256.6882214170277,57.82517728825149,704.8445162788698,0.6413386812914431,0.8407185354610396,-0.2010624259710312,0.31393858790397644,-0.9279096722602844
6224,6224,1,0.98544854,256.0652284589129,57.92939305018964,704.1176515088017,0.6783576841229166,0.7277569635579411,-0.22665557265281677,0.2641731798648834,-0.9374645948410034
6225,6225,1,0.9842821,255.59439271161258,58.107232504284845,703.679225816573,0.6836892481679643,0.7212840076008313,-0.22997567057609558,0.2610009014606476,-0.9375445246696472
6226,6226,1,0.9857901,260.8820527141099,60.12526957041312,718.3797930146376,0.676085121673409,0.8144342845416301,-0.2282254695892334,0.29148411750793457,-0.9289510846138
6227,6227,1,0.9895895,260.7357635317573,63.94868696678083,721.5178236305948,0.6749158909254913,0.9603857442622302,-0.22735938429832458,0.3437824547290802,-0.9111099243164062
6228,6228,1,0.9931371,269.8607673740334,69.85032002517318,744.9829851667351,0.6498773959679893,1.1850293604282989,-0.216008722782135,0.4115719497203827,-0.885408878326416
6229,6229,1,0.99599034,266.88973191970223,73.79360102334806,736.5584486519264,0.6362690741406188,1.3595442744763242,-0.20442205667495728,0.4746463894844055,-0.8561089038848877
6230,6230,1,0.99328256,270.2414929839095,77.5921057133404,751.5681047205749,0.6282066711248102,1.6660479965258548,-0.19706043601036072,0.5600226521492004,-0.8046998977661133
6231,6231,1,0.9945003,267.7555140141373,79.09194228705024,744.38278812105,0.6584205586558174,1.8481903752454105,-0.2119896113872528,0.6110493540763855,-0.7626789808273315
6232,6232,1,0.99606043,270.21883617581585,81.07865708025055,749.7144583773396,0.6717173172689779,1.9994149491019633,-0.21905502676963806,0.6430322527885437,-0.7338423132896423
6233,6233,1,0.997285,267.2798130870733,82.86809074619428,744.7572002673928,0.7035689139941967,2.1323053818460367,-0.23267680406570435,0.6725016832351685,-0.7025688886642456
6234,6234,1,0.99667835,270.64650603464855,85.69825826448375,752.6229186442011,0.7029675503628281,2.1994526328260737,-0.23314444720745087,0.6805736422538757,-0.6945956945419312
6235,6235,1,0.9959913,265.1006263827369,83.75310032069801,735.4610623169647,0.7018441259886987,2.1350421648421802,-0.2310735285282135,0.6783954501152039,-0.6974128484725952
6236,6236,1,0.9957867,267.024110730108,84.92588784534497,736.5880273205838,0.6428460286051382,2.096882194433333,-0.19835731387138367,0.6747525334358215,-0.7108891606330872
6237,6237,1,0.99466926,268.4132268370855,84.61798227614429,737.7693306947721,0.5862975169550463,1.9889201431614014,-0.16625696420669556,0.6541435122489929,-0.7378719449043274
6238,6238,1,0.9912273,273.5878850513271,85.94790241316205,746.8514303174848,0.5494333881390844,1.9621114213821966,-0.1480463445186615,0.6437317132949829,-0.7507941126823425
6239,6239,1,0.99375653,276.2252740108566,86.14646116367562,751.693245339105,0.5196304406838643,1.9550700581696996,-0.13145866990089417,0.641061544418335,-0.7561472654342651
6240,6240,1,0.99558336,286.59142509233214,87.8071655389275,772.5276094620923,0.48279722006163,1.990872902302092,-0.11788153648376465,0.6381241679191589,-0.7608557939529419
6241,6241,1,0.99291503,282.95646377938493,86.49132623272122,761.9861941002142,0.4766219859641474,1.9952014903634498,-0.11052241921424866,0.6471814513206482,-0.754281759262085
6242,6242,1,0.992777,283.3836162612992,85.79241595962071,761.0278678705569,0.4607816579690813,2.057822689328276,-0.10065791010856628,0.6644107699394226,-0.7405581474304199
6243,6243,1,0.99295217,283.78554088461493,86.10177675951182,760.9521051944484,0.4596459463421519,2.1543438086005806,-0.10003779828548431,0.6864388585090637,-0.7202736139297485
6244,6244,1,0.9941281,292.6689470861583,87.9083200354235,783.7377753189415,0.4539760312599597,2.367591820187932,-0.10386880487203598,0.7164148688316345,-0.6898993253707886
6245,6245,1,0.9936841,286.4352177979271,86.68447797815956,765.9349777293963,0.47878223797145336,2.3378889894438895,-0.11325554549694061,0.7201591730117798,-0.6845027208328247
6246,6246,1,0.99363434,286.62397599778075,88.00284872338909,769.371042033525,0.4996454456356109,2.298774019036467,-0.12617729604244232,0.7080996632575989,-0.6947476267814636
6247,6247,1,0.99423754,292.7880409610889,88.81938531283413,784.9409018931269,0.5272594687882174,2.308437173043032,-0.14777927100658417,0.6980158686637878,-0.7006676197052002
6248,6248,1,0.9935933,281.0958107401636,86.79529423239536,760.8883043080523,0.5744505746625682,2.2176556841291766,-0.16693638265132904,0.6910941004753113,-0.7032219767570496
6249,6249,1,0.9940182,275.36677684796956,87.27037229217244,756.8758324894151,0.6285432970124761,2.340893160567375,-0.19073376059532166,0.7140126824378967,-0.6736516356468201
6250,6250,1,0.99305433,275.80988204574743,88.59844210502526,765.706622723712,0.5966461987826899,2.616591925524797,-0.1660308688879013,0.7614468336105347,-0.6266039609909058
6251,6251,1,0.99454004,272.40028867551587,89.49452011499193,756.2283319236767,0.5726656832945854,2.7523872578379223,-0.14765839278697968,0.7895735502243042,-0.5956262946128845
6252,6252,1,0.9936093,279.6708304963135,91.53812989424246,775.9525115955468,0.5694214155218305,2.9829570654678506,-0.14757026731967926,0.8105545043945312,-0.566766619682312
6253,6253,1,0.99269366,279.53920483202177,91.97021904780213,774.670494971392,0.5781264422083822,3.069742722471396,-0.15045951306819916,0.821173369884491,-0.550487220287323
6254,6254,1,0.9943111,284.90586501700295,94.66091229720223,792.083182479386,0.5314345626013594,3.1307415108358128,-0.12987078726291656,0.8227282166481018,-0.5534002780914307
6255,6255,1,0.99290186,278.9735289428353,93.22455658989686,777.0702917033826,0.4911158916545575,2.9066487670131083,-0.10671482980251312,0.8048838973045349,-0.5837584733963013
6256,6256,1,0.99078923,277.8530579307323,91.18332675220613,766.4175759911003,0.4492886457625676,2.7013606688650698,-0.08451252430677414,0.7838539481163025,-0.6151671409606934
6257,6257,1,0.9968658,283.6743082901212,89.22392497972662,774.8612470825927,0.4005362028550463,2.6158526829998334,-0.06266722083091736,0.7687333226203918,-0.6364918947219849
6258,6258,1,0.9947542,282.646347239343,88.29714040741491,769.7308410658655,0.3726050092197589,2.4915990591945083,-0.04516804218292236,0.7519605755805969,-0.6576588749885559
6259,6259,1,0.9957761,287.1929619287187,90.19252653159799,781.7051053755185,0.36121343568737335,2.4649089391320027,-0.04307202994823456,0.739834189414978,-0.6714091300964355
6260,6260,1,0.99581546,284.87008028971866,88.93029920586156,777.0158088716831,0.3554539539839483,2.4191560607784393,-0.036902304738759995,0.734892725944519,-0.6771786212921143
6261,6261,1,0.995559,287.927622774889,89.38636314574228,783.4981743075105,0.35649176974704716,2.4072594722205336,-0.0407201424241066,0.7286238074302673,-0.6837026476860046
6262,6262,1,0.99464816,288.8796181327497,89.62735373456393,787.0635113687728,0.34223741566915866,2.405800017517705,-0.03320195898413658,0.7266906499862671,-0.6861620545387268
6263,6263,1,0.9953402,284.5321216393615,90.19542774351187,773.8152570020902,0.35010200258427837,2.3835020501245783,-0.03319758549332619,0.7294445037841797,-0.6832339763641357
6264,6264,1,0.99583364,290.1876085751083,90.58454942298438,788.8490627203108,0.33977300335563043,2.410891877667041,-0.03322063758969307,0.7262027263641357,-0.6866775155067444
6265,6265,1,0.9958631,291.12049725500435,90.98263273624116,790.1527589625192,0.36792741743886676,2.2925258839766447,-0.0504840686917305,0.7005766034126282,-0.7117891907691956
6266,6266,1,0.99310714,291.54834906526867,92.22390491589807,798.2371992030321,0.4210293022318289,2.0644168382432704,-0.08271656930446625,0.641459584236145,-0.7626844644546509
6267,6267,1,0.9918623,260.9329418034094,78.69844435771982,737.8571000140317,0.560020846432164,1.503642658280206,-0.14328131079673767,0.5243571400642395,-0.8393569588661194
6268,6268,1,0.9830579,259.6056114064063,75.85803473080942,753.7436674426417,0.6477066203449816,1.2036687559410673,-0.19969795644283295,0.40857672691345215,-0.8906097412109375
6269,6269,1,0.98227596,247.2586577731383,70.59025710215433,714.8238090670212,0.6981432193033793,0.8289359783378777,-0.22767522931098938,0.28453898429870605,-0.9312365651130676
6270,6270,1,0.98843735,252.66916907498478,69.38610539088747,721.4453114760278,0.7257192721193683,0.5691581490074904,-0.24881605803966522,0.17360042035579681,-0.9528659582138062
6271,6271,1,0.99236345,251.94479954557877,69.05392055990548,720.678209815764,0.7566726036789314,0.4432419869676722,-0.266817569732666,0.11988074332475662,-0.9562619924545288
6272,6272,1,0.9918765,240.16786003528668,67.58520438039484,699.7179852717933,0.7754495676632485,0.33893912919220864,-0.2689917981624603,0.08034086227416992,-0.9597858190536499
6273,6273,1,0.99164915,244.25317345696058,69.33316458065774,715.5380671056558,0.7963594360630364,0.32275585264663453,-0.28240931034088135,0.06844917684793472,-0.9568488001823425
6274,6274,1,0.9940561,248.46492136968808,69.54405986643684,721.6372392791919,0.8107143856846188,0.2929269239966868,-0.2941148579120636,0.05471636727452278,-0.9542025923728943
6275,6275,1,0.99322104,242.88017426610347,70.10292398240024,713.4481815716332,0.8232196414877733,0.28632193801469225,-0.29835304617881775,0.051470797508955,-0.9530667662620544
6276,6276,1,0.99424016,240.30764143462898,68.60656663332371,714.2742561842821,0.869466849799453,0.25692377181975007,-0.3240989148616791,0.03987842798233032,-0.9451823234558105
6277,6277,1,0.99410146,237.46227646777348,69.60077508699506,708.9406042919499,0.9452898841540256,0.2388044389373323,-0.3701466917991638,0.028996827080845833,-0.928520679473877
6278,6278,1,0.9942252,242.79606474613283,69.96528722875372,714.5499986944989,1.0023134617920408,0.21631957616408162,-0.4065242111682892,0.01770893484354019,-0.9134683609008789
6279,6279,1,0.9931718,237.42888471056224,68.82197888564146,698.2739341596438,1.0399222095161456,0.18762755076780477,-0.4290947914123535,0.007320722099393606,-0.903229832649231
6280,6280,1,0.9934957,237.8247292603688,69.36736784826182,705.6212472780566,1.0948940422050422,0.16200861845417913,-0.4547959566116333,-0.004542428534477949,-0.8905841112136841
6281,6281,1,0.9923201,241.37143835887915,70.74674301183225,712.777541257192,1.1438756176342095,0.1534575625862671,-0.4796069264411926,-0.010379013605415821,-0.877422034740448
6282,6282,1,0.99335974,247.83916733920842,72.92452398182957,727.3049809725359,1.1154404007968397,0.17535383186840284,-0.46490761637687683,-0.00438349787145853,-0.8853483200073242
6283,6283,1,0.99429685,245.34813625207858,72.36919612561574,723.1193800200303,1.0838248698585315,0.19906552984252157,-0.44921165704727173,0.005772970616817474,-0.8934066891670227
6284,6284,1,0.9938188,242.87066480350825,72.19650807792817,716.9230294689878,1.0084094671164434,0.22852054181528308,-0.40946799516677856,0.019268497824668884,-0.9121209979057312
6285,6285,1,0.9933935,241.21981189461178,70.63799492099706,714.0719594706707,0.9001816651283299,0.32086453802480813,-0.3472384214401245,0.06188998371362686,-0.9357324242591858
6286,6286,1,0.99394,256.40475991694706,73.82454706030295,762.1859504333319,0.8436783919044456,0.5235324383424677,-0.3157581686973572,0.13415448367595673,-0.9393079280853271
6287,6287,1,0.99390864,251.495113334281,73.41608347522997,752.840122425942,0.8012021204517032,0.6972467803992844,-0.28959742188453674,0.2075314074754715,-0.9343789219856262
6288,6288,1,0.99439454,254.06627688030213,75.42473419803478,760.540019578628,0.7683818550009661,0.9472607495904676,-0.27118557691574097,0.30142056941986084,-0.9141137599945068
6289,6289,1,0.99368817,264.75823287631306,81.28162009826247,791.3998303352391,0.7524550146566001,1.2945156235874127,-0.26439183950424194,0.40621650218963623,-0.8746914267539978
6290,6290,1,0.9943193,265.8331884982153,85.14144836935981,796.9169990820483,0.7517222468208037,1.5877308556626715,-0.2608270049095154,0.49310576915740967,-0.8299493789672852
6291,6291,1,0.99410194,266.40169795867007,90.0738273948814,792.7226528541902,0.7202586372814318,1.8234325080170872,-0.24027158319950104,0.561957597732544,-0.7915006279945374
6292,6292,1,0.9901668,277.75493118367564,96.68965491024835,819.8734775658507,0.7001938391389654,1.9766188038006514,-0.23323476314544678,0.583069384098053,-0.7782233953475952
6293,6293,1,0.9894271,285.28696923347053,101.9301646730235,838.5253411349757,0.6843477371541835,2.061118674233949,-0.22771339118480682,0.5910763740539551,-0.7738057374954224
6294,6294,1,0.99032927,287.9022702747851,102.04827130209189,840.5021555227263,0.6848209703811694,2.1163827032196325,-0.22929245233535767,0.6028783321380615,-0.7641745209693909
6295,6295,1,0.99046904,290.93129838470526,103.4130030846142,842.9472987625178,0.6596594485800789,2.207027428907497,-0.21646276116371155,0.6238715052604675,-0.7509515881538391
6296,6296,1,0.99136776,291.91462031963545,103.28453890276224,837.4711679578132,0.6272211698095148,2.2738731763198556,-0.19913601875305176,0.6447320580482483,-0.7380145788192749
6297,6297,1,0.994534,288.3826881683569,100.61243944846501,815.4344720185113,0.5613298715394984,2.3324789249746014,-0.1600339263677597,0.677017867565155,-0.7183564901351929
6298,6298,1,0.99470794,281.2395532389285,96.0943739773608,785.2968463144254,0.5222085042069536,2.329014148590815,-0.1324429214000702,0.699486494064331,-0.7022660374641418
6299,6299,1,0.99466044,278.3428407485503,92.70766721489376,767.9019960043639,0.4735311800281748,2.2802149188918146,-0.10157953947782516,0.7049803137779236,-0.7019148468971252
6300,6300,1,0.99448496,279.23152455129656,91.00317736802867,764.3725674696716,0.427531882467039,2.2400419151735558,-0.07450178265571594,0.7022611498832703,-0.7080104351043701
6301,6301,1,0.996741,283.35627046850783,88.78652583871128,774.5751022264668,0.3960454830766065,2.1514655058639276,-0.05887466296553612,0.6796132922172546,-0.7312042117118835
6302,6302,1,0.9954265,290.11613395009346,89.0658524775471,790.10966874293,0.388421008754586,2.0761209147350432,-0.06104002520442009,0.652923583984375,-0.7549602389335632
6303,6303,1,0.9964921,287.73835492505356,87.03967581578043,781.8998824721843,0.4034360184827936,1.9616848000804494,-0.06772582232952118,0.6305900812149048,-0.7731554508209229
6304,6304,1,0.9965127,289.89837770891467,87.6331278857442,782.4931896223901,0.4116305512265575,1.8959949873995947,-0.07545451819896698,0.6123209595680237,-0.7870004773139954
6305,6305,1,0.99487877,292.8105146237162,89.37664456244262,787.3994436864823,0.41031373208434463,1.8725131577547738,-0.07784361392259598,0.6017515063285828,-0.7948808670043945
6306,6306,1,0.9945262,294.3472410870431,89.77253022379631,793.8457920409279,0.41589242947594507,1.8600911136396165,-0.08280923217535019,0.5939369201660156,-0.8002384901046753
6307,6307,1,0.99428916,295.0085359870559,89.76380796507333,792.0794077378368,0.432114403664535,1.8508072927024448,-0.09419802576303482,0.591481626033783,-0.8007972836494446
6308,6308,1,0.9943111,294.11236248036664,88.97350364771994,790.6353921379224,0.440173081509081,1.8566209772963278,-0.09837110340595245,0.594087541103363,-0.7983628511428833
6309,6309,1,0.9940082,299.7060091518668,90.34773439105508,804.5560123546082,0.43935784145833406,1.9086539509017597,-0.10326346009969711,0.5984365344047546,-0.7944875359535217
6310,6310,1,0.9945522,299.3681101078484,89.69354492139816,802.8643408393527,0.4517855703143947,1.9259487636676875,-0.11074486374855042,0.6036328077316284,-0.7895334362983704
6311,6311,1,0.9947292,296.4680540702654,89.5124827155762,796.6629735170595,0.47409777067470976,1.933395915002681,-0.1219252273440361,0.6079684495925903,-0.7845436334609985
6312,6312,1,0.9943815,296.10404442380326,89.87860249791368,796.4367608404164,0.4988171093050952,1.9582757843972858,-0.13682225346565247,0.6124145984649658,-0.7786065340042114
6313,6313,1,0.9948279,301.1953201303829,90.37542014036137,809.3469362870314,0.5059385320907662,2.014694183585953,-0.1450141966342926,0.6178206205368042,-0.7728315591812134
6314,6314,1,0.9955889,296.1646547852163,88.85879861643991,796.7731335649561,0.5293465705765537,1.9889192490608611,-0.15527646243572235,0.6182601451873779,-0.7704827785491943
6315,6315,1,0.99592626,297.85516412472197,89.86587081441952,801.694826784738,0.5197579120012119,2.014694494811319,-0.1505383402109146,0.6217398047447205,-0.7686207294464111
6316,6316,1,0.99587667,294.27782905548133,89.12074322580861,794.3632552157269,0.5325478086982456,2.0039105794108116,-0.15526102483272552,0.6231057047843933,-0.7665724158287048
6317,6317,1,0.99605584,294.6323421884869,88.8040757863027,795.1471612407346,0.526807390928394,1.9664331777205017,-0.15239526331424713,0.6139576435089111,-0.774488091468811
6318,6318,1,0.9960187,293.7236968223005,89.1092555066533,794.107583377077,0.49859609301882857,1.9735695879195387,-0.13399474322795868,0.6184419393539429,-0.7743223309516907
6319,6319,1,0.9955244,288.63920104537823,88.58291632758812,781.3376211176475,0.48958866367347753,1.97658681188321,-0.12379967421293259,0.6281327605247498,-0.7681945562362671
6320,6320,1,0.99589854,292.113823541949,89.41709158243805,789.3216005778008,0.4754898982741422,2.0503305028490453,-0.11784137040376663,0.6417216062545776,-0.7578303217887878
6321,6321,1,0.99432003,289.75464044906147,89.35808653740987,783.1431317583492,0.46291010245283926,2.0816686278977055,-0.10771045088768005,0.653887152671814,-0.7488858699798584
6322,6322,1,0.99419445,293.10699516834165,89.72607776705337,789.3234180729288,0.4812236062267124,2.1227217540772143,-0.12208614498376846,0.6580788493156433,-0.7429853677749634
6323,6323,1,0.9941082,292.7234403340112,89.30453040485945,789.7018584012394,0.48798996972539826,2.1127926825656482,-0.12577477097511292,0.6553932428359985,-0.7447418570518494
6324,6324,1,0.99432373,290.5427380229857,89.31634569739144,785.1831191849666,0.5146132518797003,2.07062089403223,-0.1404752880334854,0.6462691426277161,-0.7500686645507812
6325,6325,1,0.9951348,284.2344325067096,88.25722579718882,769.3795776567962,0.5603105607749619,1.9965042415460508,-0.16430912911891937,0.6350356340408325,-0.7548061609268188
6326,6326,1,0.9953636,282.9256126407667,88.68492893318722,769.5324983466609,0.5997043597984101,1.9808938519787034,-0.18750174343585968,0.627215564250946,-0.7559390068054199
6327,6327,1,0.9952915,285.12176356899425,89.1306828588932,775.9209295346267,0.6470488845139061,1.9386946612400167,-0.21868294477462769,0.6073525547981262,-0.7637412548065186
6328,6328,1,0.99598134,280.5919700437101,88.51253019506096,764.934969858219,0.6925151772430953,1.8617056935380283,-0.2450309842824936,0.58943110704422,-0.769760251045227
6329,6329,1,0.99522424,277.51633209654943,87.25476219201231,763.4366487725929,0.7277462360403628,1.7977189944311873,-0.26452285051345825,0.5702327489852905,-0.7777289152145386
6330,6330,1,0.9956677,276.3216776256964,86.21062181398652,763.1646600269386,0.7513263867133603,1.7646604607014418,-0.278053343296051,0.559371829032898,-0.780890166759491
6331,6331,1,0.99645054,274.55948058184254,85.70383991919955,759.3402414497922,0.7672115063300509,1.7890218270401435,-0.2858292758464813,0.5669432878494263,-0.7725781798362732
6332,6332,1,0.9961714,274.7810603761961,85.73498297132237,761.7138967065139,0.7723631292513475,1.8746652478268273,-0.286039263010025,0.5880286693572998,-0.7565737366676331
6333,6333,1,0.9967083,278.67661117076796,86.35443385488004,775.6420863331072,0.7755502048256729,2.005425825459597,-0.2847374975681305,0.612177312374115,-0.7376744747161865
6334,6334,1,0.9970772,283.24023586768277,88.37129341149684,785.2482895736442,0.7610330783333111,2.079342705460162,-0.27724525332450867,0.6244240999221802,-0.7302258014678955
6335,6335,1,0.99686867,279.5117901194447,87.1580704149668,777.221038255234,0.754344189152132,2.03300370345704,-0.2725217044353485,0.6200214624404907,-0.7357345819473267
6336,6336,1,0.9964586,275.18479305813827,87.13110419586798,765.762422452748,0.740189456888976,1.9494014458866362,-0.26470693945884705,0.6081178784370422,-0.748413622379303
6337,6337,1,0.9954852,273.54730278392844,86.79385319028422,755.6454282285157,0.7168329729320483,1.8935940239071878,-0.2527530789375305,0.6027665734291077,-0.7568278908729553
6338,6338,1,0.9955218,280.80321869199906,87.3729593248579,770.0261986267161,0.7006154616091301,1.9232607822525503,-0.24730202555656433,0.6026764512062073,-0.7586981654167175
6339,6339,1,0.9960049,282.0960251159217,88.38572407032866,771.1401844162423,0.684442661859307,1.9717662731516399,-0.23785367608070374,0.6152987480163574,-0.7515538334846497
6340,6340,1,0.9968741,275.2837560826977,86.59872845188126,752.1127281680883,0.6869655357612863,1.8983427624763165,-0.2371838241815567,0.6094189286231995,-0.7565397620201111
6341,6341,1,0.99691904,265.627045594237,83.43239715233017,724.9223511828026,0.7279288125449933,1.7833971082019615,-0.2601475417613983,0.5933327674865723,-0.7617607712745667
6342,6342,1,0.995978,263.352967281499,79.90027799330242,719.2048501213667,0.7388785893962665,1.7054421755662206,-0.26728618144989014,0.5765784382820129,-0.7720851302146912
6343,6343,1,0.9968605,259.5923740839071,75.37143539467672,715.3497952241529,0.7185910119200917,1.5687356375654433,-0.25305303931236267,0.5453153252601624,-0.7991216778755188
6344,6344,1,0.99319494,263.3798443937618,74.2374154848057,730.1240370127862,0.6771180645220348,1.4192119749190852,-0.22868935763835907,0.49414247274398804,-0.8387635946273804
6345,6345,1,0.99551564,265.8715977794587,75.09371472218754,738.3506077670858,0.6884056101078926,1.4216034031304678,-0.2373335063457489,0.4879172742366791,-0.84000563621521
6346,6346,1,0.9967398,276.00964074905016,79.87056524278738,764.0234184113709,0.6924419248272663,1.5334223294246672,-0.24479970335960388,0.503227949142456,-0.8287549614906311
6347,6347,1,0.997195,282.8152396704566,84.07464212900378,783.8387723207721,0.6808458499327399,1.6768406098482058,-0.23902225494384766,0.5321748852729797,-0.8121934533119202
6348,6348,1,0.9976763,281.31230754965685,84.69010020540135,780.9792878873917,0.6787762552525827,1.7856829067050128,-0.2348172813653946,0.5644985437393188,-0.7913294434547424
6349,6349,1,0.99790335,284.2583017320089,87.0421395776806,786.5720033061731,0.6726680711161014,1.9350497361489487,-0.230620875954628,0.5994815230369568,-0.7664437294006348
6350,6350,1,0.995749,289.64975901742747,89.37917491056187,796.7838227608532,0.6330546045338189,2.120251292948527,-0.20783276855945587,0.640694260597229,-0.7391322255134583
6351,6351,1,0.99411654,287.4196508751476,90.22417875128114,788.3553834322314,0.6153742985421636,2.270020287777674,-0.19356468319892883,0.6800321936607361,-0.7071696519851685
6352,6352,1,0.98892456,283.4078647682415,89.95443042877075,768.1911956920313,0.6213165620203194,2.344931495126593,-0.19400161504745483,0.7065898180007935,-0.6805103421211243
6353,6353,1,0.98934144,281.8295866075677,90.69938272327602,755.2283222740652,0.6556143780036817,2.4402483875788255,-0.21158382296562195,0.7281832695007324,-0.6519060730934143
6354,6354,1,0.9912526,277.258441744437,89.13920973979559,744.2958093435356,0.6945955750092009,2.4032091607857136,-0.2314058244228363,0.7242268919944763,-0.649574339389801
6355,6355,1,0.99095273,281.5749246574316,87.92880165397764,757.3759837807766,0.6822455482679652,2.3148388666941,-0.22925055027008057,0.7012242674827576,-0.6750767827033997
6356,6356,1,0.990373,275.87236544631656,86.87676302857642,741.388120874701,0.6749664349710902,2.1065517648872496,-0.22739456593990326,0.6677442789077759,-0.7088084816932678
6357,6357,1,0.99405426,278.76047968148526,82.6292760379105,757.1908831371215,0.6926145847670339,2.0174101435740908,-0.2397221028804779,0.6381234526634216,-0.731663703918457
6358,6358,1,0.99531686,296.622700608298,84.85434921633326,804.452158435297,0.7076780903380248,2.114203703520457,-0.25567391514778137,0.6289253234863281,-0.7342233061790466
6359,6359,1,0.99403024,291.52597687866137,84.03308985379925,791.9792335897154,0.6997642939988215,2.1266191694829275,-0.2479545921087265,0.640710175037384,-0.7266423106193542
6360,6360,1,0.99465704,287.6514206990526,84.59881477935114,782.903234073915,0.6434379650509049,2.006283673042364,-0.21589288115501404,0.6237446665763855,-0.7512209415435791
6361,6361,1,0.9961578,289.69412851985413,85.01033877497422,787.6944031129871,0.6291122304387724,1.9447134201715501,-0.21001438796520233,0.606638491153717,-0.7667357921600342
6362,6362,1,0.99661106,283.6131153770899,84.15828493742556,769.5293755542581,0.6705228141179463,1.916551518161907,-0.23213434219360352,0.6066697239875793,-0.7603062391281128
6363,6363,1,0.99666154,288.07229580577376,84.52282319243615,782.8926015000121,0.6806089073816247,1.9022193152283315,-0.24070997536182404,0.593440055847168,-0.7680414319038391
6364,6364,1,0.9968857,295.2092794101148,86.64035511774163,805.4901837499846,0.6497000409799671,1.9313446204328122,-0.22539173066616058,0.5893499851226807,-0.7757997512817383
6365,6365,1,0.9973826,284.4305017678599,84.13073013570772,775.9628800578471,0.6214766740044099,1.8382729077830016,-0.20329689979553223,0.587627649307251,-0.7831757068634033
6366,6366,1,0.99730945,282.9411705789817,83.50447027223744,773.4593127553436,0.582320940659772,1.8428786240115649,-0.17736811935901642,0.5947936773300171,-0.7840670347213745
6367,6367,1,0.9972217,275.0147017266786,80.05880443467306,751.6173905059494,0.5770398133672485,1.9208212931951922,-0.1665818840265274,0.6321282982826233,-0.7567459344863892
6368,6368,1,0.9969975,277.2647666845907,77.88643713759406,754.5692130820343,0.532376057993009,2.0579160484531154,-0.1385839283466339,0.6689299941062927,-0.730292558670044
6369,6369,1,0.99563843,275.2702184139071,74.99627467958996,745.419740780837,0.49355116885280254,2.1487593964540572,-0.11167456209659576,0.6997712254524231,-0.7055841684341431
6370,6370,1,0.99655837,277.7112160707921,76.04398478713262,749.3469385483368,0.4091885460733566,2.220980163056724,-0.06125085428357124,0.7169315218925476,-0.6944476366043091
6371,6371,1,0.9970276,277.03730020495533,77.56140557103406,750.030331852774,0.34249994831195846,2.226361564014066,-0.018670914694666862,0.7193613648414612,-0.6943850517272949
6372,6372,1,0.99780244,275.5979763898502,79.08662497668303,743.7063917300101,0.3349262633939234,2.179769902693217,-0.011736530810594559,0.7127370834350586,-0.7013331055641174
6373,6373,1,0.99653035,279.78472495678676,81.59671583798483,758.277283819779,0.33099894442502564,2.193007692210767,-0.014283005148172379,0.7053852081298828,-0.708680272102356
6374,6374,1,0.99581295,284.0621209967545,82.83723150307695,772.5102062201432,0.3590872620623357,2.1439138696011333,-0.036322686821222305,0.6844540238380432,-0.7281506657600403
6375,6375,1,0.99469674,267.81937388903685,79.2211486840451,734.6269370347469,0.4049421028087395,1.8830561048579482,-0.04571760073304176,0.6460745930671692,-0.7619039416313171
6376,6376,1,0.99430734,276.44470164074545,82.11552028146706,765.4601737999897,0.35501871305224797,1.8181573813235026,-0.02149193361401558,0.6090681552886963,-0.7928267121315002
6377,6377,1,0.9964349,266.770999189457,79.86918101937802,748.6675611586819,0.3640206107008499,1.6084598156763315,-0.012785183265805244,0.5605305433273315,-0.8280350565910339
6378,6378,1,0.99517536,262.5266895158965,79.44832562819143,753.2422140196276,0.3583032003838717,1.5206484616776117,-0.001776835066266358,0.5308243632316589,-0.8474799990653992
6379,6379,1,0.9940952,252.27082584343475,77.90067877852739,730.5551531444539,0.38710627796205915,1.462923472274288,-0.007804486434906721,0.5265416502952576,-0.8501135110855103
6380,6380,1,0.9906652,254.0126260821191,77.81605641758097,739.7358671011539,0.3903308931758624,1.4842443722148273,-0.012739156372845173,0.5278934240341187,-0.8492150902748108
6381,6381,1,0.9924919,249.83528633336581,77.48068563072927,728.8758632725056,0.4161573367833497,1.5066945322278629,-0.026269035413861275,0.5413976907730103,-0.840356171131134
6382,6382,1,0.99207956,252.8794285920094,79.34069800913221,736.5194626216434,0.4553239612187947,1.5878741635342808,-0.0590282566845417,0.5588075518608093,-0.8271939158439636
6383,6383,1,0.99015725,254.71382962578977,80.00334251883936,744.0127422539709,0.4970965801868182,1.6415925292035605,-0.09043888002634048,0.5675367116928101,-0.8183660507202148
6384,6384,1,0.98745894,255.14389016913515,80.62708276558284,742.9935237234339,0.5990391259528784,1.7790810403480743,-0.15968723595142365,0.5996115803718567,-0.7841976284980774
6385,6385,1,0.98983663,257.29946830659145,80.09982797032092,746.5030463276125,0.6126295243901357,1.8330292789858356,-0.1699664443731308,0.6111592650413513,-0.773043155670166
6386,6386,1,0.9925484,261.9624585349482,81.5047361586743,757.6155299694929,0.573633577923838,1.938748864154779,-0.1477241963148117,0.6339554786682129,-0.7591298222541809
6387,6387,1,0.9926347,260.48500856181977,82.95839036444546,751.2180508635761,0.5497839968093334,2.1176588973985786,-0.1299169659614563,0.6817260384559631,-0.719980001449585
6388,6388,1,0.9939085,251.9858492532331,81.65280420802675,726.0493689140613,0.5528936502801403,2.2265207043461754,-0.12317624688148499,0.7216811776161194,-0.6811783313751221
6389,6389,1,0.9925809,258.75731109371077,83.91669105713096,736.991639367128,0.5602139681543178,2.5341324759590433,-0.13065321743488312,0.7702431678771973,-0.6242237091064453
6390,6390,1,0.9933351,264.53076544167277,86.18868641535812,749.4802622591,0.5846483695130918,2.8732532186534554,-0.14410027861595154,0.8110849857330322,-0.5669006705284119
6391,6391,1,0.9955996,263.0993578152333,86.68897710640624,739.7910137034397,0.5756863164178916,2.990930829297767,-0.13661465048789978,0.8311968445777893,-0.5389325618743896
6392,6392,1,0.99541384,266.574244970646,87.80884277815369,743.6808777610203,0.5630470589420268,3.145585421257502,-0.13068954646587372,0.8472740650177002,-0.5148271322250366
6393,6393,1,0.9944254,268.9056093510099,88.85907512711162,748.5689543043977,0.5725614907210089,3.3077070093035186,-0.134763702750206,0.8605921864509583,-0.4911414086818695
6394,6394,1,0.9931919,269.441001448298,89.41463645845636,748.1809107279197,0.5700276629905581,3.404876902163979,-0.13243940472602844,0.8697848320007324,-0.475325345993042
6395,6395,1,0.9928852,273.21689414484854,90.69926431366149,758.3632833739731,0.5575043548545268,3.5028953356712806,-0.1278063803911209,0.8746629953384399,-0.4675791263580322
6396,6396,1,0.9936987,269.65386494389196,88.9503971262887,746.7815992847717,0.5360042380709039,3.307012180959364,-0.11746195703744888,0.8635633587837219,-0.4903682470321655
6397,6397,1,0.99315333,278.3649358338323,91.04029765403652,769.6986145357301,0.49685323024502626,3.1948903949928056,-0.10637414455413818,0.8436297178268433,-0.5262826085090637
6398,6398,1,0.99402535,281.8986319762771,91.50071099892439,777.6067382499018,0.48069084603452494,2.961765296116647,-0.10339301824569702,0.8129165768623352,-0.5731287598609924
6399,6399,1,0.99366695,276.62867152312725,89.8551680906488,762.5327831547912,0.49120909394727225,2.6171747975968955,-0.10777299851179123,0.7707215547561646,-0.6279914975166321
6400,6400,1,0.99672145,266.6184453337091,84.33318668437327,737.3125478569542,0.5239163476872735,2.247412061137549,-0.12127060443162918,0.7184579968452454,-0.6849172711372375
6401,6401,1,0.9952807,256.1231298860378,74.82929381739378,722.6798802559994,0.5605958834630053,1.8769416510841386,-0.13660453259944916,0.6461648344993591,-0.7508729696273804
6402,6402,1,0.9894079,261.8110932248946,69.8447504591335,746.6613833403845,0.5894997363205218,1.6213538871472917,-0.1613844782114029,0.5613030195236206,-0.8117228746414185
6403,6403,1,0.9886085,257.0783019829046,65.89678385772463,737.2589221453173,0.6363511089727528,1.3221340931167014,-0.19080761075019836,0.47101056575775146,-0.8612442016601562
6404,6404,1,0.9939691,254.55649446431747,63.907742734906456,726.3693069977585,0.6796908689923393,1.1405472262501382,-0.2209298014640808,0.4105110764503479,-0.8846868276596069
6405,6405,1,0.9939482,254.97126447376218,64.63523049924366,726.8055832689939,0.7314920696909908,1.0169426386643716,-0.2575508952140808,0.35795021057128906,-0.8975183367729187
6406,6406,1,0.9910836,255.08956634048047,65.01291588471251,728.1847056212029,0.7645342748421401,0.94797876405845,-0.279702752828598,0.32721245288848877,-0.9026064276695251
6407,6407,1,0.99428576,263.51551600683234,67.54674942301013,754.2945978566557,0.7841958359721501,0.9219344615834256,-0.2941461205482483,0.3012463450431824,-0.9070439338684082
6408,6408,1,0.98964244,263.42574745968227,67.33889797783087,756.6494803526545,0.8067192137689354,0.8284861178548139,-0.3070434331893921,0.26334860920906067,-0.9145336747169495
6409,6409,1,0.9887382,260.9248633658445,67.74268897986856,749.5149834533901,0.8192948000912905,0.724220490177455,-0.3137926757335663,0.22408419847488403,-0.922670304775238
6410,6410,1,0.9887524,253.34367407941576,66.77919494586233,730.0534311322635,0.8242572316362685,0.6944624646851383,-0.3149220943450928,0.21932855248451233,-0.923427939414978
6411,6411,1,0.9875937,246.27680377359957,66.89838153370088,714.3390271419557,0.8061907220061744,0.6883994809440972,-0.300209641456604,0.22327907383441925,-0.9273729920387268
6412,6412,1,0.9859789,252.78820800871992,68.66672129986584,735.4391771078876,0.772871993867681,0.7620878116006738,-0.27922287583351135,0.24635222554206848,-0.9280868172645569
6413,6413,1,0.9821116,243.16133336989287,66.61393754017959,710.8516940234858,0.7301579085481608,0.874555004052949,-0.24616461992263794,0.307726114988327,-0.9190797209739685
6414,6414,1,0.9928948,253.71842905338318,70.75181538307235,741.1408168504831,0.695096658752177,1.1615662508575622,-0.2271936535835266,0.40168631076812744,-0.8871477842330933
6415,6415,1,0.99078864,251.31143749986913,71.97239425465877,728.4915039650056,0.6561656174492986,1.4416576164053945,-0.19869722425937653,0.5087088346481323,-0.8376960754394531
6416,6416,1,0.9946233,253.62008475705247,74.04795681998104,727.3433433703907,0.6224081719825808,1.7262619966413857,-0.17577528953552246,0.5977476239204407,-0.7821770310401917
6417,6417,1,0.99715984,252.37233616887247,76.0897839854738,713.5661934261219,0.6103254817345677,1.85826878972267,-0.16681648790836334,0.6419855952262878,-0.7483493685722351
6418,6418,1,0.9976514,264.99758504149037,82.37344032874684,743.5987978635791,0.6159291249715311,2.0670398676572748,-0.17835062742233276,0.6685476303100586,-0.7219661474227905
6419,6419,1,0.9963742,258.57061488966195,82.29685687700118,718.7000789498455,0.6491079963988681,2.1586994338137195,-0.19343051314353943,0.7014122605323792,-0.6860069632530212
6420,6420,1,0.99621385,264.4788832042992,83.7595807203042,731.1160760064809,0.7087701608189381,2.5230170908941103,-0.22301921248435974,0.7561901211738586,-0.6151739358901978
6421,6421,1,0.9949115,271.91466368383595,87.36135637790572,749.7268823942763,0.6806048520147463,2.9352916732101444,-0.20071610808372498,0.8089800477027893,-0.5525072813034058
6422,6422,1,0.99531096,278.64356749820007,87.93570371897557,764.7505825852578,0.6402418598213164,3.1116269968533707,-0.18035957217216492,0.8266490697860718,-0.5330307483673096
6423,6423,1,0.99468994,273.31843919348415,89.39388954604512,751.9820748051496,0.6322420232884426,3.2065579440620717,-0.1703573614358902,0.8436200618743896,-0.5091989040374756
6424,6424,1,0.9941037,280.88391329130303,91.23518465007812,770.0784810999886,0.6417244294924566,3.3758579967684943,-0.17647694051265717,0.8512818813323975,-0.49414077401161194
6425,6425,1,0.9941651,278.3930099425986,90.4196659834759,765.1960744256529,0.6664428760296729,3.4334572338284217,-0.18468622863292694,0.8570737838745117,-0.4809527099132538
6426,6426,1,0.994822,275.5787984552636,88.87839714173155,763.2951367543902,0.6815726137901723,3.484958075549407,-0.1877809315919876,0.8619376420974731,-0.4709584414958954
6427,6427,1,0.9965913,279.22951962244184,90.2371218693254,777.8535772946551,0.650861870101446,3.715712349612639,-0.17028094828128815,0.8778489232063293,-0.44764456152915955
6428,6428,1,0.9958962,269.5587411081611,88.46871094754152,751.5197689097021,0.6465747568641145,3.619854981573391,-0.16389615833759308,0.8812538981437683,-0.44331663846969604
6429,6429,1,0.99331206,265.2663535384957,87.88645430095174,741.4151388393517,0.6538156562078474,3.650678751589793,-0.16335611045360565,0.887173056602478,-0.4315539002418518
6430,6430,1,0.99327093,267.3384475080841,88.90485453399724,747.1909380618777,0.666879174104639,3.525005180833206,-0.17396287620067596,0.8736541867256165,-0.4543844759464264
6431,6431,1,0.9954342,268.34836918113075,88.6203949926754,749.9150591244189,0.651471214350438,3.2411260525513628,-0.174437016248703,0.8473438620567322,-0.501577615737915
6432,6432,1,0.9949338,267.06471197572654,88.3819227593837,746.9942446991644,0.6090388454666574,3.122416850732072,-0.15494312345981598,0.8396212458610535,-0.5206043124198914
6433,6433,1,0.99581784,268.4514436124142,89.13000314925654,748.1113135973245,0.5151496257980266,3.147863493686676,-0.10769490152597427,0.8481802940368652,-0.518644392490387
6434,6434,1,0.99310815,278.92277493317283,92.27567883869021,773.4602986682042,0.3880519244249185,3.3119816099320336,-0.051460281014442444,0.8588063716888428,-0.5097091794013977
6435,6435,1,0.98974204,283.06876503503395,94.34784698519792,781.0861398180023,0.31731116837220696,3.4063823429521403,-0.020570315420627594,0.8660534024238586,-0.499528169631958
6436,6436,1,0.9900686,284.3041848703551,94.69793959283045,781.7856735637888,0.27770562111171654,3.379601470159763,-0.002008022740483284,0.863788902759552,-0.5038499236106873
6437,6437,1,0.9910829,276.88107688798164,92.86153312062783,760.2270598970675,0.30863134386112046,3.1073486804426835,-0.007887493818998337,0.8448788523674011,-0.5348995327949524
6438,6438,1,0.990986,284.90756771143396,95.09115545796395,778.535311695055,0.35456464066966115,3.076533426540491,-0.03963862359523773,0.8310904502868652,-0.5547228455543518
6439,6439,1,0.9914067,284.7207694209619,93.81644990824843,777.7155887236554,0.39381242728829446,2.9480335232573602,-0.06008533015847206,0.8144566416740417,-0.5771049857139587
6440,6440,1,0.98929787,278.7637225597823,91.82358824923261,762.5394200997015,0.48893143968196795,2.68181163131199,-0.10834131389856339,0.7801313996315002,-0.6161633133888245
6441,6441,1,0.992278,275.04883324277813,90.25853285025488,755.9843310537575,0.6507300262088602,2.2952814622227056,-0.20507052540779114,0.7013224959373474,-0.6827099919319153
6442,6442,1,0.9964399,271.30192046983956,85.16205869887159,755.1332038359616,0.6937957846890194,1.7923700590606502,-0.23826049268245697,0.5802522897720337,-0.7788062691688538
6443,6443,1,0.9901749,265.46986062288187,78.78496224296947,756.7077354780764,0.6736414066393578,1.4470738944819321,-0.22263963520526886,0.4842420220375061,-0.8461331129074097
6444,6444,1,0.9784046,255.69961808716357,72.01449667221321,743.653630937266,0.6933147367425506,1.1247430268204661,-0.22810518741607666,0.38544759154319763,-0.8940907120704651
6445,6445,1,0.9890966,255.9376391487955,68.1687704849006,745.5939730605114,0.7271653110367071,0.9448035928184809,-0.2502649426460266,0.31837618350982666,-0.9143325686454773
6446,6446,1,0.9792976,262.42307695919584,68.09342989411631,767.1667105666857,0.7396163505271205,0.8941895313222361,-0.259640097618103,0.28940269351005554,-0.9213213920593262
6447,6447,1,0.97768027,253.88692608988444,67.15885010106275,741.3340858333273,0.7522739190345198,0.8589115217246686,-0.2654041647911072,0.28608274459838867,-0.9207156300544739
6448,6448,1,0.9864763,261.1791673818495,70.15283721080921,760.4211795793818,0.7112725551576797,0.9471259685579996,-0.24197591841220856,0.3118198812007904,-0.9188123345375061
6449,6449,1,0.98492646,254.91897721341095,71.28819698311203,742.6445218900844,0.6864900213132967,1.0347375455463275,-0.222636878490448,0.35376906394958496,-0.9084494113922119
6450,6450,1,0.9924446,262.9712035427726,75.5011972328037,767.0602598888744,0.6515700715642787,1.2050793797090944,-0.203391432762146,0.4023382365703583,-0.8926118016242981
6451,6451,1,0.9958936,255.23685427449482,77.68129714745713,741.9066021315143,0.6276754435193858,1.4471645110862394,-0.18205590546131134,0.499344140291214,-0.8470602631568909
6452,6452,1,0.9964831,259.9763799320801,83.34377245497637,751.0420355814795,0.5631041688535579,1.8253215785799084,-0.14066386222839355,0.6078047752380371,-0.7815287113189697
6453,6453,1,0.99525946,259.4666687557061,84.49341511367491,745.2589537117236,0.5412675732461354,2.109527327165762,-0.12422715127468109,0.6832042932510376,-0.7195829153060913
6454,6454,1,0.9950446,265.46934492677684,86.50969939056779,760.8820385791713,0.5116440684769218,2.3598288496229562,-0.10945016145706177,0.7270942330360413,-0.6777570843696594
6455,6455,1,0.9962482,262.81294914034066,84.34654752658271,754.988407857384,0.5247516137787176,2.290562793390071,-0.11525167524814606,0.717287540435791,-0.687179446220398
6456,6456,1,0.995968,268.0305940704978,85.00229243235113,767.243847513484,0.5458997727551397,2.1879615884590304,-0.13401484489440918,0.6861642599105835,-0.7149956226348877
6457,6457,1,0.99675506,264.93229110811836,83.8855546212588,756.6822835007937,0.5858526977232837,2.0705549464325177,-0.15773896872997284,0.66350919008255,-0.731350839138031
6458,6458,1,0.99590874,265.8111379665675,84.63783976197946,758.1502096403456,0.6084266563727421,2.0162142561000547,-0.17355242371559143,0.6469758749008179,-0.7424969673156738
6459,6459,1,0.9964223,263.505907712982,85.40367677869015,750.3230220419913,0.6358763335962923,2.019825596701701,-0.18926270306110382,0.6495074033737183,-0.736423671245575
6460,6460,1,0.9961939,258.9365663442448,84.63142188342161,732.3256254203314,0.6565779440507026,2.027291341730033,-0.19966499507427216,0.6609513163566589,-0.7233791351318359
6461,6461,1,0.9972953,270.36630574005056,86.08066116586292,761.1554051049442,0.666476947575769,2.161594920418662,-0.2108800709247589,0.6714798808097839,-0.7103832960128784
6462,6462,1,0.9975612,264.9413775096585,83.72629917283943,743.9274831629555,0.6835171141267782,2.20369869325669,-0.216454416513443,0.6908432841300964,-0.6898427605628967
6463,6463,1,0.99795806,266.48804064775516,84.62226101489676,744.6214072499696,0.6869704396824151,2.3215738679805473,-0.21695059537887573,0.7135733366012573,-0.6661423444747925
6464,6464,1,0.9981775,264.0893987325969,84.27707867697849,739.2589982462172,0.6944762980221212,2.4182069987073813,-0.21663770079612732,0.7347493767738342,-0.642815351486206
6465,6465,1,0.99811685,265.04700659857957,84.07721431765212,740.8794058790253,0.6922051266838045,2.5639753554220817,-0.21170325577259064,0.7597029805183411,-0.614844024181366
6466,6466,1,0.9984187,260.5053408170806,83.92194975327459,729.1502657747428,0.6763531241754611,2.595295699933107,-0.19872446358203888,0.773434042930603,-0.6019206047058105
6467,6467,1,0.9984567,259.17147105361624,84.46948960189721,723.8036959653822,0.673484809739349,2.5497746043150413,-0.1977900117635727,0.769065797328949,-0.6077967882156372
6468,6468,1,0.99729925,263.4514742206909,86.25358936017729,735.2734807000769,0.6324749271131324,2.5579889166866105,-0.17760740220546722,0.7671095132827759,-0.6164402961730957
6469,6469,1,0.99465734,264.38532296641216,84.79992000631087,734.0094531233811,0.5977564713954897,2.667988057708173,-0.15638881921768188,0.7889752984046936,-0.5941889882087708
6470,6470,1,0.99601257,264.3704979706782,85.04221590248292,735.3662427950825,0.5726132386947103,2.8921934264111226,-0.1381249874830246,0.8216188549995422,-0.5530497431755066
6471,6471,1,0.99622107,269.4041167593489,87.72536420671342,750.9866009889216,0.5309092348675878,3.3834199665631393,-0.1133599728345871,0.8696382641792297,-0.4804985225200653
6472,6472,1,0.99620515,277.54023021588586,91.48721757870531,777.4817668565487,0.47714229332867686,3.978791857765907,-0.0888025164604187,0.9066348075866699,-0.4124651253223419
6473,6473,1,0.9920735,275.5754884759952,92.72013523241965,776.1357205494709,0.4867030768579489,4.3449383457438415,-0.08846175670623779,0.9265502691268921,-0.36562156677246094
6474,6474,1,0.9936911,276.5742124914337,93.00655068546371,781.6394913368312,0.515786335262789,4.404833418396504,-0.10019491612911224,0.9266580939292908,-0.3623062074184418
6475,6475,1,0.9945391,282.5494807981848,94.20653095257207,795.5297292632314,0.5623017245528775,4.1918886902204,-0.12575216591358185,0.9089940786361694,-0.39738672971725464
6476,6476,1,0.99407035,273.98406278335125,91.79438650359039,771.6887377254011,0.6051397422432742,3.652411690516317,-0.14730389416217804,0.8786742091178894,-0.45412909984588623
6477,6477,1,0.9927032,272.1669762858816,91.7317408407165,770.4611837939246,0.6430223226831047,3.2550694739262047,-0.17219503223896027,0.8397679924964905,-0.5149161219596863
6478,6478,1,0.99524975,272.92428971542984,90.69929097946472,772.6795373399609,0.6667230442866889,3.0614478167228225,-0.18915317952632904,0.8147533535957336,-0.5480858683586121
6479,6479,1,0.99686337,267.5569075218222,88.86116738099554,762.7352999329368,0.6875527684202467,2.875866960970325,-0.20053814351558685,0.7945061326026917,-0.573188066482544
6480,6480,1,0.9968016,264.8811419561868,87.73319363574645,755.4114776423363,0.7049342943800347,2.763023591983208,-0.21105432510375977,0.7808822989463806,-0.5879446864128113
6481,6481,1,0.99606967,270.1591416578237,87.629104024646,770.6334830444512,0.6917860109367711,2.7895793511752762,-0.20661967992782593,0.7780706286430359,-0.5932238101959229
6482,6482,1,0.9948337,265.850001925297,87.15486647215998,761.2479670470963,0.668031221818766,2.712336748760328,-0.1929132491350174,0.7742761969566345,-0.6027278900146484
6483,6483,1,0.9936785,266.20525723296396,86.88069175737223,761.6285072296845,0.6540166045468194,2.8129135250099218,-0.18309777975082397,0.7904308438301086,-0.5845462679862976
6484,6484,1,0.9939188,261.3800060654184,84.66309685650957,754.2368374510835,0.6450595421539509,2.9415555453243782,-0.17090341448783875,0.8136590123176575,-0.5556537508964539
6485,6485,1,0.99514174,264.64474578436324,85.55592533555868,762.8214239983126,0.6295423831088773,3.1869974531957737,-0.15995174646377563,0.8394671082496643,-0.519336462020874
6486,6486,1,0.9950176,259.96670793387204,84.58003437050105,749.9987113174296,0.6146496437414757,3.4321358594397537,-0.14417003095149994,0.8705493807792664,-0.47048789262771606
6487,6487,1,0.99477214,260.82827744933724,85.42402393950697,752.9918503461421,0.5889254168333892,3.657343519786008,-0.12883763015270233,0.8892260789871216,-0.4389508068561554
6488,6488,1,0.99468404,263.6860814024584,86.03797550895128,759.7588986969907,0.5788620130657917,3.805926352224836,-0.12414801865816116,0.8977928757667542,-0.4225580096244812
6489,6489,1,0.9946412,264.94036730739487,86.93886712070235,764.1266172213654,0.5768100236975687,3.8474866697198915,-0.12355509400367737,0.8990468978881836,-0.4200581908226013
6490,6490,1,0.9948296,257.6367160476392,85.6693917363313,746.5451764101919,0.6017567954704027,3.6084193251513366,-0.1331462562084198,0.8872144818305969,-0.44172677397727966
6491,6491,1,0.994932,261.99141476639926,87.23005029348714,758.4441656925933,0.6175289709348972,3.484798360328578,-0.14610765874385834,0.8709701299667358,-0.469109445810318
6492,6492,1,0.99207497,265.46975052756073,88.75681993152496,768.702439041027,0.6479777754354089,3.436515567864106,-0.16404198110103607,0.8597317934036255,-0.48368534445762634
6493,6493,1,0.9946419,270.32169997245717,90.43670009334426,774.7996052622124,0.6340066107622825,3.560271533199873,-0.15886065363883972,0.8685811161994934,-0.46939340233802795
6494,6494,1,0.9962909,265.85766219615925,88.05409152669544,756.4655062127116,0.6417205330466531,3.6021037838763945,-0.1585225760936737,0.8790443539619446,-0.44961270689964294
6495,6495,1,0.9963581,261.8822560999196,88.56087987532835,748.0352802429397,0.5904143553892517,3.660803334580102,-0.13094225525856018,0.8904054164886475,-0.4359269440174103
6496,6496,1,0.9963283,263.8294657386122,88.97741341594651,750.2859538684411,0.585981417505815,3.6731265660200645,-0.13031768798828125,0.8905567526817322,-0.43580493330955505
6497,6497,1,0.99670863,264.999762258097,89.83644969026047,754.9178086276858,0.6079970465717803,3.4390169661773182,-0.14569078385829926,0.8680169582366943,-0.47467970848083496
6498,6498,1,0.99632925,262.5861389279825,88.87216921617238,751.6091259378917,0.6479946167330723,3.1885430182882404,-0.16851958632469177,0.8421293497085571,-0.5122687816619873
6499,6499,1,0.9949121,265.6451025663907,87.75910097175138,761.9189165206907,0.6573468072679585,2.932100944886905,-0.18139252066612244,0.8060947060585022,-0.5633010864257812
6500,6500,1,0.9918235,265.8862091598379,87.64971168971893,767.2656771023157,0.6343551481201916,2.6887967591799407,-0.17462679743766785,0.7706405520439148,-0.612877368927002
6501,6501,1,0.9945358,261.99575320420684,84.28245975545212,761.3774584948729,0.601511513656929,2.548563566884217,-0.15533101558685303,0.7557192444801331,-0.6362081170082092
6502,6502,1,0.9943268,261.53681426336556,83.2015478679259,762.7618615929299,0.5951985217455904,2.402912426034294,-0.15345469117164612,0.7300338745117188,-0.6659596562385559
6503,6503,1,0.99472046,258.3793666538134,82.06924487561345,757.3333434798266,0.6026038069959503,2.2619833810439967,-0.15715043246746063,0.7057053446769714,-0.6908572912216187
6504,6504,1,0.99263966,258.2527804423382,83.09443569105407,757.3219780133323,0.6251241625632178,2.184348146235602,-0.1720583587884903,0.6866164803504944,-0.7063665986061096
6505,6505,1,0.9922631,253.9492148367746,81.85509500326116,750.9682583681442,0.641000087077629,2.0078656827571173,-0.18078553676605225,0.6496211290359497,-0.7384504079818726
6506,6506,1,0.9943494,256.90105704101563,83.20852267494168,764.2933964744893,0.6656086843756202,1.9763021084215537,-0.1979861855506897,0.6302690505981445,-0.7507079243659973
6507,6507,1,0.9947542,251.27195041324686,81.72369320806263,751.9312947917948,0.64886967124077,1.8907723320299301,-0.18436303734779358,0.6192932724952698,-0.7632077932357788
6508,6508,1,0.9939604,246.1581301060635,81.62738961595794,742.0378788494328,0.6309047686027068,1.8882025618444316,-0.1683259755373001,0.6270189881324768,-0.7606008052825928
6509,6509,1,0.992664,247.04005453658974,81.31888447024782,749.8707239990619,0.5863618303152296,2.004175249845703,-0.13814356923103333,0.655571460723877,-0.7423896789550781
6510,6510,1,0.9909871,250.42231597535934,82.97999770627551,759.9120735876812,0.5215075410574173,2.1720623062871116,-0.09905577450990677,0.6916407346725464,-0.715416669845581
6511,6511,1,0.9935282,245.04808482345697,82.04857939943565,742.8175197173904,0.48409077893183444,2.2866318450271605,-0.07023165374994278,0.7287796139717102,-0.6811371445655823
6512,6512,1,0.9949098,253.8170819302808,84.22662366245144,759.557995990463,0.43850343085002885,2.4787298111830407,-0.05211014300584793,0.7558363676071167,-0.6526836156845093
6513,6513,1,0.9910397,257.16100830403724,84.62362312399226,763.4151109881851,0.39433550118015076,2.545798552803794,-0.029965359717607498,0.7666003108024597,-0.6414250135421753
6514,6514,1,0.9933082,254.20502672658918,84.28559116590596,740.7830850605179,0.4179595390685278,2.467907312971993,-0.04082866758108139,0.7652047872543335,-0.6424909830093384
6515,6515,1,0.9932213,248.53092153990121,82.78995925881112,722.41702926487,0.46668717543506194,2.2513134044287466,-0.06455585360527039,0.7340966463088989,-0.6759694218635559
6516,6516,1,0.99500304,259.8879162543247,85.15125486632859,751.5291694694537,0.49887168996883785,2.16145853037767,-0.09700129926204681,0.693615734577179,-0.7137842178344727
6517,6517,1,0.9953055,256.01793440798735,82.7181399602631,739.9767989601825,0.597452902682703,1.9317055100926468,-0.1585925817489624,0.6404728889465332,-0.7514272332191467
6518,6518,1,0.99353856,253.28319543094995,77.99178064131237,743.6898941438394,0.6572807171268524,1.5583921753331855,-0.19816267490386963,0.5311053991317749,-0.823807418346405
6519,6519,1,0.99263424,252.57700942076372,72.23685878937442,742.1223912709125,0.694886766633886,1.2406098387227933,-0.22512207925319672,0.4281326234340668,-0.8752270936965942
6520,6520,1,0.9849022,248.60107524472141,66.63764060375836,730.2925507585209,0.7260944143400485,0.9433902298800896,-0.2446308434009552,0.32684755325317383,-0.9128671288490295
6521,6521,1,0.9868794,242.74832561889434,62.45893462978194,705.2658645671472,0.7570101474223432,0.6358751527346559,-0.2638581395149231,0.21411971747875214,-0.9404954314231873
6522,6522,1,0.9970259,256.9080790263882,61.83036450016616,738.0716163557416,0.7795781508058149,0.46078274475693753,-0.2823939919471741,0.13262097537517548,-0.9500870108604431
6523,6523,1,0.99809045,256.014445731342,59.04922292982997,730.143241631442,0.7931535893834792,0.30769023457298095,-0.2889629006385803,0.0748772919178009,-0.9544075727462769
6524,6524,1,0.99632496,258.7532277642742,57.64527927347643,737.3426072777488,0.7984871111883167,0.1788333526241258,-0.28886955976486206,0.02449823170900345,-0.9570549726486206
6525,6525,1,0.9959549,259.14194198549507,54.36010978353246,740.2172447175471,0.7769626100168576,0.040760367038982656,-0.2692250609397888,-0.024676963686943054,-0.9627611041069031
6526,6526,1,0.9961753,260.40865399466,52.12876970475389,745.3283138007592,0.7252566071557129,-0.015960644302379763,-0.2331947237253189,-0.042553890496492386,-0.9714985489845276
6527,6527,1,0.9940632,262.9512890979513,50.53916947194008,755.887421107668,0.671897733836048,-0.04767339690613125,-0.19696485996246338,-0.051149602979421616,-0.9790753722190857
6528,6528,1,0.9969723,261.68007059289454,49.25469501830353,751.9475624847258,0.6165499235926625,0.0485924295765714,-0.161822110414505,-0.011319142766296864,-0.9867550134658813
6529,6529,1,0.99682224,260.00606733356165,48.02867928046896,751.6794160042599,0.5739727644116596,0.10084072470636284,-0.13137587904930115,0.012072937563061714,-0.9912590980529785
6530,6530,1,0.99642843,250.6344071649452,44.74809367342072,729.8958152533587,0.5444480601492915,0.12203371321421563,-0.10125532001256943,0.026641253381967545,-0.9945037364959717
6531,6531,1,0.9893226,253.21670585724868,42.15853513342703,744.1695946584873,0.5056966021210393,0.18848770136552243,-0.07607292383909225,0.05802478641271591,-0.9954124689102173
6532,6532,1,0.9904193,238.31665240722836,40.02748679505768,708.86209452839,0.5665799797817123,0.19951693939671722,-0.1052815243601799,0.06713040173053741,-0.9921740293502808
6533,6533,1,0.9924952,236.62746184409298,39.108535845639125,702.2814944821039,0.6168029715932001,0.25630370912107786,-0.14368002116680145,0.09217942506074905,-0.9853218197822571
6534,6534,1,0.9938776,239.59572681640307,38.71623481979511,706.9950970213582,0.6641525796428811,0.3340808927571487,-0.1842358261346817,0.12370770424604416,-0.9750659465789795
6535,6535,1,0.995256,240.34040498755965,37.17476155305436,706.2967309320819,0.7205681318865369,0.3527900096956537,-0.22708283364772797,0.13132701814174652,-0.9649801254272461
6536,6536,1,0.9988269,249.14870989714595,35.43618455124088,724.9859028876191,0.7755467512868038,0.35921764649193283,-0.2708602249622345,0.12988434731960297,-0.9538158774375916
6537,6537,1,0.99846506,256.38982458467177,35.27580097197702,740.3026661025893,0.8330885221689612,0.36696679576227936,-0.311931312084198,0.1272536814212799,-0.9415441155433655
6538,6538,1,0.9973992,254.74797077304672,36.01273190614875,724.6876226541564,0.8746985878185208,0.34059867239586067,-0.34195607900619507,0.1160506084561348,-0.9325225353240967
6539,6539,1,0.9971992,256.0074924854717,36.543866188376406,719.3700294248647,0.894449482782301,0.34615534133350695,-0.35822299122810364,0.11718881875276566,-0.9262521266937256
6540,6540,1,0.99707067,259.6541864662732,37.15510417881225,722.9024677877691,0.9182020117274039,0.28511964923788335,-0.37362611293792725,0.09030461311340332,-0.923173189163208
6541,6541,1,0.99747026,255.50513668637794,36.115867576332654,706.9819720520799,0.940184808097317,0.22939867863376548,-0.38771942257881165,0.07035736739635468,-0.9190884232521057
6542,6542,1,0.99684024,253.43560103869723,36.06808444420036,702.9703354891908,0.9603100786206589,0.20783948268741195,-0.3985521197319031,0.06137377396225929,-0.9150898456573486
6543,6543,1,0.9964954,259.18819737207826,36.90887664551434,716.4006544574281,0.9632324743571146,0.2318094593276438,-0.401016503572464,0.06831297278404236,-0.9135201573371887
6544,6544,1,0.9967769,252.80744917333436,36.32931156833833,698.1740472383422,0.9308029228599662,0.208007060435327,-0.3824383020401001,0.06271962821483612,-0.9218499064445496
6545,6545,1,0.99657214,249.72245688117383,36.08572944836832,691.5402976890363,0.9050295148936582,0.23473916760825442,-0.3668533265590668,0.07579544931650162,-0.9271858930587769
6546,6546,1,0.99596065,254.14617428137026,36.36131035846963,706.9493082538652,0.9108592646861671,0.25828794906277286,-0.3692909777164459,0.08299697935581207,-0.9256001710891724
6547,6547,1,0.9956909,248.3650216202108,36.48260711536546,689.2405492748643,0.9080536689175391,0.2547749528578196,-0.3688930571079254,0.0836646780371666,-0.9256986975669861
6548,6548,1,0.9981324,248.902021803434,37.309438155656665,694.2340001910857,0.8924835590517245,0.247346929575549,-0.35709720849990845,0.07963831722736359,-0.9306660890579224
6549,6549,1,0.99632794,248.65111304741754,36.42531397174469,697.7524123024945,0.8909982668970918,0.2690535598484123,-0.35487067699432373,0.08950096368789673,-0.9306215643882751
6550,6550,1,0.996241,245.18869073883775,35.42953360826589,698.2882174513811,0.8935323039301158,0.22986590965752432,-0.35073187947273254,0.07473450899124146,-0.9334891438484192
6551,6551,1,0.99436617,240.35146075621188,35.58881502033263,689.688788234578,0.9092394200972802,0.18450535111083086,-0.35725685954093933,0.05605578050017357,-0.9323225021362305
6552,6552,1,0.9956364,240.63989397577996,35.17805202614958,699.2728562838014,0.9240077287964579,0.12416844416408447,-0.3602033853530884,0.030912630259990692,-0.9323614835739136
6553,6553,1,0.9982133,245.65818696333133,35.26963671099079,720.815788990304,0.9419835835522434,0.06432154275294702,-0.36484038829803467,0.006092991214245558,-0.9310501217842102
6554,6554,1,0.9985495,236.263667799612,33.16432326504803,704.8864707403123,0.9853282515290259,0.0653283841724164,-0.38733169436454773,0.008379040285944939,-0.9219023585319519
6555,6555,1,0.99402773,228.86904462429254,31.477982388258713,697.4628277218848,1.0434987305655608,0.0872157405179149,-0.41753700375556946,0.017798084765672684,-0.9084856510162354
6556,6556,1,0.99486935,219.30910911313723,30.68034858292722,684.3555999331656,1.1028301985028302,0.06212904093365649,-0.446338415145874,0.007731258869171143,-0.8948308825492859
6557,6557,1,0.995771,218.90608662686643,30.644435514368308,702.8496343270016,1.1563832728361751,0.05807615089040278,-0.4647633731365204,0.00478413375094533,-0.8854219913482666
6558,6558,1,0.99483514,219.86388210722194,30.83729002244746,715.8266215868422,1.1889550179771395,0.07523961208934792,-0.4763149619102478,0.010001801885664463,-0.8792178630828857
6559,6559,1,0.99646914,219.2589342283305,30.488689383798974,715.2568646355397,1.1978547374509427,0.12124757271215654,-0.48240187764167786,0.02707834355533123,-0.8755313754081726
6560,6560,1,0.9960517,221.09997403482475,30.138148159113474,724.7580525266449,1.2057482206373713,0.1653386014263192,-0.48476994037628174,0.04295825958251953,-0.8735860586166382
6561,6561,1,0.9960741,217.4112865841462,30.94342927488124,714.9677791270947,1.178619310927253,0.1964127789416046,-0.4739426374435425,0.05504670366644859,-0.8788334131240845
6562,6562,1,0.99573576,216.0810658822611,31.079588035187992,713.6142760788472,1.153047992617378,0.211027275490976,-0.4606279730796814,0.06153838708996773,-0.885457456111908
6563,6563,1,0.9953675,216.1200005537329,31.120826909842467,712.6416948662753,1.1126149097667102,0.22709969065631705,-0.4400959610939026,0.06941897422075272,-0.8952634334564209
6564,6564,1,0.99582857,217.82896508968486,31.24238822801921,713.5995604105409,1.0804363664013021,0.23640974423919128,-0.42395201325416565,0.07414425164461136,-0.9026446342468262
6565,6565,1,0.99784434,220.62333166541828,32.31336244948848,716.0658396776693,1.05205669545796,0.24420076582507685,-0.4100072383880615,0.07672811299562454,-0.9088491797447205
6566,6566,1,0.9970271,220.23727818408577,33.26688675333267,710.8524928274977,1.0345126363274117,0.24225928994435075,-0.40198877453804016,0.07601729035377502,-0.9124836325645447
6567,6567,1,0.9951592,218.65765762601237,32.67914018034597,707.3236580816225,1.0320977801572055,0.2146011831891806,-0.39958590269088745,0.06638369709253311,-0.9142889380455017
6568,6568,1,0.9956403,221.96304095962367,32.550638007316806,715.4355689669034,1.0338672941055378,0.20218013925023706,-0.3999349772930145,0.06087326630949974,-0.9145198464393616
6569,6569,1,0.9946713,221.79077926443287,31.885135723593198,718.7183566532698,1.0370777719618463,0.20747731147108445,-0.4001771807670593,0.0634317696094513,-0.9142399430274963
6570,6570,1,0.99651307,222.62978103920295,32.1882811642463,724.2823424238263,1.0660959919841686,0.21475316888653523,-0.4151146411895752,0.06417974084615707,-0.9075025320053101
6571,6571,1,0.9969983,218.527135961291,33.00274611728943,712.269935813776,1.0841066163306432,0.21791804471717574,-0.4268663227558136,0.06463336944580078,-0.9020019769668579
6572,6572,1,0.9975229,215.94150822872743,32.98235823146868,700.1322944113443,1.0889378378958756,0.21719330855767255,-0.4329591691493988,0.0651988610625267,-0.8990525603294373
6573,6573,1,0.99708205,218.50114653082696,32.326975813525245,714.7425806248616,1.101205765868579,0.24104160646873102,-0.43579626083374023,0.0734441876411438,-0.8970438241958618
6574,6574,1,0.9936726,221.09920973558238,33.76088847154757,723.6548599294989,1.101219290834175,0.2465624743977876,-0.43427035212516785,0.07284335047006607,-0.8978325128555298
6575,6575,1,0.9964845,223.4438099108926,34.32312838221697,730.3232704993702,1.0887481802077446,0.20155254760871497,-0.42513182759284973,0.0550931878387928,-0.9034531712532043
6576,6576,1,0.99453294,221.34950269769328,33.423328698783706,717.7759312989291,1.0700850433610634,0.1368413339273429,-0.41635406017303467,0.03309230878949165,-0.9086000919342041
6577,6577,1,0.99205774,221.19344358348872,32.64105853559147,713.9899393695044,1.0394630333150912,0.0967650167538314,-0.3990328907966614,0.019786139950156212,-0.9167231321334839
6578,6578,1,0.9950027,233.25551690404436,35.42783338742794,738.8559071681761,1.009787312926154,0.08680250007151408,-0.3833116888999939,0.012612290680408478,-0.9235329627990723
6579,6579,1,0.99359185,227.01833946774536,36.181849251958006,714.0783148234832,0.9651206509905036,0.08179669987132578,-0.3610350787639618,0.011253386735916138,-0.9324843883514404
6580,6580,1,0.9942311,224.38339691027076,33.31709325988333,704.743898644172,0.9183900161519158,0.16578194634886792,-0.33607643842697144,0.05054536461830139,-0.9404774904251099
6581,6581,1,0.9931384,225.19275342661365,34.08744853378196,704.4239551940931,0.8748212144494137,0.3044866281815669,-0.31322795152664185,0.10840881615877151,-0.9434701204299927
6582,6582,1,0.99609095,230.14372789652137,35.732992563597975,715.7830638915669,0.8452823236234385,0.4745658559521818,-0.29928839206695557,0.17565998435020447,-0.9378539323806763
6583,6583,1,0.99769163,239.02263219389656,44.46025796734826,741.4384590104356,0.8147021253144108,0.7444700635783003,-0.28488385677337646,0.2664044499397278,-0.9207984805107117
6584,6584,1,0.99715,247.68014594071613,57.85612696607251,763.7688977219983,0.78161895326738,1.0604523741015488,-0.26881903409957886,0.36208584904670715,-0.8925414085388184
6585,6585,1,0.99506265,247.0196525420341,66.83122985600704,760.7383298887288,0.7714255194081716,1.313484326088878,-0.261881560087204,0.4427359104156494,-0.8575564026832581
6586,6586,1,0.99621445,250.5689773205875,73.53743607770019,770.1491241536131,0.7619018073009634,1.5704265152187864,-0.25487345457077026,0.5136618614196777,-0.8192625045776367
6587,6587,1,0.9953543,253.25689477352967,77.07948111428124,774.5784428943775,0.7405045396555782,1.7301675569705832,-0.24137531220912933,0.5566495060920715,-0.7949084043502808
6588,6588,1,0.99471223,248.21371309741016,76.98358789243161,760.6404284238124,0.7305085005458992,1.7820303857327213,-0.23150859773159027,0.5807714462280273,-0.7804539799690247
6589,6589,1,0.9953713,248.26044031516298,77.19232530819205,758.859720543659,0.7315964762827329,1.8292097178014273,-0.23166225850582123,0.5942477583885193,-0.770196259021759
6590,6590,1,0.99671906,246.2961807220713,77.71671185087301,747.2498708667868,0.7183446099487313,1.8976682146914003,-0.22221176326274872,0.6202538013458252,-0.7522680759429932
6591,6591,1,0.9960674,241.91382922417333,77.44227474472767,731.3047815911492,0.7166473201014366,1.939387491132266,-0.21819467842578888,0.6412717700004578,-0.735636830329895
6592,6592,1,0.9951207,254.9748915726398,79.94383904677962,763.6345789432075,0.6927224973979486,2.0626775627637195,-0.2100449502468109,0.6512408256530762,-0.7292232513427734
6593,6593,1,0.9947061,255.84059378196852,80.40562437133282,761.6969048266338,0.6824976576036397,2.062142694470034,-0.20531706511974335,0.6528498530387878,-0.7291310429573059
6594,6594,1,0.9942325,255.6063398882774,80.42081478891099,754.7846188002344,0.6656411205179261,2.0077263077134897,-0.1971513032913208,0.6456365585327148,-0.7377566695213318
6595,6595,1,0.9944946,255.84197956515823,79.75508770104857,750.884662993196,0.6559794894126612,1.948688910833945,-0.1931728720664978,0.6348009705543518,-0.7481390833854675
6596,6596,1,0.9946241,248.004622967479,76.85568949868444,725.4640445132763,0.659614926429382,1.8663064691947466,-0.19175313413143158,0.6318079829216003,-0.751032292842865
6597,6597,1,0.99510455,253.65240096478678,77.3880762883176,740.297183748898,0.6594619628208912,1.8803451377755436,-0.195606529712677,0.6253288388252258,-0.7554482221603394
6598,6598,1,0.9952335,253.7448194010457,77.65624870935176,736.6187698475101,0.6479547096786664,1.8693302184234457,-0.18926523625850677,0.6256229281425476,-0.7568188309669495
6599,6599,1,0.99597734,253.1297379656702,77.83086029868576,737.0225040138522,0.6305107406464472,1.8993966937195126,-0.17672109603881836,0.6348916292190552,-0.7521185874938965
6600,6600,1,0.9949372,261.8654344524664,80.30375850265237,761.7293753277557,0.6045411420039447,1.9961536299992062,-0.16565771400928497,0.6439601182937622,-0.7469088435173035
6601,6601,1,0.9948879,263.20291604874654,81.28867991977324,766.4159366344333,0.5902195716404042,2.0146085705024563,-0.15749491751194,0.6461270451545715,-0.746803343296051
6602,6602,1,0.9931479,256.43215596939007,79.8704030496159,748.574639026789,0.5950604065337085,2.017399825777818,-0.1548011302947998,0.6586939096450806,-0.7363144159317017
6603,6603,1,0.9932777,259.7131779176372,81.79000969280665,764.0584661085846,0.5952020033962441,2.1344453235280505,-0.15524421632289886,0.6750802397727966,-0.7212253212928772
6604,6604,1,0.9922125,250.9166321156807,80.51672526780521,742.2908344475445,0.6068763005941096,2.1359139639086067,-0.15489079058170319,0.6889767646789551,-0.7080395221710205
6605,6605,1,0.9946544,260.3434982546325,82.46086309170494,772.5425780887746,0.6078654650127807,2.322591152455299,-0.15961235761642456,0.7085360288619995,-0.6873868107795715
6606,6606,1,0.9933515,255.57363524909184,82.64984152836193,764.0148239430545,0.628744073139861,2.376459624446542,-0.16667722165584564,0.7224298119544983,-0.6710543632507324
6607,6607,1,0.9945095,258.0343722905542,83.9197458665833,771.9393223765347,0.633866833147716,2.415760459103502,-0.1707320511341095,0.724108099937439,-0.6682201027870178
6608,6608,1,0.99440813,248.9584407230974,81.85314212426616,746.7031503567027,0.6618268932803022,2.34707031361697,-0.18149682879447937,0.7245270609855652,-0.6649206876754761
6609,6609,1,0.9945529,252.57689183372068,83.20733748731742,758.6852956997176,0.6489332604840341,2.33647195002129,-0.17672203481197357,0.715814471244812,-0.6755582690238953
6610,6610,1,0.99385,259.71213955054196,82.10960210304476,778.5676621599865,0.6274679146622996,2.294100454684889,-0.17003029584884644,0.6979954838752747,-0.6956234574317932
6611,6611,1,0.9940215,267.7498284213725,84.24638027719554,802.809465598881,0.6190176985316681,2.2778809244959013,-0.1712084263563156,0.6798514723777771,-0.7130846381187439
6612,6612,1,0.99363565,255.3034847661622,82.33618111472181,767.7055805548526,0.6434880705367496,2.072735732122935,-0.18014661967754364,0.6546307802200317,-0.734170138835907
6613,6613,1,0.9918542,253.30972588420263,82.78231586584765,763.0713952006531,0.6654897819061432,1.9719220511278248,-0.19396772980690002,0.6307404637336731,-0.7513607740402222
6614,6614,1,0.99180603,248.44969095828063,80.82047885484235,751.8677722348322,0.6870120681664377,1.8798022419654388,-0.20515859127044678,0.6136627197265625,-0.7624487280845642
6615,6615,1,0.99294645,253.15967648425217,81.6505872201656,763.3238514278731,0.6965030750874821,1.901393918273125,-0.21404819190502167,0.6103106141090393,-0.7626954913139343
6616,6616,1,0.993103,255.08771148787378,82.70821166024864,773.5673836724708,0.7357600941644109,1.9077686171898354,-0.2379903346300125,0.6007447242736816,-0.7631948590278625
6617,6617,1,0.9954833,256.6722163860332,83.27489822261228,780.6491825677007,0.7976636778144705,1.9013437169222789,-0.2747659683227539,0.5871724486351013,-0.7614014744758606
6618,6618,1,0.99527776,252.47240374798216,82.55101859630416,770.5693858005794,0.8411577259515893,1.912845713735686,-0.29723700881004333,0.5912564396858215,-0.7497106194496155
6619,6619,1,0.99564856,271.47645199124076,82.18450536873978,837.8543266669104,0.9041785024574118,2.069485275847373,-0.3276039659976959,0.5845032334327698,-0.7423150539398193
6620,6620,1,0.98684585,262.220647713949,82.1281751978545,823.4430344080616,0.8739124581803662,2.0548505710452694,-0.30713582038879395,0.5936853885650635,-0.7437777519226074
6621,6621,1,0.9856346,247.69628315361228,82.54349164120286,786.8563134051177,0.8430418363239212,2.04065513206576,-0.28513339161872864,0.6151671409606934,-0.7350294589996338
6622,6622,1,0.9865231,248.86669358062878,84.71978270664813,797.8075223728289,0.8511729755600342,2.0914859906245584,-0.2870766818523407,0.6187660694122314,-0.7312425374984741
6623,6623,1,0.98309636,255.588918207494,86.1118492420875,828.514211517312,0.8810617877000876,2.291370768422031,-0.2963380217552185,0.6418867111206055,-0.707223653793335
6624,6624,1,0.9831073,249.2331733919325,83.7873673876313,811.727807144775,0.8801149940070226,2.2880026392690818,-0.2930166721343994,0.6521633267402649,-0.6991597414016724
6625,6625,1,0.97677124,265.0578525387497,89.95494206851528,871.0386945171537,0.8850251940124083,2.439530025474296,-0.29402241110801697,0.647551953792572,-0.703013002872467
6626,6626,1,0.97114545,249.27485217866493,85.3232536320548,820.9720641040566,0.8734742897144236,2.3000220764634616,-0.2875140905380249,0.6500529050827026,-0.7033966183662415
6627,6627,1,0.9732379,237.43855781166334,86.37610991734931,781.2720206709811,0.8668660179921994,2.2219743130772844,-0.2836788594722748,0.6558561325073242,-0.6995563507080078
6628,6628,1,0.9785412,243.44729122257885,85.17488974748707,803.1097200873706,0.8756044076340443,2.3169026241836197,-0.28612014651298523,0.6633235812187195,-0.6914746165275574
6629,6629,1,0.9840396,253.3711216811142,88.69591644615258,830.5768649352385,0.8665921106736295,2.4181871524047467,-0.28270044922828674,0.6674599647521973,-0.6888960003852844
6630,6630,1,0.98304534,252.12475991567968,90.39045860205492,825.3450421614007,0.8099979279978973,2.3534684190107207,-0.25560352206230164,0.662959635257721,-0.7036699652671814
6631,6631,1,0.9885731,244.56343694664795,88.0871751242447,795.6819467554491,0.7541376722656398,2.1603614096451764,-0.22755230963230133,0.6457213759422302,-0.7288784980773926
6632,6632,1,0.99047583,265.5189494389217,89.0118082398338,864.4188404168303,0.6534124231972896,2.3203364272845644,-0.179426372051239,0.6508693695068359,-0.7376823425292969
6633,6633,1,0.99204516,258.2573178470016,87.92480505374202,827.164242694094,0.579405388496734,2.2123453972382863,-0.13625426590442657,0.6545908451080322,-0.7436031103134155
6634,6634,1,0.9941195,245.99908197530223,82.66700967592266,773.5123674848954,0.5222591948341525,2.0691197283500964,-0.09349073469638824,0.6607725024223328,-0.7447410821914673
6635,6635,1,0.99424535,246.3548310187322,81.94205218436745,756.1782073054209,0.42849709526567303,2.0702106454772795,-0.03509614244103432,0.6765564680099487,-0.7355539798736572
6636,6636,1,0.99605465,249.16773662602262,81.10729709861398,749.5752602062616,0.3807235328356087,1.9615949385566678,-0.006254673935472965,0.6565333008766174,-0.7542711496353149
6637,6637,1,0.99364036,251.92420244119273,81.50702863702166,747.7881807556604,0.3744938167445029,1.8694642865283424,-0.00430519413203001,0.6338981986045837,-0.773404598236084
6638,6638,1,0.9943867,252.33065569710774,79.75698362244584,743.0165643184763,0.4475914037711185,1.7871098944511379,-0.05383129045367241,0.6132872104644775,-0.7880234718322754
6639,6639,1,0.9957782,246.4466277923763,74.34953333704017,728.4983752702266,0.5510380332007333,1.5552120850632922,-0.11857517808675766,0.5526869893074036,-0.8249103426933289
6640,6640,1,0.99161726,242.60116929155183,67.70145684954478,723.1888079929901,0.6531946259725459,1.3159549717309835,-0.18682308495044708,0.4750008285045624,-0.8599252104759216
6641,6641,1,0.98456913,240.77569090651397,61.96730304718383,720.0155201445887,0.7181839803383724,1.0711442666872213,-0.23132829368114471,0.38802769780158997,-0.8921444416046143
6642,6642,1,0.98944384,240.45519998780614,57.499677971281976,715.8091650279174,0.7433066448660421,0.8839332992213204,-0.24923405051231384,0.3203302025794983,-0.9139316082000732
6643,6643,1,0.99568224,241.56979374613925,55.50097136795868,714.1562058946533,0.7738764266981344,0.7114522843309975,-0.271229088306427,0.25105446577072144,-0.9291966557502747
6644,6644,1,0.99427336,239.41591877892483,54.795138504466955,700.3774510982006,0.7758798144784872,0.5673566352938648,-0.2727942168712616,0.19603843986988068,-0.941887617111206
6645,6645,1,0.99364895,252.1338608879682,55.56382296691217,730.3403193606197,0.7681834179898935,0.4655720128884688,-0.27129194140434265,0.14531658589839935,-0.9514639973640442
6646,6646,1,0.9956839,254.8581429803188,56.43228234189389,732.6406435806448,0.7598492879500288,0.3758635417084646,-0.26623207330703735,0.1073739230632782,-0.957909882068634
6647,6647,1,0.99530965,263.3246301627195,58.48491073580993,750.2124399101899,0.7624194250441241,0.32415496661517035,-0.2711274027824402,0.08123495429754257,-0.959109365940094
6648,6648,1,0.9937309,267.18441120380663,60.15278725108296,753.785268013051,0.7665778358996145,0.25256685943720614,-0.2752333879470825,0.05025331303477287,-0.960063099861145
6649,6649,1,0.99134856,272.39738506000276,62.60100372922472,759.7974248170343,0.77283658080086,0.2136364866161451,-0.28221550583839417,0.03131498396396637,-0.9588398337364197
6650,6650,1,0.98955524,262.68082131363536,62.46642450235306,722.8931048703762,0.7935192883884377,0.1208412338517014,-0.2937973141670227,-0.004753922112286091,-0.9558558464050293
6651,6651,1,0.9938519,258.75800206717105,63.2890991039724,705.177090852415,0.8062572614103883,0.09791481862261937,-0.3032447099685669,-0.01562974974513054,-0.9527845978736877
6652,6652,1,0.99114543,265.30891661152936,65.13829501194901,717.7771811198598,0.8226548472515229,0.1324364215909125,-0.3183783292770386,-0.004446577746421099,-0.9479533433914185
6653,6653,1,0.9910062,262.66506150175184,64.70681967624414,717.9937112822794,0.8291635848570096,0.13701837432195396,-0.3194112181663513,-0.0021826238371431828,-0.9476136565208435
6654,6654,1,0.9929762,263.4912327650483,66.42763996656196,724.3624436099213,0.8352125123356673,0.09868701871765187,-0.3200313150882721,-0.019685514271259308,-0.9472024440765381
6655,6655,1,0.9924791,266.68160992305076,66.76399918347768,734.150433526674,0.8458879015121705,0.06900942858356036,-0.32522809505462646,-0.03145728260278702,-0.9451122283935547
6656,6656,1,0.9942477,269.64154583064817,67.37045558260922,741.6961770321227,0.8516567379569046,0.029890238150690335,-0.3274199664592743,-0.04675501957535744,-0.9437214136123657
6657,6657,1,0.99509615,265.01017754268855,67.00862489189166,730.7172049798297,0.8712593633707302,0.10084055779693399,-0.3416364789009094,-0.02008991315960884,-0.9396174550056458
6658,6658,1,0.99540097,264.00101934474964,68.75882585797571,732.851921242645,0.8944198009649675,0.050949430808031035,-0.35125917196273804,-0.0416775718331337,-0.9353501796722412
6659,6659,1,0.99644333,257.7174231525277,68.8724896667386,722.0708220254697,0.9037581428798502,0.02467326227346162,-0.35304343700408936,-0.052648745477199554,-0.9341244697570801
6660,6660,1,0.9957064,247.59980457146813,69.02373162636762,698.4832178138821,0.9401229543676031,0.0628667804183092,-0.3758837580680847,-0.04001660645008087,-0.9258024096488953
6661,6661,1,0.99266887,245.3981729259115,70.03103316353135,696.425285689566,0.9459378604465934,0.1665727667535034,-0.38275280594825745,-0.00037882558535784483,-0.9238507151603699
6662,6662,1,0.9937243,246.54086541751818,68.70599162529057,702.4135946936991,0.9251928905533708,0.265715041763746,-0.3725780248641968,0.04186639189720154,-0.9270560145378113
6663,6663,1,0.9960194,246.9800851495984,66.27446261919887,705.8397842490363,0.937707446075637,0.3001168720911837,-0.38036200404167175,0.05839163064956665,-0.922992467880249
6664,6664,1,0.99458224,251.12434248894968,66.57771398664836,718.4582985700584,0.9186060629184212,0.38803361949785514,-0.370469331741333,0.09282107651233673,-0.9241951107978821
6665,6665,1,0.993061,247.23346081011536,65.21268576052621,705.2434152392302,0.8871226462164804,0.4534110832136178,-0.35397469997406006,0.12499566376209259,-0.9268646240234375
6666,6666,1,0.99367934,249.4885689028251,66.22520091193961,717.0499015783244,0.8685765084833931,0.530417431163829,-0.341444730758667,0.1540471911430359,-0.927191972732544
6667,6667,1,0.99283844,248.3261559062032,67.3181842882006,714.6527456037235,0.8388074679533659,0.7100561071710186,-0.32470712065696716,0.22863362729549408,-0.9177646636962891
6668,6668,1,0.9942644,256.7206904988891,69.68296182154033,739.6008050669865,0.809395637973378,0.9730080668106511,-0.3076750636100769,0.3219440281391144,-0.895370364189148
6669,6669,1,0.9908494,256.0111127845626,69.04735319849772,745.5885057742494,0.7601165052923824,1.2463129337592833,-0.27119022607803345,0.4247090816497803,-0.8637580871582031
6670,6670,1,0.9938368,247.66910731498544,66.38184791237869,724.130629807289,0.6970547043238792,1.4920988268705924,-0.221330463886261,0.5292731523513794,-0.8190743327140808
6671,6671,1,0.9926721,245.94476928372464,65.55397894865263,721.4164723341402,0.678467184376271,1.6960593067678955,-0.20376911759376526,0.5952495336532593,-0.7772748470306396
6672,6672,1,0.9935169,247.34468176446308,65.20091140544672,726.3729651201628,0.6715926863696442,1.7289618624728897,-0.19932910799980164,0.6023141145706177,-0.7729719877243042
6673,6673,1,0.9938425,245.58944607452767,65.8146737926727,721.9445710383376,0.6690735017057302,1.7870821579288017,-0.19538992643356323,0.6209052205085754,-0.7591439485549927
6674,6674,1,0.9955048,250.0053216028598,69.72399616284997,733.3269620505304,0.6320677424640597,1.8640656419735426,-0.17395558953285217,0.6344056129455566,-0.7531726360321045
6675,6675,1,0.9945094,247.6956458967452,72.51259708407004,725.4184142252246,0.6445144638817821,1.9739774481685772,-0.17894786596298218,0.6637061834335327,-0.7262725234031677
6676,6676,1,0.9930419,249.51212998381595,76.53859135641693,727.491114938663,0.6427126592475472,2.2202312584629946,-0.17531032860279083,0.7148628234863281,-0.6769323945045471
6677,6677,1,0.9970829,265.2847049781547,84.88373335229826,766.8442153588659,0.6455129798730749,2.6219674466100846,-0.1812930405139923,0.7604132890701294,-0.6236221194267273
6678,6678,1,0.9947976,264.9544306715381,87.88566162294039,763.1365403522736,0.6676929387511636,2.8254758536265063,-0.18874956667423248,0.7899938821792603,-0.5833380818367004
6679,6679,1,0.9948683,274.0301124790717,91.5523606163024,778.688433530625,0.7132976227520187,3.0247769947441863,-0.21394363045692444,0.8024709224700928,-0.5570175647735596
6680,6680,1,0.9953185,275.4862258033146,93.41497313990453,775.8447243315705,0.7171064054854529,3.069921057657078,-0.21641843020915985,0.8081379532814026,-0.5477921366691589
6681,6681,1,0.99586654,281.3619442675158,93.97107451177023,785.3641836743503,0.6938989429346004,3.1306847058962295,-0.20765359699726105,0.8127123713493347,-0.5444066524505615
6682,6682,1,0.99577636,281.7052989818098,96.17336236791435,774.3617877872915,0.6425120839985333,3.207208158470382,-0.18219980597496033,0.8303501009941101,-0.5266136527061462
6683,6683,1,0.9960712,283.78756437110604,95.87619394681845,780.548307946321,0.5892571364536855,3.439032788112163,-0.15263189375400543,0.8559537529945374,-0.4940107762813568
6684,6684,1,0.9961182,294.7502459821743,98.15400586368035,805.476326130795,0.5312380227831743,3.5969330250423144,-0.13116540014743805,0.8632331490516663,-0.4874671697616577
6685,6685,1,0.99574536,293.2881141018831,97.24685715644596,800.8069171905864,0.524057049113944,3.548765422890198,-0.12748801708221436,0.8614800572395325,-0.49152716994285583
6686,6686,1,0.9955413,289.6050953939911,97.41115880328925,790.6088322782639,0.543215318553714,3.360648692790538,-0.13683459162712097,0.8465316295623779,-0.5144516825675964
6687,6687,1,0.99498016,284.1103292600264,96.29046111199962,780.2324235112515,0.5772880779273986,3.1550023847737725,-0.1528213918209076,0.8269936442375183,-0.5410426259040833
6688,6688,1,0.9950617,284.63864652115416,94.71648252535317,785.0517276200844,0.6121746489981353,3.146218354824332,-0.1702798753976822,0.8214733600616455,-0.544230043888092
6689,6689,1,0.99523085,283.14165349211197,94.37943857888355,792.7560451299651,0.6379206011529902,3.301835390501567,-0.17705455422401428,0.833878755569458,-0.522779107093811
6690,6690,1,0.9947719,284.4973726868295,96.52274838728397,803.5702534113443,0.6584314678987543,3.4938464303354535,-0.1824883073568344,0.8466908931732178,-0.4998125433921814
6691,6691,1,0.99507,273.9813876918976,95.32880271591455,779.8518189186434,0.6533391261209887,3.529857035207762,-0.17187267541885376,0.8609978556632996,-0.4786882698535919
6692,6692,1,0.9953551,281.6713632404319,97.02577875121432,807.689310220643,0.6058511407007697,3.7162065028898437,-0.1513291597366333,0.8692775964736938,-0.4705910384654999
6693,6693,1,0.9944155,282.63966348096096,95.80721926122618,811.4883451009797,0.5794330684660487,3.681568405218153,-0.14066745340824127,0.8669894933700562,-0.47806063294410706
6694,6694,1,0.9946937,259.4344476979971,89.5587181598549,754.2880903285953,0.5817327861771389,3.3086327726841502,-0.13017641007900238,0.8586013317108154,-0.4958406686782837
6695,6695,1,0.99311996,256.0546944881682,88.05169719914045,748.7112903837832,0.578479940066162,3.1925876699054228,-0.1273893266916275,0.8501228094100952,-0.5109434723854065
6696,6696,1,0.99218446,256.97188057397426,87.32096678495274,758.4812745568038,0.56253609142172,3.0798399848145412,-0.12106025964021683,0.8346483707427979,-0.5373141169548035
6697,6697,1,0.9918459,257.28486199219725,87.36981569933126,766.2924861709904,0.5460311105958866,3.0535014890373806,-0.11265355348587036,0.8290806412696838,-0.5476627349853516
6698,6698,1,0.99255484,267.32683216021115,91.87237913584907,802.9120991985454,0.5301518923860209,3.22080379414674,-0.11056224256753922,0.8310146927833557,-0.545151948928833
6699,6699,1,0.99070483,259.9833038047679,89.9198053548924,787.9642163413928,0.5443752869925127,3.1222065604622755,-0.11254178732633591,0.8265869617462158,-0.5514420866966248
6700,6700,1,0.98993134,266.169672560052,92.85753457556326,807.6739567565651,0.5407026296169989,3.208908345936233,-0.11464241147041321,0.8268056511878967,-0.5506809949874878
6701,6701,1,0.992331,257.66884816652583,90.6324495146024,782.6239206782849,0.5687793165800785,3.0908067319221666,-0.12354110926389694,0.8236823081970215,-0.5534303188323975
6702,6702,1,0.9893332,260.50889714328304,90.7281647505341,789.9751406812785,0.5761382824975564,3.0490282276663154,-0.13012824952602386,0.8144565224647522,-0.56544429063797
6703,6703,1,0.9905696,253.68696609000804,89.80661721606509,773.1071630830447,0.6122549146846875,3.0256214609536958,-0.14362570643424988,0.8176254630088806,-0.5575485229492188
6704,6704,1,0.9927625,262.0186235951303,90.95930152359774,794.4085095447377,0.6177895236282404,3.116240134005405,-0.15118977427482605,0.8174461126327515,-0.5558089017868042
6705,6705,1,0.9908303,260.1559939329806,90.71181325781932,781.7674457297929,0.6425938309140554,3.0744506606706623,-0.16374702751636505,0.8162714242935181,-0.5539746880531311
6706,6706,1,0.99236065,264.066146013634,90.64923187419424,790.3120968185971,0.6512571887056696,3.207896973505535,-0.1680290400981903,0.8270771503448486,-0.5363857746124268
6707,6707,1,0.99233305,263.8012557683493,91.04353586569744,781.563733801418,0.6633125781438359,3.3259309552841554,-0.17168110609054565,0.8423240780830383,-0.5108970403671265
6708,6708,1,0.9939726,272.4530194164733,91.85999985518889,808.496128433621,0.649997284530841,3.7337827366122784,-0.16210047900676727,0.869434118270874,-0.4666988253593445
6709,6709,1,0.9935807,262.36534185045093,91.46223296207715,771.1082634039168,0.6538153226636999,3.9633987234093193,-0.15287581086158752,0.8991495370864868,-0.41007211804389954
6710,6710,1,0.99262017,257.01827845414806,92.41300949344173,750.9065298442323,0.6154176050975123,4.206670023956384,-0.12911942601203918,0.9216708540916443,-0.3658565580844879
6711,6711,1,0.99283314,265.49224453883784,92.76210813550561,773.8576225556475,0.5197235818654168,4.63654063541801,-0.0916236862540245,0.939034640789032,-0.33138948678970337
6712,6712,1,0.99025613,256.39729463590925,92.38332496366206,744.4188142008069,0.4675347416726144,4.648847618109907,-0.06544990092515945,0.9482797384262085,-0.310615211725235
6713,6713,1,0.99244046,276.9754136077177,97.66840110096098,803.373183553386,0.37681787569878994,4.992234718362296,-0.044988956302404404,0.9486527442932129,-0.3131037950515747
6714,6714,1,0.9923639,273.21975105292626,95.40150768027625,793.8130998992983,0.38128318848340303,4.492394047265687,-0.0439009964466095,0.9319278001785278,-0.35997670888900757
6715,6715,1,0.99395084,264.20661644461325,89.79522818711105,761.0104059234792,0.4330409188787991,3.3981557317784317,-0.060150645673274994,0.8716606497764587,-0.48640474677085876
6716,6716,1,0.99065536,260.8323790647126,84.10343267122397,762.84980207232,0.6377223984988672,2.3151916342583507,-0.1792818009853363,0.708665132522583,-0.6823868155479431
6717,6717,1,0.9961541,241.42217813781727,72.33891067464964,717.5884998184487,0.6953676025401788,1.3783761624231194,-0.2161436527967453,0.49075397849082947,-0.8440630435943604
6718,6718,1,0.98812497,245.76644279503867,66.98423429154124,741.2654496557119,0.7344381671056597,0.9395701182952724,-0.2432975023984909,0.32002854347229004,-0.915635347366333
6719,6719,1,0.97533435,254.9155636677605,64.18017818195324,773.3973564120207,0.7589682343057523,0.6344094345363148,-0.2577875256538391,0.19220158457756042,-0.9468918442726135
6720,6720,1,0.9802382,237.81581326259388,60.311442824320864,717.0814075260151,0.79174150815487,0.4629103190626853,-0.27377817034721375,0.1396878957748413,-0.9515948295593262
6721,6721,1,0.98475444,249.66137514686554,61.86610128270117,738.0041651577876,0.8024557121212936,0.4167367058151242,-0.2873157262802124,0.11397919803857803,-0.9510301947593689
6722,6722,1,0.98783606,253.43102622541792,61.075304823436966,733.9534858034812,0.7885445384012443,0.43456718263027816,-0.28479865193367004,0.12341134250164032,-0.9506099820137024
6723,6723,1,0.98942435,254.3922110869038,61.31178100995621,725.2642520088202,0.7617709700290081,0.48307512141090586,-0.2723945677280426,0.14588692784309387,-0.9510616064071655
6724,6724,1,0.9847611,248.53302474122586,60.224177349112686,716.5719527597735,0.7575738966101853,0.6068679847874159,-0.2672836184501648,0.20136508345603943,-0.9423436522483826
6725,6725,1,0.99176484,251.06290377872634,65.873238485481,733.0130370475623,0.7314112316700122,0.8639039235000419,-0.25022947788238525,0.2947760224342346,-0.9222213625907898
6726,6726,1,0.99522394,255.71413857486257,71.76555909404168,750.5549678489359,0.7031576519974118,1.247324292376968,-0.23230597376823425,0.4255669116973877,-0.874600887298584
6727,6727,1,0.995214,247.9471998728743,75.8745560404616,730.2448703537488,0.6796726129195118,1.6086188152735825,-0.20829035341739655,0.5548123717308044,-0.8054802417755127
6728,6728,1,0.99404365,253.5077405991756,81.85786462573799,748.9736744839282,0.6427829220475302,2.1643254454098853,-0.178757905960083,0.6867747902870178,-0.7045466303825378
6729,6729,1,0.9968822,260.1724419323666,86.41052405623238,774.9498333795003,0.6193712438839843,2.634990504716984,-0.16058886051177979,0.7607995867729187,-0.628804624080658
6730,6730,1,0.99471456,265.920554441364,89.25867053308998,790.7060805505917,0.5910969908761151,3.040605909996516,-0.14289158582687378,0.8119012713432312,-0.5660374164581299
6731,6731,1,0.99461126,260.73962477076947,89.38236200947,778.9544189144873,0.5772560672992525,3.296493941762116,-0.12784013152122498,0.8475640416145325,-0.5150651335716248
6732,6732,1,0.99286413,269.3754704917019,92.04121185154968,806.772999528463,0.5384430622805841,3.73564283738856,-0.11030581593513489,0.8775094747543335,-0.46670088171958923
6733,6733,1,0.99399865,257.3251515440339,90.3505735500025,773.6744093100906,0.5197306308095541,4.024132492708724,-0.09039373695850372,0.9102118611335754,-0.4041575491428375
6734,6734,1,0.9943346,258.48379834796486,90.67959433268254,778.9035395508237,0.4568441672950594,4.514835734019145,-0.06267473101615906,0.9356163740158081,-0.3474102020263672
6735,6735,1,0.9956514,266.5042396199104,93.60608841901656,804.3845269374057,0.39139179633548155,5.0991141962828745,-0.04303980618715286,0.9520865082740784,-0.30278515815734863
6736,6736,1,0.996788,269.2350070023243,94.36845223785132,803.8611281101738,0.337686769022403,5.253617797107666,-0.026437951251864433,0.957366406917572,-0.2876640558242798
6737,6737,1,0.99582845,254.93089939993465,92.40623421137268,761.5342714288289,0.3994055935482241,4.914138908747366,-0.03825249522924423,0.9550172686576843,-0.29407280683517456
6738,6738,1,0.99472517,261.26558769085,94.3006244592255,780.353374057881,0.44733905085541503,4.815044453916519,-0.06031467020511627,0.9466033577919006,-0.31670841574668884
6739,6739,1,0.99515027,266.12923460171487,96.76516061491719,795.637996583871,0.5107007867705389,4.598539515975305,-0.08869532495737076,0.9323718547821045,-0.35045087337493896
6740,6740,1,0.9931069,262.26659125091027,96.11110436934763,783.5253229762247,0.5781401079706132,4.2673559087152455,-0.11617796123027802,0.9171241521835327,-0.38129520416259766
6741,6741,1,0.9916386,274.4456791508248,100.03978653768259,820.770412250768,0.6262985395216236,4.153784117177145,-0.14571590721607208,0.8955888152122498,-0.42034226655960083
6742,6742,1,0.98971856,268.8774153191735,97.65872363785978,807.639999914753,0.7016806146713926,3.9385855783007626,-0.1774756908416748,0.8808678984642029,-0.43883275985717773
6743,6743,1,0.9911901,272.20026324673603,100.55286241238724,814.8342238847152,0.7425753671900828,3.976501744059354,-0.19599664211273193,0.877152144908905,-0.4383942186832428
6744,6744,1,0.98876685,266.4625397812475,98.2419472460761,801.8758995133741,0.8088584102527845,3.9685024150884343,-0.21955229341983795,0.8760850429534912,-0.4292689561843872
6745,6745,1,0.9814232,272.31389891778497,97.60961869653272,824.7343596740308,0.9014570353276619,4.108244499155588,-0.2538657486438751,0.8698074817657471,-0.4230687618255615
6746,6746,1,0.9848193,273.1609960354713,98.5177849810511,834.1030593326469,0.9968556846294997,4.063599220637796,-0.2916627526283264,0.8535490036010742,-0.43172556161880493
6747,6747,1,0.99265033,276.70530573843325,101.08888372531167,854.9630344286276,1.1072551237334913,3.74119431904716,-0.3480105400085449,0.8045005202293396,-0.4813186824321747
6748,6748,1,0.9869719,268.4288087336211,98.42914690651317,844.4730344983335,1.1616241579533837,3.018217721714247,-0.4009547233581543,0.7150038480758667,-0.5727171301841736
6749,6749,1,0.9829769,270.38911163388775,98.532301476562,858.5880905282411,1.306556674600913,2.4872190396473473,-0.4831346273422241,0.5958915948867798,-0.6414781808853149
6750,6750,1,0.9842769,266.6977533283106,98.44012699273664,855.4874198657723,1.4146074331076577,1.908088434585383,-0.5475863814353943,0.4551323652267456,-0.7021423578262329
6751,6751,1,0.9727634,278.27192484261894,104.43806774433521,894.519745646218,1.3804930584068,1.5486423131547655,-0.540019690990448,0.35045644640922546,-0.7652182579040527
6752,6752,1,0.9843156,266.86781318244033,104.75233547283729,862.8482435143255,1.4002574001329082,1.2701048296329132,-0.5567759275436401,0.2815082371234894,-0.7815073132514954
6753,6753,1,0.98141676,272.92533389085594,103.79607269875895,887.4639107493082,1.2490978756387834,1.497619602298574,-0.4897317886352539,0.3552892506122589,-0.7961986660957336
6754,6754,1,0.98537004,265.8967212568953,101.88173728774125,861.766516358122,0.9630659729509689,1.9659059816209252,-0.352266401052475,0.5276076793670654,-0.7730062007904053
6755,6755,1,0.98420185,264.86850393764803,99.4502182869233,859.6553321505789,0.7019638622245705,2.5584570260606196,-0.20225311815738678,0.6901712417602539,-0.6948074102401733
6756,6756,1,0.96473855,269.2267551585249,101.09664698933,858.7566695743499,0.48164565369267665,3.247085394423972,-0.08616659790277481,0.8096006512641907,-0.5806221961975098
6757,6757,1,0.97766316,269.7473761461953,99.00870568525086,849.19608909747,0.3855010193871246,3.64616925165295,-0.041092146188020706,0.859197199344635,-0.5099918246269226
6758,6758,1,0.9799912,253.55417396445117,91.94642089602316,787.8657323566775,0.46502854410934685,3.7218809151883767,-0.06444329768419266,0.8874013423919678,-0.45647117495536804
6759,6759,1,0.9878098,247.61065838778833,88.83951258994921,760.2576406214963,0.5534766751248427,3.686117028827751,-0.10073360055685043,0.8914428353309631,-0.4417945444583893
6760,6760,1,0.98535985,245.73001217210867,90.20625077424143,741.5954342806922,0.645944118412341,3.6103850776757827,-0.1439548283815384,0.8865463137626648,-0.43967336416244507
6761,6761,1,0.9903009,239.70326443942267,89.86320788840094,720.5741463499147,0.7034842459310006,3.702436286237453,-0.1643294394016266,0.8969157338142395,-0.4105338454246521
6762,6762,1,0.9940481,253.29241881037862,94.08495753156973,756.7706679396488,0.7993335968601152,4.1255301752297475,-0.20325420796871185,0.9028636813163757,-0.37884679436683655
6763,6763,1,0.99189633,258.8075367268625,99.30221662947883,768.5444724855821,0.8087761771952923,4.433182546611065,-0.20210841298103333,0.9142495393753052,-0.35114097595214844
6764,6764,1,0.99519134,270.5508597272895,105.33146979878536,796.6277989779311,0.7901344566908011,4.5220753675474334,-0.2002483457326889,0.9110714197158813,-0.36034634709358215
6765,6765,1,0.99336904,261.7785123644548,99.21243162708053,766.73321702994,0.729968482935362,3.772634791665941,-0.1911109983921051,0.8801027536392212,-0.4346213936805725
6766,6766,1,0.98953843,260.78289222190205,95.74026734141387,764.3051834609213,0.7039946061526924,3.0425890619571776,-0.19856339693069458,0.8127280473709106,-0.5477643013000488
6767,6767,1,0.99068177,237.906743205713,83.46130540985874,708.7868371603023,0.7471854464589228,2.2218484245274475,-0.22972513735294342,0.7121442556381226,-0.6633829474449158
6768,6768,1,0.99220955,241.80616796439287,77.45962003433262,734.2883879272927,0.8011791706120774,1.8008136338774523,-0.27355822920799255,0.5928912162780762,-0.7573941946029663
6769,6769,1,0.9890646,240.3580540214023,74.4222646937871,736.8610769787612,0.8256719760719773,1.4306217234042453,-0.29499003291130066,0.480619341135025,-0.8258244395256042
6770,6770,1,0.9880149,242.1381172110332,75.12061847920548,741.6095849256444,0.8181721157520276,1.1663065103720793,-0.29465311765670776,0.38729479908943176,-0.8736030459403992
6771,6771,1,0.9893993,230.43605333510718,70.4980592149564,701.1865937315639,0.8305163127869367,0.9844627152418672,-0.3032046854496002,0.3426649272441864,-0.889183759689331
6772,6772,1,0.98544335,230.58567219899427,68.72699616193019,700.9929846609531,0.8257119571283487,0.8670734105621972,-0.29998987913131714,0.29850977659225464,-0.9060341715812683
6773,6773,1,0.9877538,226.0750707564088,67.81440096652618,686.0894101919722,0.8336659285891654,0.7598343342021627,-0.3048397898674011,0.2606528103351593,-0.9160418510437012
6774,6774,1,0.99014217,227.2399542944585,67.78693191601354,688.8829586554924,0.824817084310344,0.6877108549299259,-0.29832303524017334,0.22983108460903168,-0.9263806343078613
6775,6775,1,0.9872765,238.54971507591074,67.70406049203892,717.5362630539581,0.8166316280531688,0.5925678725636548,-0.2946659028530121,0.18171951174736023,-0.9381631016731262
6776,6776,1,0.9871738,244.38294748424804,69.08636944729732,730.9356585708766,0.8256286198557261,0.4963607177923413,-0.3009323477745056,0.1366582065820694,-0.943803071975708
6777,6777,1,0.9893953,240.7129236548262,67.59603811275132,718.130215380666,0.8204071962367052,0.409473332978165,-0.2955712080001831,0.10556604713201523,-0.9494701027870178
6778,6778,1,0.98865217,244.6511405992229,68.65141369370524,732.6251075187162,0.8036640996684914,0.2887890173426808,-0.28032103180885315,0.05381286144256592,-0.9583967328071594
6779,6779,1,0.99249566,238.84116553780845,67.70719299688325,715.9734360467147,0.792041684321777,0.21000344581787356,-0.2684648036956787,0.024336008355021477,-0.9629820585250854
6780,6780,1,0.99169075,236.48118625863245,66.9818074104884,709.4120415456741,0.7657757821058596,0.2481804058185881,-0.2508527636528015,0.042374253273010254,-0.9670974016189575
6781,6781,1,0.99284136,234.9020691314528,64.40697358440883,703.2257262646599,0.7515184260899958,0.3450105130105477,-0.24370136857032776,0.088298000395298,-0.9658224582672119
6782,6782,1,0.99310124,238.1628832075868,65.6361276193313,714.2254592768577,0.7302397346374256,0.5995185041112736,-0.23516426980495453,0.19401316344738007,-0.9523952007293701
6783,6783,1,0.99467576,239.17658732492347,69.32362821657291,721.264669184081,0.7301423624403027,0.9633562486098515,-0.23812700808048248,0.33585143089294434,-0.9113173484802246
6784,6784,1,0.99448144,237.19072901894432,75.15484923398019,722.9595556144974,0.743483042154484,1.3175870203990734,-0.24334852397441864,0.459242582321167,-0.8543288707733154
6785,6785,1,0.99630034,237.82908719228658,80.58773580616061,741.2960384770596,0.7690185611069762,1.740794310074787,-0.2493419200181961,0.5745064616203308,-0.7795966267585754
6786,6786,1,0.9950092,241.48093748357255,84.01548439435165,764.3083709809058,0.7940732993193188,2.146207039693468,-0.25292152166366577,0.6579999923706055,-0.709272027015686
6787,6787,1,0.9908394,261.99140150402883,92.68048268478749,840.5302569107389,0.8059826277271473,2.6694393085675587,-0.25131526589393616,0.7124913930892944,-0.6551311016082764
6788,6788,1,0.99402,260.81693345102025,94.13700724544363,837.4900685194266,0.794250899994246,2.852611899529886,-0.23953577876091003,0.744577169418335,-0.6230790615081787
6789,6789,1,0.9940355,254.1815940980764,96.04808107839868,824.4857485079023,0.770970903034598,2.9973644105077364,-0.2198840081691742,0.7743889689445496,-0.5932729244232178
6790,6790,1,0.99542457,257.52523123430444,96.51864777036758,829.7516049743758,0.7009397792187853,3.2397189855029653,-0.18247579038143158,0.8091611266136169,-0.5585346221923828
6791,6791,1,0.99372166,263.15140646703566,99.81136449704034,846.1510949955481,0.6290031335148301,3.6081007282297604,-0.14595246315002441,0.8456183671951294,-0.5134466886520386
6792,6792,1,0.9931685,256.86442961001575,97.31557886848391,816.3643574040366,0.5543673821499672,3.893610134747246,-0.10521762818098068,0.8854086399078369,-0.45274806022644043
6793,6793,1,0.99342513,261.3759936282118,99.1589392141748,820.3632097578455,0.5088750850109551,4.509795735670662,-0.08474357426166534,0.9223339557647705,-0.3769862949848175
6794,6794,1,0.9931924,271.6794845936351,103.31276096351799,839.9358011874575,0.5416275503280065,5.38082760624476,-0.09656373411417007,0.9489181041717529,-0.30038291215896606
6795,6795,1,0.99371207,271.5062532495281,105.6267682749555,828.9584802406692,0.701580885549669,6.126470559786996,-0.13807106018066406,0.9621074795722961,-0.23512884974479675
6796,6796,1,0.99325037,267.592547987015,106.42276580163832,805.8771599904312,0.8518209506426397,6.601262117826701,-0.17093466222286224,0.9663527607917786,-0.1922074854373932
6797,6797,1,0.99665797,278.27898103228887,111.18335013765551,824.1016479124734,1.0673732525710182,7.571626559965372,-0.21064190566539764,0.9661622047424316,-0.1488644778728485
6798,6798,1,0.99632615,286.5665950205707,116.237231219519,842.5720184354933,1.1750303877806332,8.187845002322344,-0.22510361671447754,0.9656967520713806,-0.12945330142974854
6799,6799,1,0.99711514,293.5927652876838,117.90497693486036,857.2324561282071,1.3446821708205552,8.432369263315447,-0.25739726424217224,0.9581085443496704,-0.12559714913368225
6800,6800,1,0.9976659,302.327935714406,123.13030937960394,880.6411067039384,1.5647892716512553,8.283145090217188,-0.30870500206947327,0.9406234622001648,-0.14116905629634857
6801,6801,1,0.9971251,292.14996849092717,121.07214012943648,860.0865495094375,1.673700946131712,7.470130552138253,-0.35343077778816223,0.9200848340988159,-0.1689101606607437
6802,6802,1,0.9977805,294.97977182380237,121.17605991098564,884.0681168757906,1.7397334566039513,6.630261649209852,-0.40099045634269714,0.8883526921272278,-0.22368760406970978
6803,6803,1,0.9971432,290.56270858591967,118.66740895158125,875.707104754793,1.5899819316180823,5.751811541455288,-0.40409910678863525,0.8709428310394287,-0.2795757055282593
6804,6804,1,0.99702746,290.4646820854633,121.05378182807523,885.1914695630217,1.480797242910504,5.507866778248855,-0.3876267671585083,0.8695710897445679,-0.30592745542526245
6805,6805,1,0.99634725,291.0429522211917,123.23287039323463,895.7688206325225,1.4404048454312224,5.451657214141899,-0.3795221447944641,0.8690625429153442,-0.3173220455646515
6806,6806,1,0.99668866,287.35853918990784,119.9668567014727,885.3613777376007,1.3891596686755994,5.354453546134084,-0.36831459403038025,0.8725724220275879,-0.3208765387535095
6807,6807,1,0.99732757,288.7296551546943,121.04118372704373,892.1970742716768,1.4242484239130293,5.483366070176185,-0.37241506576538086,0.8736728429794312,-0.3130539059638977
6808,6808,1,0.99711967,289.0688146315934,121.19749424988645,889.6091445847084,1.43086807596149,5.386375386186168,-0.37903037667274475,0.8684776425361633,-0.3195035755634308
6809,6809,1,0.9976215,288.8395564835765,121.56715834416563,881.5191080964045,1.3683086855771487,4.9593144486865475,-0.3824836313724518,0.8532324433326721,-0.35454291105270386
6810,6810,1,0.99774384,287.2402846974533,120.00832507665496,874.3838816306449,1.3783273508695677,4.863635638925257,-0.3895493745803833,0.8481397032737732,-0.35904085636138916
6811,6811,1,0.9975682,286.789109297253,119.28430506707063,868.6956510270907,1.4718543444841414,5.198817407413156,-0.3991968631744385,0.8581663966178894,-0.3227884769439697
6812,6812,1,0.99808806,288.3237044831065,119.65912200996365,873.0361345481842,1.587598714178484,5.844137799796708,-0.398481547832489,0.8759571313858032,-0.27186694741249084
6813,6813,1,0.99805766,287.843947243577,121.31409108670887,873.6636218608093,1.7055613660770514,6.6333413910019035,-0.390883207321167,0.8939012289047241,-0.21943330764770508
6814,6814,1,0.99767584,288.3399521312975,120.31742684418089,872.1624923031977,1.811973023098851,7.580986994415457,-0.37557682394981384,0.9114211797714233,-0.16808778047561646
6815,6815,1,0.9978696,299.62190424042427,124.9267604736353,907.3820586804442,1.7899085874661298,8.529302517426698,-0.34287604689598083,0.9286890029907227,-0.14132528007030487
6816,6816,1,0.9974064,297.9249605979268,123.20578997283239,900.9522558423602,1.6007153099858975,8.716353636337338,-0.3015082776546478,0.9443238973617554,-0.1317010074853897
6817,6817,1,0.9957534,300.22689193297873,123.12739392599987,902.6341788943286,1.3869932638981524,8.498021127521733,-0.2666522264480591,0.9534088969230652,-0.141095831990242
6818,6818,1,0.9966204,296.0183846670526,119.76896780902901,886.2545461799597,1.1929604361400585,7.849698918984471,-0.24005869030952454,0.9569795727729797,-0.16297851502895355
6819,6819,1,0.9968701,295.08776396905256,121.00852315564079,887.2751786824198,1.0856372110972603,7.289215223335274,-0.22847242653369904,0.9543994069099426,-0.19215120375156403
6820,6820,1,0.9962359,295.24152528408626,120.86338790374408,893.3498426362274,1.1326691828517985,6.90424230162742,-0.24940277636051178,0.9438060522079468,-0.21686044335365295
6821,6821,1,0.99453944,284.3902851577059,118.69123965276067,875.5178709929581,1.2112368667975861,6.324763974203679,-0.28154242038726807,0.9277835488319397,-0.24485009908676147
6822,6822,1,0.995465,286.9023457260909,119.7992396553309,883.976429936727,1.2475144687114594,6.005566259789716,-0.3030953109264374,0.9135122299194336,-0.2713460624217987
6823,6823,1,0.9952272,291.1890461176209,122.19204055190039,899.3425124295236,1.404049460278232,6.2230876065865735,-0.3371526896953583,0.9043614864349365,-0.2616455852985382
6824,6824,1,0.9967294,291.62143632560856,118.19248680472761,902.1191378750586,1.5361606243648251,6.662968864816063,-0.35132941603660583,0.9069464802742004,-0.23241281509399414
6825,6825,1,0.9977539,292.0534192507325,120.78314764903571,904.4406496422354,1.5427827595710397,6.688710290491786,-0.3523651361465454,0.9066230654716492,-0.2321065068244934
6826,6826,1,0.9978204,294.65636919701035,120.20825303533307,909.4679997697675,1.520649841275917,6.466444604717254,-0.3566882610321045,0.9005911350250244,-0.24841314554214478
6827,6827,1,0.997542,286.4137157104447,119.4679870891549,889.6590892832868,1.4087391420733568,5.9504538019665745,-0.346940815448761,0.8963762521743774,-0.27593785524368286
6828,6828,1,0.99772614,291.1845133673886,120.62091214509847,904.010706737318,1.3128803245182807,5.7774922625405285,-0.33048585057258606,0.8955854177474976,-0.29783543944358826
6829,6829,1,0.99677616,286.23432227571317,120.8207483185365,885.1383534292778,1.2181377252760377,5.6386264780210835,-0.30834871530532837,0.9024203419685364,-0.30092957615852356
6830,6830,1,0.9969298,291.98640114375985,121.51364146883229,899.347984816895,1.1749753646449679,6.144164980901414,-0.2811008393764496,0.9209524393081665,-0.2698683440685272
6831,6831,1,0.99729663,292.95057179712325,122.44391889996082,893.2261112123389,1.131112597836916,6.588372065373991,-0.25686994194984436,0.9369943737983704,-0.23676855862140656
6832,6832,1,0.9976708,299.56878285015625,123.71867374196795,912.2953463560344,1.11153481701025,7.331442328408914,-0.23530639708042145,0.9508708715438843,-0.2011851817369461
6833,6833,1,0.9977738,299.96377825969574,124.14267742768534,913.2040576731946,1.107059516347889,7.478927817162809,-0.23099063336849213,0.9534952640533447,-0.19362367689609528
6834,6834,1,0.997718,301.8693341481916,125.25389654939232,918.6002781839734,1.108457529513596,7.203536288734654,-0.23872296512126923,0.9478204250335693,-0.21130019426345825
6835,6835,1,0.99719256,297.2829949710156,126.17436047475154,909.0134600554783,1.1055865334169506,6.605548329618983,-0.2519002854824066,0.9365594387054443,-0.24372662603855133
6836,6836,1,0.99735224,291.15199009465954,122.9313253751605,895.1041639736007,1.1368100796430962,5.939437520489534,-0.2774232029914856,0.917931318283081,-0.2836168110370636
6837,6837,1,0.9972831,288.4767277423823,122.16010684518783,891.5517288360744,1.212138227138676,5.883581843028612,-0.2987162470817566,0.9107522964477539,-0.285129576921463
6838,6838,1,0.9979949,285.846016649391,120.26532102573493,885.4477606569341,1.2775866467915122,6.018908173579902,-0.3100906312465668,0.9113091230392456,-0.27084964513778687
6839,6839,1,0.99846447,286.3296223685025,122.4618916576418,893.9452252737614,1.299757332240619,6.226272561687244,-0.30856853723526,0.9148880243301392,-0.26031795144081116
6840,6840,1,0.9979001,281.04086720165037,117.17168464119219,876.96603064835,1.254953841120952,5.988919939535948,-0.30265769362449646,0.9144122004508972,-0.26879122853279114
6841,6841,1,0.9968941,277.2026955356741,117.75346827357605,863.5298541636862,1.1792458235947991,5.762421333974634,-0.28868237137794495,0.9155284762382507,-0.280125230550766
6842,6842,1,0.9977574,284.6287250703958,118.97098255031513,886.997969215707,1.0717901013829423,5.939797412066024,-0.2556772232055664,0.9253976345062256,-0.27976498007774353
6843,6843,1,0.99557143,290.49225923388303,120.27319677879332,901.3981413941875,1.0045356489051986,6.592452170679315,-0.22236411273479462,0.9447328448295593,-0.2409026026725769
6844,6844,1,0.9957353,288.5284904785849,117.47718794742615,890.9964448762624,0.8776126033141323,7.1264038395490905,-0.17785444855690002,0.9629185199737549,-0.20286867022514343
6845,6845,1,0.9964774,293.9965045432038,119.1345208556216,901.3380073434331,0.6950156137379152,7.1543770155921855,-0.13415028154850006,0.9693606495857239,-0.2057756632566452
6846,6846,1,0.996639,299.3387244663857,120.50662719709852,913.0392454638217,0.6301146931688762,7.1035009650379095,-0.12071365118026733,0.9693288803100586,-0.21407869458198547
6847,6847,1,0.9959096,299.4543384958201,120.26632308122964,907.8068373039332,0.7256590178601985,6.9613682921748055,-0.14707960188388824,0.9642394185066223,-0.22047656774520874
6848,6848,1,0.996385,297.78337045639586,118.60889832321102,909.5858822338864,0.8345349918703239,6.605907111635672,-0.18044152855873108,0.9528298377990723,-0.24404124915599823
6849,6849,1,0.99648714,292.4551984581777,118.16612174449278,896.9921533630967,0.9099681581351485,5.8489880770140905,-0.21553592383861542,0.9314826726913452,-0.2930602431297302
6850,6850,1,0.99433523,286.3874458411039,115.79331891974228,889.0702504279835,1.019437039502946,5.265101096961488,-0.26203417778015137,0.9040170311927795,-0.3377741277217865
6851,6851,1,0.99642533,287.9925533984835,116.76918135425974,896.6621549656769,1.1711707842023358,5.341130676093732,-0.3057776689529419,0.892188310623169,-0.33241549134254456
6852,6852,1,0.99581844,287.9029166846493,117.8400556454565,901.0752983629619,1.3150950218261248,5.639791321625407,-0.33462151885032654,0.8909666538238525,-0.30693134665489197
6853,6853,1,0.99649847,285.0543763097706,116.40199944757053,892.450811765823,1.4234712601194064,5.951646777385226,-0.34934741258621216,0.8952130675315857,-0.27667659521102905
6854,6854,1,0.9966768,282.4834457890652,114.29204134085025,887.3829393481961,1.437467899766812,6.000588493763887,-0.34958600997924805,0.8970890045166016,-0.27022382616996765
6855,6855,1,0.9967709,280.77950258937483,113.80778695023412,883.4090477674264,1.3982306238969218,5.84362145635794,-0.34522387385368347,0.8956776261329651,-0.28032487630844116
6856,6856,1,0.99676883,281.2019588425134,113.95659113596741,878.2267819630798,1.339415295921396,5.570252673158532,-0.3413774371147156,0.8908199071884155,-0.2998356521129608
6857,6857,1,0.9965892,284.2382449836942,116.56771038261729,891.9528402870396,1.3168354047414415,5.458720332255236,-0.34101274609565735,0.885014533996582,-0.3169536292552948
6858,6858,1,0.99650747,291.79582052275293,118.28672998596865,916.3434913907946,1.3148933573647625,5.621064316007208,-0.3364693224430084,0.8870142102241516,-0.31621864438056946
6859,6859,1,0.99655175,287.2168334826087,117.44081977355832,898.7369675942532,1.282827969680502,5.610247439411495,-0.32667189836502075,0.8933079838752747,-0.30868491530418396
6860,6860,1,0.9964085,287.12379779510314,117.48536994919357,899.0850911097951,1.1878613280812749,5.8795868197796555,-0.29044467210769653,0.9121975302696228,-0.28902873396873474
6861,6861,1,0.9955634,284.18355966126893,117.1156613048391,888.429411530649,0.9798273422656574,6.168837529131299,-0.2230823040008545,0.9384328722953796,-0.263776570558548
6862,6862,1,0.9957504,285.7137469787485,114.40232122706323,894.1904508985012,0.7383732652075192,6.242450866464733,-0.1540180742740631,0.9528080224990845,-0.2616015076637268
6863,6863,1,0.99690187,273.64563947504325,110.55729794440389,860.8754543262112,0.4703670836659495,5.95730079938081,-0.07149899005889893,0.9617263078689575,-0.26451918482780457
6864,6864,1,0.9953242,280.0941280469544,107.48128417630376,876.0653600302348,0.24272802524834802,6.19551536548513,-0.006858220789581537,0.967692494392395,-0.2520400881767273
6865,6865,1,0.9964108,273.9860165723117,103.0484340759014,848.2812075782555,0.1817766864065604,6.06399563417839,0.01566857472062111,0.9692123532295227,-0.24572725594043732
6866,6866,1,0.99551904,275.3637131934106,102.9706509445591,850.3998828978207,0.10446817799624297,6.270844582753333,0.0355859138071537,0.9723161458969116,-0.2309437394142151
6867,6867,1,0.9931172,282.9279072669559,108.94862240026066,862.4116819029074,0.07345437462692454,6.677709619556666,0.035725630819797516,0.9769691228866577,-0.21036887168884277
6868,6868,1,0.99616325,284.93857347058207,112.60070833590561,870.541735202428,0.1296192242285229,6.8775989290062425,0.017568539828062057,0.9790105819702148,-0.20305070281028748
6869,6869,1,0.99633116,280.71814990650495,113.6911432170569,854.5563606356735,0.30288734193671785,6.699349752703985,-0.02636588364839554,0.9777423143386841,-0.2081461101770401
6870,6870,1,0.995924,296.20004380839237,119.30691477956073,905.5970376600618,0.6058415894813669,6.953575589245508,-0.11443670839071274,0.968873143196106,-0.21952001750469208
6871,6871,1,0.9949569,284.11730739347666,116.43803826080587,873.8766331861706,0.9144502295546197,6.4722456615673405,-0.19833523035049438,0.9514654874801636,-0.23532217741012573
6872,6872,1,0.99626935,287.0768142256591,116.02636387578946,889.2303048051332,1.0347148863268296,5.930825274544977,-0.24631404876708984,0.927431046962738,-0.28142669796943665
6873,6873,1,0.99692,279.50116165682493,112.72732219695877,879.0419282029799,1.0571092558770105,5.293388628786999,-0.26880863308906555,0.9053239822387695,-0.32883185148239136
6874,6874,1,0.9956963,278.9425921579714,111.88488817281528,876.6025608766945,1.0517659523310352,4.836775337235321,-0.2830703556537628,0.8842812180519104,-0.3713729977607727
6875,6875,1,0.9970559,278.71727798451246,111.98401797100757,876.8780766811509,0.9944257275689354,4.3536515050324445,-0.2815932035446167,0.8597566485404968,-0.4260561168193817
6876,6876,1,0.99503267,274.25986833099097,110.60852833784782,871.8583007300276,0.9717579538152998,3.773773193743322,-0.2930307984352112,0.8165673613548279,-0.4973437190055847
6877,6877,1,0.99332774,269.5721038378642,106.88479439842847,859.8087796506517,0.9888760391405303,3.4041970323345554,-0.3125610947608948,0.780944287776947,-0.5407694578170776
6878,6878,1,0.99266,270.88618973877726,105.6155178710978,867.7573487242172,0.9678053278716328,3.342316653191775,-0.3060553967952728,0.7732646465301514,-0.5553304553031921
6879,6879,1,0.992898,269.15400884742763,106.5354370812961,869.2744487717208,0.9593612144826319,3.354667683357701,-0.3006361424922943,0.7752685546875,-0.5554966926574707
6880,6880,1,0.99289507,274.6791070458343,106.93747076144354,889.5065697920483,0.9484654007687373,3.601353854475821,-0.28806132078170776,0.7964684367179871,-0.5316566228866577
6881,6881,1,0.9953129,273.35311188534837,108.8409198606193,886.3785130500759,0.8959907487190361,3.8648276107615764,-0.25734126567840576,0.8290862441062927,-0.4963783919811249
6882,6882,1,0.99515295,279.76704498216804,111.52657762828214,913.2702132562808,0.8455989924418369,4.353344220999536,-0.2254750281572342,0.8633883595466614,-0.4513552784919739
6883,6883,1,0.99539244,275.83963256130943,112.52279876184035,892.3318548860376,0.8058062668143321,4.702152335553102,-0.20055954158306122,0.8943416476249695,-0.39991116523742676
6884,6884,1,0.99551857,279.0159267317791,114.5247741793418,894.1950411779794,0.7527951095003479,5.1373254953611855,-0.17460593581199646,0.9179584980010986,-0.3561810851097107
6885,6885,1,0.9962728,284.21183805831043,115.91656627595812,895.4089412439058,0.7145230017588545,5.509482873972174,-0.15834534168243408,0.9333924651145935,-0.32203295826911926
6886,6886,1,0.9962411,290.73053479071103,116.79930901263567,914.1476394809305,0.7224379775097552,5.772698874652996,-0.159563809633255,0.9375176429748535,-0.30919259786605835
6887,6887,1,0.99639255,285.23238848040256,115.93812135794246,893.4740552678267,0.7899626676150143,5.571488771633349,-0.18153314292430878,0.9315314292907715,-0.3151110112667084
6888,6888,1,0.9965569,288.1289026583905,114.22095784543035,903.2495920915098,0.839511562579898,5.235094636815134,-0.20607374608516693,0.9136148691177368,-0.3504875898361206
6889,6889,1,0.9970413,287.4781455145006,116.32859901767966,911.4728273213459,0.9142060771635248,4.726969982814336,-0.2445102035999298,0.88033527135849,-0.4064783453941345
6890,6890,1,0.99533516,279.69592407524095,114.36159093240305,895.9738713465035,0.9666530856149994,4.0839155599968455,-0.2810085713863373,0.8357152938842773,-0.47182005643844604
6891,6891,1,0.99249554,273.73960208172355,112.31919242709482,891.8410426197332,1.0317492305695954,3.750693745978689,-0.31463614106178284,0.8004898428916931,-0.510117769241333
6892,6892,1,0.99015105,266.1239332398414,108.90894485818914,870.8946314323651,1.0534988175620943,3.4822981569856597,-0.3313662111759186,0.7782012224197388,-0.5334785580635071
6893,6893,1,0.98881054,272.62761391705226,111.19081059659891,896.6275102211583,1.1009897317198192,3.600673170528357,-0.3457657992839813,0.7749301195144653,-0.5290836095809937
6894,6894,1,0.98785794,272.4619319208862,109.34138507647764,896.4476166671344,1.1472548423279356,3.670665501038806,-0.3592088520526886,0.7775219678878784,-0.5161672830581665
6895,6895,1,0.9859686,268.33834875729445,111.6236434403869,877.2750844019666,1.109622860985606,3.6761874632360083,-0.34537699818611145,0.7892520427703857,-0.5077362060546875
6896,6896,1,0.9843524,272.8748996745191,113.4299969862526,892.0056000854278,1.071990517306489,3.8192714268153454,-0.3264349102973938,0.8024689555168152,-0.49948355555534363
6897,6897,1,0.98511696,265.8079830356262,108.30255984166324,870.2690814813164,1.0335771344803517,3.803276063778155,-0.30928152799606323,0.8151348829269409,-0.4897959530353546
6898,6898,1,0.98987514,264.7014353613287,111.90840406632333,861.6864784758026,0.9867083007108144,3.861223495026571,-0.28973308205604553,0.8279234170913696,-0.48020586371421814
6899,6899,1,0.990743,268.7706463457896,113.40511631555239,873.0092132880654,0.9437764481406382,3.8719342265096177,-0.2746317982673645,0.8288214802742004,-0.48747554421424866
6900,6900,1,0.9917122,270.109499275776,110.88146254134887,876.4756790640608,0.8628286104551076,3.8400011117007278,-0.24388563632965088,0.8333737254142761,-0.4959920346736908
6901,6901,1,0.9918168,271.06403586862615,110.93969361054876,878.3741695771577,0.8098200120682962,4.001096597937011,-0.21831221878528595,0.8514300584793091,-0.4768717288970947
6902,6902,1,0.99179286,270.732929742061,113.01397916626728,878.7754678142848,0.7882735378808021,4.309442501267279,-0.20151479542255402,0.8757866621017456,-0.4386223256587982
6903,6903,1,0.99412715,284.85420785056755,117.96370835869051,916.9228685422723,0.7695564008796407,5.007326684927672,-0.18608523905277252,0.9049962759017944,-0.3825625479221344
6904,6904,1,0.99541265,281.17605541794313,113.93148698846137,898.8338484228667,0.7457212052567452,5.516867169329933,-0.16598334908485413,0.931778073310852,-0.32286086678504944
6905,6905,1,0.9963374,284.44801999221187,112.55323376878435,898.1504196524633,0.6744145600422131,6.001981637590959,-0.13812077045440674,0.9495295286178589,-0.2816314697265625
6906,6906,1,0.9955479,280.0426320256108,114.19465773299585,868.2184016286287,0.6196530039549434,6.2218209997563765,-0.11759248375892639,0.9611759185791016,-0.24962535500526428
6907,6907,1,0.99592066,287.10460076089254,115.7452788086393,888.0330811830654,0.5682230021105149,6.640283945300589,-0.10264327377080917,0.967622697353363,-0.23058779537677765
6908,6908,1,0.9956617,283.1482105564965,112.71956351774718,875.0015040257367,0.5302272915314519,6.712360587596918,-0.089704729616642,0.9715934991836548,-0.21899576485157013
6909,6909,1,0.99556375,286.2310730931949,116.1324529633302,884.8952157242105,0.5321835274694753,6.907403404572806,-0.09056828171014786,0.9730814099311829,-0.2119196355342865
6910,6910,1,0.9955715,287.3542977051655,115.7308804448913,895.1579058112916,0.579390795737483,6.9099628989301864,-0.10345026850700378,0.9707057476043701,-0.21686045825481415
6911,6911,1,0.9965238,291.9121023920126,116.43235198982018,914.7831404976656,0.6698515378673668,6.348319740155734,-0.13612480461597443,0.954748809337616,-0.2644328773021698
6912,6912,1,0.9977849,284.39538934569595,112.52820243932638,897.41335068709,0.7250681991563854,5.386399658935724,-0.16366371512413025,0.9283726811408997,-0.3336740732192993
6913,6913,1,0.99580044,286.0539760163372,112.68748438657083,914.5972176680688,0.8687892225500091,4.8527477380836705,-0.22375233471393585,0.8911015391349792,-0.39480751752853394
6914,6914,1,0.99596053,282.631466084727,110.9722033802126,909.3489096503614,1.027859263968313,4.547677437377982,-0.28551730513572693,0.8608583211898804,-0.4211921691894531
6915,6915,1,0.995388,275.49471500945697,110.09901997512748,896.1248613461108,1.099864894437199,4.650673880373049,-0.30208608508110046,0.8650001883506775,-0.40064775943756104
6916,6916,1,0.9958488,286.22196085733816,111.08985696683645,932.0128932334632,1.1076146136847171,5.2262329692069205,-0.28693443536758423,0.8868120312690735,-0.36226099729537964
6917,6917,1,0.9954462,287.7150857192134,113.76088387265884,928.1793632715597,1.0365385483407854,5.6436983871435356,-0.25368496775627136,0.9111829996109009,-0.32463741302490234
6918,6918,1,0.9960938,286.4293156450902,111.37386516746773,918.1663587439566,0.8991392193697667,5.969454882197069,-0.20471787452697754,0.9337127208709717,-0.29371947050094604
6919,6919,1,0.9964694,281.9387832003765,111.81274237848113,874.045206305599,0.661146540915054,5.684362692214623,-0.13764545321464539,0.9456808567047119,-0.29451894760131836
6920,6920,1,0.99699914,284.52644451357133,112.00636964799287,869.4924765791278,0.5704660026158552,5.639582336278692,-0.11130550503730774,0.9487757682800293,-0.29569509625434875
6921,6921,1,0.9944194,292.4163879303181,112.27474584280917,891.8256748705147,0.5179380632549943,5.786098027977261,-0.0977349504828453,0.9504092931747437,-0.29524582624435425
6922,6922,1,0.99446553,285.4661869101071,111.78629328078883,862.9311455946896,0.5586530897629824,5.471450724463295,-0.10994730144739151,0.9454475045204163,-0.30666032433509827
6923,6923,1,0.99422836,286.6818068858086,111.82979997740146,864.7443912404614,0.5760570437941277,5.639016087159881,-0.11445939540863037,0.9492194056510925,-0.29305559396743774
6924,6924,1,0.9945169,291.3272734830355,112.09249534935202,883.857469291628,0.5510980609562213,6.214374564899734,-0.10356289893388748,0.9606910943984985,-0.2575797140598297
6925,6925,1,0.9959667,293.4313845520923,113.18855645513257,888.138989719993,0.5245498081959687,6.629843758095497,-0.09389256685972214,0.9684715867042542,-0.23075295984745026
6926,6926,1,0.9956457,291.7893627362516,113.27038388072238,886.0953068221976,0.5092443160603024,6.939800058317487,-0.0869390070438385,0.9738194346427917,-0.2100411206483841
6927,6927,1,0.99492186,291.3831985646871,112.71724845037231,888.1351248739257,0.5143589155580477,7.013722351396755,-0.08759057521820068,0.9745121002197266,-0.2065286785364151
6928,6928,1,0.99465793,290.24970068952354,113.32070222897592,887.49868391578,0.5604583862396548,6.7095176151059,-0.10145509988069534,0.9689575433731079,-0.22545112669467926
6929,6929,1,0.9961868,288.9488198375083,114.27053128372262,892.8941731401018,0.6303983681499022,6.0606417769290495,-0.12707851827144623,0.9531712532043457,-0.274436891078949
6930,6930,1,0.99255764,284.8384688007724,112.94482948657715,886.8101769227043,0.6818664560325011,5.3554223488882275,-0.15085138380527496,0.9315371513366699,-0.3308813273906708
6931,6931,1,0.99790096,283.43439861102405,112.14498235423703,899.5579558123359,0.7523361077795205,4.800425814499629,-0.18400432169437408,0.9007135629653931,-0.39351940155029297
6932,6932,1,0.99646914,274.6395233213991,109.97860860257019,887.1647409075512,0.8128769586710876,4.454271403775128,-0.20870047807693481,0.8810155391693115,-0.42456531524658203
6933,6933,1,0.994568,271.8311618320908,108.8265795810143,881.9525676199669,0.8642396141855181,4.301248885932283,-0.2303197979927063,0.8686516284942627,-0.43863096833229065
6934,6934,1,0.99313354,275.37624076323226,110.41794967478681,895.5022888685677,0.923884351862999,4.421437670318652,-0.24996039271354675,0.8670647144317627,-0.4309508204460144
6935,6935,1,0.99254745,274.48101175305266,110.92703680779277,896.0506680117169,0.9370691011839496,4.6056878616596695,-0.2480679750442505,0.8776774406433105,-0.41005438566207886
6936,6936,1,0.9926328,272.05292890247364,109.05444295965269,888.6468236573891,0.9420200714775859,4.858888138569579,-0.24041952192783356,0.8940045833587646,-0.3780929446220398
6937,6937,1,0.9951462,285.0877248691117,111.81958526899699,933.1201842577235,0.9841290548825926,5.5045486952668785,-0.2403249889612198,0.9092790484428406,-0.33978745341300964
6938,6938,1,0.9950506,283.1198252348507,114.9477056344971,912.160066271346,1.0407061260769075,5.894073475120976,-0.2459072470664978,0.9229488968849182,-0.2961333096027374
6939,6939,1,0.9953511,285.8281682540057,115.15588761045126,917.523728232149,1.145054899914267,6.558100540268681,-0.25619927048683167,0.9337959885597229,-0.24977390468120575
6940,6940,1,0.99461466,283.45544976387004,115.35329707228534,903.0791899117454,1.1805409796729212,6.937036374536641,-0.25390928983688354,0.9421077370643616,-0.219004824757576
6941,6941,1,0.9952207,283.7953949417633,116.50681471001833,903.2922709053465,1.2012987446233434,6.910054871802257,-0.2599773108959198,0.9400473237037659,-0.22073255479335785
6942,6942,1,0.99601763,281.7535215288346,116.62816401624308,901.8015217713272,1.094416633263958,5.964041680971261,-0.258838415145874,0.9228819608688354,-0.2851167917251587
6943,6943,1,0.99564433,280.1892071134651,114.44793798711491,898.4629923342432,1.0072441429475418,5.064067403123913,-0.26042401790618896,0.8948876261711121,-0.36243000626564026
6944,6944,1,0.9955514,273.07548536006976,111.93481707635083,883.0728457572459,1.0157707016404096,4.347948661507921,-0.2850663959980011,0.8565353751182556,-0.4302142560482025
6945,6945,1,0.9915958,271.24240496758307,111.3472689024447,889.8955698980843,1.0479606857229944,4.258304363911867,-0.2980223000049591,0.8451328873634338,-0.4437715709209442
6946,6946,1,0.992073,266.7605320844546,109.4728442423655,875.94624547304,1.059815060071329,4.119083233144695,-0.3059791922569275,0.8379768133163452,-0.451853483915329
6947,6947,1,0.9922388,264.43309038493635,108.62333165805211,869.470714208819,1.0634104955791739,4.017491653786011,-0.3105087876319885,0.8315975666046143,-0.4604668915271759
6948,6948,1,0.9911827,267.357059073964,111.77731614435983,880.3786440659869,0.9898497788534065,3.9734630487460874,-0.2863565683364868,0.8313443660736084,-0.4763050377368927
6949,6949,1,0.9920413,260.64328719544363,106.61572066596209,862.9042170098247,0.9653319517915359,3.8530789887734787,-0.27762919664382935,0.8312090635299683,-0.4816778600215912
6950,6950,1,0.9933096,264.86299666800596,109.14933222667928,874.6005544601745,0.961356877519534,3.929267766411258,-0.27550607919692993,0.8333609104156494,-0.4791722893714905
6951,6951,1,0.9933884,264.97700674518376,109.0613875122756,873.9013264037682,0.9780304289862028,3.914882295265561,-0.28260520100593567,0.8305303454399109,-0.47995173931121826
6952,6952,1,0.99233645,260.30029712757124,107.90124465051713,858.955176681363,1.0090716008536624,3.87247554567721,-0.2942454516887665,0.82915198802948,-0.47531741857528687
6953,6953,1,0.99241525,260.3530288616362,107.11040421153969,860.7925294669266,1.0308222632448472,3.9044879056692814,-0.3009103238582611,0.8291885852813721,-0.4710618555545807
6954,6954,1,0.992255,265.81151137583663,109.26845562587793,875.7994217156102,1.0345894896436676,4.013008716885342,-0.30045485496520996,0.832165002822876,-0.46607765555381775
6955,6955,1,0.99152666,257.9842997725016,105.75435388648638,854.6896543735984,1.0163990490158719,4.069403050607296,-0.28741782903671265,0.8473078608512878,-0.44660988450050354
6956,6956,1,0.99223846,259.6213229940873,106.1800849585075,855.763589409015,1.0070020625473093,4.203388963536918,-0.27977001667022705,0.857887327671051,-0.4309965670108795
6957,6957,1,0.9936028,271.2436292716429,107.64876346184542,904.82293708593,1.0611204515958494,4.597958014397605,-0.2874422073364258,0.864561915397644,-0.41220104694366455
6958,6958,1,0.9940533,268.7728326984148,107.8805310741872,893.3047953656261,1.0507841006643834,4.638398734494369,-0.2818645238876343,0.8712998032569885,-0.4017326235771179
6959,6959,1,0.9940601,275.82990768768866,109.16655254618372,916.270250783799,1.046532128233665,4.859314291333499,-0.2754025161266327,0.8780930638313293,-0.391287624835968
6960,6960,1,0.99375534,272.1229250337788,109.72745664362377,903.3715954540285,1.08036751316565,4.986032408253512,-0.2805122435092926,0.8852927684783936,-0.3709038197994232
6961,6961,1,0.9919143,267.5936650955995,107.0946905362805,892.3953841142135,1.0984381438291242,5.0140710373106385,-0.2828315794467926,0.888489305973053,-0.36137670278549194
6962,6962,1,0.992986,268.0683470173334,109.34830065241083,887.2918584286149,1.1291429013613639,4.969612209333885,-0.29516133666038513,0.8839645981788635,-0.36261048913002014
6963,6963,1,0.9924406,271.654605240938,110.04367489020319,901.5172859082128,1.1002454134184387,4.74979140682771,-0.29554617404937744,0.8705151081085205,-0.39351746439933777
6964,6964,1,0.9923706,273.5417905370336,109.44085782250427,908.2930078143709,1.005974408985513,4.289491881309955,-0.2813794016838074,0.846750795841217,-0.4514850974082947
6965,6965,1,0.9937836,278.19345684303477,108.71237816318929,902.0484266702229,0.9759598337504509,3.867275259206359,-0.2899881899356842,0.8151109218597412,-0.501498818397522
6966,6966,1,0.99459743,284.09534536311423,103.61495888027804,895.4583566432685,0.9688203107416429,3.72980662138889,-0.2966766357421875,0.8048142194747925,-0.5140594244003296
6967,6967,1,0.9929467,271.2586910342295,100.79028934126382,836.2719698813803,0.9735248982893944,3.604800692306219,-0.3008717894554138,0.8146697282791138,-0.495771586894989
6968,6968,1,0.99613404,290.48734932345434,103.29483188069122,877.1650332206106,0.9607150178874405,4.053296285793664,-0.28740477561950684,0.8399215936660767,-0.4603588283061981
6969,6969,1,0.9944266,286.9116211175215,105.95283751852084,855.359906145724,0.8910947034689725,4.1975313316806675,-0.256025105714798,0.8645058870315552,-0.4325283169746399
6970,6970,1,0.99397403,286.2862433209284,104.46294069119693,840.4356122576064,0.7778217789224255,4.329606172443795,-0.20946983993053436,0.8879633545875549,-0.40944287180900574
6971,6971,1,0.992077,275.761546767939,99.31683370703558,797.412479903816,0.6882980672674927,4.372372872211396,-0.16805168986320496,0.9106590747833252,-0.3774369955062866
6972,6972,1,0.99286824,276.78098244213913,97.41628764420796,787.9500369278757,0.6344871812557437,4.516244485430997,-0.14529339969158173,0.9236856698989868,-0.354534387588501
6973,6973,1,0.9941934,289.1711150767266,101.15055722296414,814.4657171138246,0.590828831408275,4.781055236724075,-0.13269968330860138,0.929936945438385,-0.34294039011001587
6974,6974,1,0.99621564,293.5924015224748,102.52532979632167,819.9859950554754,0.5477786893684647,4.5723650426140345,-0.12269247323274612,0.9210864901542664,-0.36952173709869385
6975,6975,1,0.9971066,288.7083204763383,100.73450328517947,806.8262608729066,0.5558454036264493,4.2361415462253325,-0.12733888626098633,0.9072410464286804,-0.40087223052978516
6976,6976,1,0.99613166,287.9902778823479,98.43365898001305,806.6878644378203,0.5382473757419335,4.139516754790022,-0.1207531988620758,0.9029175043106079,-0.4125029444694519
6977,6977,1,0.9971724,282.0090999281828,95.14864068330594,788.5295509148132,0.5416268552002315,3.8661512587972022,-0.12164904177188873,0.8915465474128723,-0.43628692626953125
6978,6978,1,0.9974669,274.2644903021217,91.39694951192257,766.9468169652678,0.5696102196411211,3.585891747899287,-0.13266734778881073,0.8774264454841614,-0.46100127696990967
6979,6979,1,0.99747723,273.6368525779016,89.55745069664012,761.769085595999,0.5539255784159182,3.3339066363171024,-0.12881872057914734,0.8584293127059937,-0.4964926242828369
6980,6980,1,0.99758613,278.8349566565467,88.45929431286807,770.4964802695712,0.5173726490403432,3.0342224355888474,-0.11897183954715729,0.8242992758750916,-0.5535128116607666
6981,6981,1,0.9980995,284.1228139298291,87.92964536839979,773.4919400426699,0.4772881175164491,2.760216539720383,-0.10564211755990982,0.7883146405220032,-0.6061351299285889
6982,6982,1,0.9966434,293.49261246554045,88.61925573422563,794.4590904497772,0.45000728584484473,2.5908428543042743,-0.10026145726442337,0.7511853575706482,-0.6524326205253601
6983,6983,1,0.99746263,293.5905484743162,88.36378455935971,793.7499169536022,0.4519779981312505,2.4350501798273756,-0.10253892838954926,0.7236536145210266,-0.6825037002563477
6984,6984,1,0.9978992,296.7626184560033,88.72446403370436,804.2030507410332,0.45973846729536777,2.4117930985435287,-0.10983050614595413,0.7125639319419861,-0.6929574012756348
6985,6985,1,0.9965544,290.86236058952903,86.10475165475248,794.245828093243,0.4810515251796455,2.351336032839268,-0.11683469265699387,0.7067418694496155,-0.6977575421333313
6986,6986,1,0.9960019,286.3319748093033,84.58153816160487,784.533065531506,0.5203948171942981,2.3379579844949347,-0.1357879936695099,0.7078973054885864,-0.6931400299072266
6987,6987,1,0.9960886,282.9326000824385,83.6610819322111,777.2483101187148,0.5391783349553192,2.3618685148470493,-0.14339371025562286,0.7160379886627197,-0.6831748485565186
6988,6988,1,0.99736685,272.24964481147305,80.90741932781333,749.7885824991454,0.5383066487763,2.342413664305245,-0.13381677865982056,0.7303730249404907,-0.6698122024536133
6989,6989,1,0.99723697,273.78584406255845,81.36392986115062,756.5159604119154,0.5237130174213954,2.4722774530039104,-0.12466015666723251,0.7513282895088196,-0.6480475664138794
6990,6990,1,0.9978065,270.91274617036856,80.37561276205093,749.2376607422005,0.4892985887170757,2.594533038830537,-0.1007804200053215,0.7788931727409363,-0.6190062165260315
6991,6991,1,0.9958878,272.26044883176974,81.65281966512089,754.1293453804707,0.4236747923607208,2.749802240530181,-0.06396858394145966,0.8027451038360596,-0.5928815007209778
6992,6992,1,0.9975562,271.0426850916611,82.43504485932944,752.4080405045053,0.3568046409765471,2.876679888230523,-0.025906136259436607,0.8229987025260925,-0.5674522519111633
6993,6993,1,0.9959655,267.4627827300473,82.62507630763649,745.1577070684556,0.2830383802310555,2.988216161616699,0.016769403591752052,0.8413258194923401,-0.5402681827545166
6994,6994,1,0.9943832,269.79568279150726,83.80624053369867,755.8572325936608,0.19319924890327864,3.1532164180721143,0.05844062194228172,0.8542921543121338,-0.5164975523948669
6995,6995,1,0.99512,269.9569771666126,83.82087049500213,761.5358752289097,0.11948874088038505,3.249665303125931,0.09288609027862549,0.86025470495224,-0.5013322830200195
6996,6996,1,0.994888,264.1098193507262,85.405513986274,751.1483350256179,0.029009384115785,3.370562616342778,0.13916732370853424,0.871458888053894,-0.4703104794025421
6997,6997,1,0.9929899,258.4445708063854,85.60890508486546,737.4868763747045,-0.017557649035871873,3.4656916962625086,0.16327616572380066,0.8815585374832153,-0.4429395794868469
6998,6998,1,0.99444133,260.08544724381005,86.93261347498594,750.1219031736582,-0.07505512864452848,3.646888045989423,0.17924439907073975,0.8881704807281494,-0.4231131076812744
6999,6999,1,0.9921704,257.39097048040276,88.6746680686627,744.5749853902765,-0.11807819565012519,3.8811509247539493,0.18978111445903778,0.9029354453086853,-0.3856043815612793
7000,7000,1,0.99331975,263.895979013948,92.40830029311593,763.8290036155009,-0.19457166384044416,4.149798041620757,0.20272289216518402,0.9093396663665771,-0.3633246421813965
7001,7001,1,0.99333787,260.8654117494982,92.23313221848305,756.2659235960941,-0.2568564282699385,4.179550122932493,0.22829213738441467,0.9079360365867615,-0.3514752686023712
7002,7002,1,0.99309134,265.32674393562996,94.50071107229464,768.9455197111453,-0.35240680213888786,4.283878324283846,0.25525960326194763,0.9035154581069946,-0.34424176812171936
7003,7003,1,0.9927729,261.255282630357,94.06171681329562,756.9460569767563,-0.38508981922280594,4.092588980119498,0.2821287512779236,0.8910573124885559,-0.3555562496185303
7004,7004,1,0.9929,267.6479390574777,95.0597529713661,773.9564624828687,-0.4605619962195025,3.713288744237015,0.3294331729412079,0.8511048555374146,-0.4087717533111572
7005,7005,1,0.99246335,271.412479031372,96.76223655272821,783.8144371810545,-0.4202964330316701,3.1537755837218664,0.34925663471221924,0.7944262623786926,-0.4968971610069275
7006,7006,1,0.99074006,267.27806450488407,96.84449970178201,765.4138037220724,-0.35590671835530113,2.7353764718288907,0.35892727971076965,0.7495571970939636,-0.5561791658401489
7007,7007,1,0.99084234,269.03876692372063,97.63840850219803,768.1956909300949,-0.309554174040191,2.769964928015567,0.33281534910202026,0.7596585154533386,-0.5587064623832703
7008,7008,1,0.9924144,273.35677426128314,97.33628607653054,779.0260222150679,-0.19029673577310122,2.9113466197476967,0.26011472940444946,0.7896613478660583,-0.5556756258010864
7009,7009,1,0.9920243,275.00096728137163,97.26768028606756,779.0798589948414,-0.012592477599421663,3.089890508479787,0.16066180169582367,0.8264625072479248,-0.5395808815956116
7010,7010,1,0.9909401,264.5980812447083,95.3947393423651,753.196355124347,0.2030703791597461,3.284499284372275,0.05596467852592468,0.8657306432723999,-0.49737146496772766
7011,7011,1,0.992515,259.1359968494935,94.50974745433705,748.4911813108292,0.3867962603979487,3.44163391039897,-0.03311130031943321,0.8810054063796997,-0.471946120262146
7012,7012,1,0.9953715,260.3574358437423,95.96591449621884,759.8256613732468,0.5542975363408632,3.696302682583475,-0.11265211552381516,0.889951765537262,-0.4419223666191101
7013,7013,1,0.99430424,261.73745228586534,97.45829856931677,767.7892236810349,0.6898342469728144,3.8176903447301576,-0.17205707728862762,0.8866952061653137,-0.4291479289531708
7014,7014,1,0.9935709,274.45014737215604,100.20571136987422,796.2859988930951,0.7086349486942871,3.9829790635528153,-0.18471874296665192,0.8858188390731812,-0.42568063735961914
7015,7015,1,0.99511445,276.43182221030935,100.08159791025501,791.3533960158012,0.6854116412766613,3.982568223531633,-0.17688201367855072,0.8888648748397827,-0.4226488173007965
7016,7016,1,0.9940795,283.59508795986363,102.30239914174292,796.978524166134,0.6899294589517182,3.981818687213783,-0.18436671793460846,0.8854190111160278,-0.42666393518447876
7017,7017,1,0.9945949,290.14836088071894,103.4766873114991,803.7004781898096,0.7524427572048242,3.9086930846901238,-0.21724791824817657,0.8715343475341797,-0.4395807981491089
7018,7018,1,0.9962515,299.44563527683516,106.91639192128021,813.3310384678686,0.8212832244800091,3.80711207627948,-0.2560589611530304,0.8512495756149292,-0.4580480456352234
7019,7019,1,0.9969687,314.1763421908643,113.34401849408334,835.2918681445653,0.865983770772734,3.6396591687062276,-0.29120540618896484,0.8190394043922424,-0.4943419098854065
7020,7020,1,0.99442923,325.5710298857187,117.90298212982827,849.0443436824443,0.9125024195887411,3.430230308613215,-0.32729262113571167,0.7818101048469543,-0.5307095050811768
7021,7021,1,0.9965745,328.0676136317618,120.01153066542996,848.6647179165466,0.9406975416121716,3.2567790381005666,-0.3494839668273926,0.7551525831222534,-0.5546220541000366
7022,7022,1,0.9971752,329.4543736070516,122.30049751195865,851.9309587543665,0.9629355284077723,3.0882753950668946,-0.3679123818874359,0.7260492444038391,-0.5809415578842163
7023,7023,1,0.99710876,334.02576256225217,122.51696916794447,860.945494347107,0.9433650463728516,2.9512574038901636,-0.36819106340408325,0.7031669616699219,-0.608269453048706
7024,7024,1,0.9957877,329.2848623747795,120.79741388317613,855.2656475259137,0.9080550821870775,2.8495318408250836,-0.35462963581085205,0.6957892179489136,-0.6245920062065125
7025,7025,1,0.995097,316.13001570758865,118.034886702984,825.8928622084322,0.8752909837302562,2.737697127044962,-0.33923694491386414,0.6982298493385315,-0.630391538143158
7026,7026,1,0.9931472,321.8909529691628,120.77430342204407,841.375120043712,0.8161563877292328,2.8349537271971355,-0.31014901399612427,0.7133432626724243,-0.6284497380256653
7027,7027,1,0.99394727,331.3923671478688,123.4396437470956,868.9279400169039,0.7441305977196389,3.064428328851869,-0.2722894549369812,0.7430365085601807,-0.6113553047180176
7028,7028,1,0.99376833,332.4802408533652,123.02398152324163,876.0163345272755,0.6789426275454805,3.230474339064245,-0.2370099574327469,0.7703132629394531,-0.5919829607009888
7029,7029,1,0.99513066,327.6473170187052,120.88093566857033,866.6186506422481,0.5715773255620196,3.318275851819642,-0.18183396756649017,0.7968134880065918,-0.5762158632278442
7030,7030,1,0.99595875,321.3398077598426,120.68830811756732,847.9447756833414,0.4817883388719516,3.3275889266875724,-0.1351378709077835,0.8133131861686707,-0.5659146904945374
7031,7031,1,0.99600935,316.5700914123575,120.4968979412539,833.5727533960743,0.35464080031288986,3.2586798470881644,-0.06982564181089401,0.8187709450721741,-0.5698584318161011
7032,7032,1,0.99496484,333.403584802161,122.0719704019762,863.7344745615869,0.23662649580469808,3.4565455878569242,-0.027374980971217155,0.8310247659683228,-0.555561363697052
7033,7033,1,0.9936673,337.7582298520894,122.35646693174913,868.0400235917191,0.1636681486904128,3.6018646220332298,0.0018951207166537642,0.8453908562660217,-0.5341448187828064
7034,7034,1,0.9941812,344.66044560417095,121.810163567924,884.7002521652734,0.008356757208057891,3.7569843516135175,0.06364132463932037,0.8537268042564392,-0.5168174505233765
7035,7035,1,0.99312556,344.61232046451,123.84525159458701,884.7528602979588,0.024880454681308256,3.705905000476204,0.05746952444314957,0.84868985414505,-0.5257592797279358
7036,7036,1,0.9933601,330.02094214381435,122.4483976412597,852.9926541332896,0.21020111946202463,3.3928142463013957,-0.011263936758041382,0.8290285468101501,-0.5590928196907043
7037,7037,1,0.99485403,335.9660113004952,124.0844855742164,871.8106505452546,0.2971259873878691,3.255284927153707,-0.058317869901657104,0.8015716075897217,-0.5950479507446289
7038,7038,1,0.99610186,320.26963852720695,124.45161487176843,844.6738126561421,0.4956771666132484,3.0164464019564052,-0.1463433802127838,0.7719055414199829,-0.6186643242835999
7039,7039,1,0.9962941,326.5831670953932,127.72180515990264,864.7862309723896,0.5808611083407063,3.062925955197666,-0.1921587586402893,0.7603552341461182,-0.6204312443733215
7040,7040,1,0.9975291,319.35195590238874,124.38322514463816,848.2959440970161,0.7130005879179179,3.0406000556653634,-0.25134041905403137,0.7537375092506409,-0.6072131395339966
7041,7041,1,0.99748033,328.06762841287804,127.59617940104961,875.4223713232415,0.8604355747203245,3.1922647794801073,-0.31583282351493835,0.7437240481376648,-0.5891724824905396
7042,7042,1,0.9969116,329.68814955348597,128.85197462730218,879.4699065854469,0.8795669391124253,3.2425811687309296,-0.32272592186927795,0.7458778023719788,-0.5826786160469055
7043,7043,1,0.9968976,322.45164825627234,125.18225713724793,858.0476085990699,0.8827604578868838,3.254534671778693,-0.3205280303955078,0.7582977414131165,-0.567667543888092
7044,7044,1,0.9963726,324.92524138649316,127.31925048450769,865.8231829305067,0.8614780052841932,3.467615495206095,-0.3037194609642029,0.7835390567779541,-0.5420526266098022
7045,7045,1,0.9964765,320.16715752363655,128.03279501791042,857.0643383320875,0.8606984332795825,3.756239591244036,-0.28912124037742615,0.8187134861946106,-0.4961020052433014
7046,7046,1,0.9962645,323.1510742433861,128.68400875295552,864.8430392089762,0.8474715900934726,4.054232780115675,-0.2736945152282715,0.8440046906471252,-0.4612455368041992
7047,7047,1,0.99649847,324.02354441709286,128.77032592535807,866.8515112888036,0.833674971764062,4.228759841331259,-0.2624424397945404,0.8584316968917847,-0.4407028555870056
7048,7048,1,0.996503,325.9791551843315,129.1783245742137,871.62463095908,0.817084247439646,4.336869532206756,-0.25348275899887085,0.8661379814147949,-0.4307568669319153
7049,7049,1,0.99678445,324.52058593401483,129.47089270478355,868.2916590342539,0.8255061088203542,4.3810886937101685,-0.254363477230072,0.8695114254951477,-0.42337825894355774
7050,7050,1,0.99680007,325.73427181986193,128.75295405187538,869.9909703262343,0.8322405954980268,4.407920247059156,-0.2564791738986969,0.8701695203781128,-0.42074158787727356
7051,7051,1,0.9969484,319.93400000997826,127.43026711875063,855.5918001431816,0.8207947953708482,4.341365552679904,-0.25148168206214905,0.8718280792236328,-0.4203246533870697
7052,7052,1,0.9967949,323.21856924759794,128.73026245037659,864.4006413133521,0.8503862579828445,4.3418028953617505,-0.26419225335121155,0.8658074140548706,-0.4249471426010132
7053,7053,1,0.9969439,320.85482252626645,128.08996297267004,857.837403117307,0.887801379991169,4.267353144233707,-0.2795761525630951,0.8590299487113953,-0.428841233253479
7054,7054,1,0.9972735,325.87671657161223,128.04379834682157,868.7350234061929,0.9285671741005289,4.302401414398798,-0.2954302132129669,0.8534124493598938,-0.42942777276039124
7055,7055,1,0.9972308,322.4819522751716,126.89795212443532,860.0159635133183,1.0282357254136374,4.233294672828852,-0.3322230577468872,0.8401493430137634,-0.42869216203689575
7056,7056,1,0.9975811,314.94743228084667,123.63713274265452,843.4473611384051,1.0902933616631478,4.260260285065024,-0.34866470098495483,0.8414049744606018,-0.41288086771965027
7057,7057,1,0.9983359,318.934925238907,125.1729674147412,852.5204886354562,1.131803676287948,4.307408783143376,-0.36234697699546814,0.8364127278327942,-0.41124019026756287
7058,7058,1,0.9975418,321.87699227007397,124.96519561263445,857.2765319372767,1.0981636478218693,4.312297593835705,-0.35208237171173096,0.8391457200050354,-0.41457507014274597
7059,7059,1,0.9976597,322.158058681939,125.1956595075463,857.0682220500971,0.9769708357009012,4.346428060851253,-0.30888140201568604,0.8557308316230774,-0.4151109457015991
7060,7060,1,0.99773514,329.7254692457275,126.62465408049498,873.7587621869112,0.8195894024228332,4.278937648570523,-0.2584443986415863,0.8610131740570068,-0.4380214214324951
7061,7061,1,0.99759597,323.8839845353261,124.06609231389638,856.03841944834,0.7048518893983818,4.04268949471257,-0.21865886449813843,0.8604664206504822,-0.46020203828811646
7062,7062,1,0.9950283,332.2358607109904,120.9264093200452,862.765047242387,0.6505952767186594,4.009233470816975,-0.2030944675207138,0.8597676157951355,-0.4685640335083008
7063,7063,1,0.9907713,345.4110915087036,121.34302873248627,881.9561926526263,0.6532269217833587,3.868990350638126,-0.21666035056114197,0.8393170237541199,-0.49860334396362305
7064,7064,1,0.9948501,341.83927971599013,120.57733806607673,867.8563147595884,0.523302702697056,3.6086080823623092,-0.16578157246112823,0.8307965397834778,-0.5313130617141724
7065,7065,1,0.9946918,337.49625382680733,119.8197748073912,860.2919262620586,0.42933967895456554,3.583399501161538,-0.12058643996715546,0.8380610942840576,-0.5320831537246704
7066,7066,1,0.994304,339.0967094961977,119.43317686422915,865.8312301060695,0.33987730823694023,3.78941265583391,-0.07966385036706924,0.8596384525299072,-0.5046537518501282
7067,7067,1,0.99457955,341.66490504451104,120.03686432827163,873.8181156919385,0.21489010282959056,4.255058401348986,-0.028184639289975166,0.8953957557678223,-0.4443783164024353
7068,7068,1,0.9937762,352.05362563437546,121.2041146252591,909.5925910701282,0.17536197192169392,5.101010220847936,-0.02368950843811035,0.9297342896461487,-0.36746838688850403
7069,7069,1,0.9962392,321.10637040060413,119.00540056718921,846.4950752864711,0.3865899786026709,5.3656022860974515,-0.0766674131155014,0.9486573934555054,-0.3068734109401703
7070,7070,1,0.9982674,326.18597181209776,124.50191238669989,870.4357775979147,0.549740980760674,5.872751965313355,-0.1274362951517105,0.9520949721336365,-0.2779841423034668
7071,7071,1,0.99825066,308.795578804085,121.17112273995207,837.917985092494,0.6276320559868745,5.326732168546575,-0.1505630612373352,0.9398554563522339,-0.3065981864929199
7072,7072,1,0.9956772,305.4136184634437,121.83518457523788,834.7328736113208,0.6080400215381087,4.65340972874899,-0.15376435220241547,0.91473388671875,-0.3736555278301239
7073,7073,1,0.99547994,304.5684169543967,122.47444482910475,835.8671652780446,0.6725884636660573,4.203022203535018,-0.18798929452896118,0.883978009223938,-0.4280688762664795
7074,7074,1,0.9960163,308.8928810708872,123.90469174183924,847.8453481477442,0.7445807967472879,4.004908292606569,-0.22507180273532867,0.8587952852249146,-0.4602319002151489
7075,7075,1,0.99666375,318.1250873257318,128.0536594755939,872.537467226387,0.7789977272927059,3.9574299859454527,-0.24584199488162994,0.8412851095199585,-0.4814572334289551
7076,7076,1,0.99628335,313.6095268231416,125.95164842590026,863.5995734949275,0.8135696776657301,3.8046963648773984,-0.2621699571609497,0.8281371593475342,-0.4954349994659424
7077,7077,1,0.99686027,323.5227470105787,127.16110370746655,886.8229476674942,0.8304876271567863,3.930023316680681,-0.26951345801353455,0.8283457159996033,-0.49112722277641296
7078,7078,1,0.99743503,323.27686289015577,127.85145829264074,890.1555834710198,0.8314307002065413,4.055733634592066,-0.264953076839447,0.8381816744804382,-0.47670888900756836
7079,7079,1,0.997929,320.91922117158384,127.97465517051421,886.3461196467637,0.8193587807376866,4.127132548944413,-0.2565300166606903,0.8468567728996277,-0.465860515832901
7080,7080,1,0.9980629,322.04756871326595,128.12532780802562,889.3354820472009,0.7969736649336636,4.198492229308001,-0.2461928278207779,0.8535419702529907,-0.4591897428035736
7081,7081,1,0.9982293,315.51871252270433,125.38962172453431,873.7209041023092,0.8209547264405422,4.18547339404007,-0.2519620954990387,0.8565064668655396,-0.45045730471611023
7082,7082,1,0.99824,314.71809585695627,125.27078640654709,870.6936575837871,0.8465830465985372,4.243889328908983,-0.25925007462501526,0.8594611287117004,-0.4405859112739563
7083,7083,1,0.9982692,314.59849362640716,124.93033525575453,870.8002551082465,0.8887562238124781,4.290716434565966,-0.27299657464027405,0.8587818741798401,-0.4335511326789856
7084,7084,1,0.99837947,318.93651661974764,126.42167429497628,885.655800361324,0.9034093266711146,4.342245533179743,-0.27829301357269287,0.8559260964393616,-0.4358251392841339
7085,7085,1,0.9983606,316.8796358522364,125.86419658053882,879.4837573138784,0.8814049418857531,4.218555714195284,-0.2739449739456177,0.851071298122406,-0.44791945815086365
7086,7086,1,0.9982287,312.4220467585733,123.31587358540791,865.2424733869024,0.8773813090462992,4.025047755593841,-0.27752116322517395,0.8414468765258789,-0.4636261463165283
7087,7087,1,0.9976763,311.1360968422288,125.9858417457229,866.3277927773009,0.8693067555297184,3.943763073659569,-0.2769719362258911,0.8345489501953125,-0.476250559091568
7088,7088,1,0.9977386,314.33247848190564,126.04815450299584,871.3010430785122,0.8628109925319964,3.9012035922043067,-0.27790242433547974,0.8292226791381836,-0.4849330186843872
7089,7089,1,0.9959842,305.33411642192135,124.67785077598022,850.5483441983703,0.8906415851146432,3.7476590034484025,-0.2903907001018524,0.8204330801963806,-0.4925067126750946
7090,7090,1,0.9955413,305.66460045370076,125.53265502257499,848.3619647001639,0.8906555797636626,3.7764923140111266,-0.28988292813301086,0.8236674070358276,-0.487380713224411
7091,7091,1,0.9957795,303.3134726489029,123.80561674342648,842.2412121272755,0.8856248193777643,3.797284456622944,-0.2856082618236542,0.8291383981704712,-0.48058032989501953
7092,7092,1,0.99553984,301.0897172178842,122.38947225288939,834.9999364116298,0.883521823832858,3.879912542587646,-0.2802615165710449,0.8400015234947205,-0.4645976126194
7093,7093,1,0.9951933,311.8767246665671,125.32514591842063,860.1724597398612,0.8755607243028088,4.210059405200495,-0.2702523171901703,0.8575291633605957,-0.4377298653125763
7094,7094,1,0.9948566,304.64461724067206,122.61747228567401,843.5774269581447,0.8699650482685922,4.331588145048734,-0.2595570385456085,0.8731052875518799,-0.4126951992511749
7095,7095,1,0.996064,313.1383852450053,126.19583381934824,863.7304967493397,0.8732041710431754,4.712009789529464,-0.25221991539001465,0.8891687393188477,-0.3817906677722931
7096,7096,1,0.99608576,311.90910984201895,125.140748977118,863.6453456567851,0.8613525104026473,5.046763293648016,-0.23646904528141022,0.9075254201889038,-0.3471023440361023
7097,7097,1,0.99525356,310.064904496171,124.32806188960586,854.0718583202002,0.8382079391071326,5.325426780504783,-0.22000689804553986,0.9231317043304443,-0.3153171241283417
7098,7098,1,0.9944488,312.6617890996595,123.76597095848705,860.9190551963629,0.7205168495672929,5.381070093413462,-0.18191294372081757,0.931549072265625,-0.3148397207260132
7099,7099,1,0.9947641,304.1790090693652,120.81683750104644,833.5990032808583,0.6262568676246504,5.180106097305119,-0.1498202085494995,0.9362103343009949,-0.31790584325790405
7100,7100,1,0.99475056,310.2089482707056,122.76447174540313,853.0572280623865,0.6021058847532973,5.25035206656293,-0.14386911690235138,0.9354479312896729,-0.32286038994789124
7101,7101,1,0.9954423,310.57702940892506,123.4098675037075,851.644770547376,0.5855689004724468,5.286380390835741,-0.13806049525737762,0.937723696231842,-0.31876882910728455
7102,7102,1,0.9947246,310.3355072439021,121.41856137780395,853.8880039970758,0.5913789155732971,5.348608517426512,-0.13867342472076416,0.9392827749252319,-0.3138749897480011
7103,7103,1,0.9952781,297.9673613988537,118.02421084662456,823.4082163669337,0.6245694379812728,5.0820992675895305,-0.14697116613388062,0.9356153011322021,-0.3209727108478546
7104,7104,1,0.9958412,307.24395654217483,120.78337208941593,844.8431513281013,0.6507151719968007,4.8892383518017875,-0.1654481738805771,0.9206532835960388,-0.35358792543411255
7105,7105,1,0.9970197,305.2844613794077,118.63335369753042,836.156436055499,0.7036703585060219,4.502929662542977,-0.19245046377182007,0.9004640579223633,-0.3900350034236908
7106,7106,1,0.9968945,311.54047203921965,117.94034769085435,854.7606150784665,0.7139396851139554,4.373174240770504,-0.20299504697322845,0.8862882852554321,-0.4162764847278595
7107,7107,1,0.9955149,293.8421290814336,111.32951008328838,807.4291959792378,0.7199635658517819,4.0081549320730545,-0.20462849736213684,0.8785565495491028,-0.43158504366874695
7108,7108,1,0.9963601,303.90721950449955,108.82537032768339,823.6616401635661,0.6423613958257973,3.9948910460459706,-0.17931094765663147,0.8779222369194031,-0.44395962357521057
7109,7109,1,0.99504673,307.25295966835193,109.62623030686484,822.3711717768439,0.4688801188719952,3.88239731164835,-0.1102261021733284,0.8806940913200378,-0.4606822729110718
7110,7110,1,0.9956572,313.66070315411235,109.78269231240775,839.8539563115352,0.343277903156038,3.908506205083119,-0.05989176779985428,0.8816033005714417,-0.4681757986545563
7111,7111,1,0.9959586,316.0950889941119,110.66120443680045,842.2807371069911,0.2574403782004102,3.9085505846534208,-0.024334091693162918,0.8827390670776367,-0.469232976436615
7112,7112,1,0.99630547,312.32377244494575,109.28985073089098,830.1818588521847,0.2361924321858836,3.890263754216951,-0.011809591203927994,0.8861600160598755,-0.46322885155677795
7113,7113,1,0.9950611,302.67484029860753,107.89583407338561,804.8157714884559,0.3384165463035847,3.8162346192102783,-0.04927028715610504,0.8876636028289795,-0.45784908533096313
7114,7114,1,0.9952282,324.18525655020625,110.61236661332025,856.9501429864721,0.37177669490551557,4.008360526924957,-0.07994581013917923,0.8815763592720032,-0.4652222692966461
7115,7115,1,0.99524754,318.2802913521047,109.93264737251512,838.2263738277894,0.386268810113955,3.9069580925462,-0.08249573409557343,0.8801913261413574,-0.46739453077316284
7116,7116,1,0.9959164,325.8374379201719,111.0049191571831,855.083523805061,0.46564841231265186,4.020540429184201,-0.12085438519716263,0.8785125613212585,-0.4621795415878296
7117,7117,1,0.99596345,321.7963391377006,111.82588405681827,843.0594985612503,0.50752362996105,3.9032761359599877,-0.13771460950374603,0.8713746666908264,-0.4708937704563141
7118,7118,1,0.9964728,320.0155055480323,111.23187651053752,838.7712662903292,0.5243363842042269,3.830841063422916,-0.14489464461803436,0.866259753704071,-0.478120893239975
7119,7119,1,0.99659306,313.0712414715128,112.11654560296837,819.3823668257428,0.5788794742838745,3.6734635764791235,-0.16754001379013062,0.8563933372497559,-0.48838597536087036
7120,7120,1,0.99680436,319.48061237061256,111.49223203177566,834.3394500779627,0.5771382943873162,3.7695481545757095,-0.16886846721172333,0.8589674830436707,-0.48338213562965393
7121,7121,1,0.9967175,316.7662269699178,111.01817112646786,830.3895278538874,0.5918707773226078,3.908669334365828,-0.1701369285583496,0.8710195422172546,-0.46084532141685486
7122,7122,1,0.9970476,308.9805619582799,111.40045244852008,819.0372320035444,0.6361662991917371,3.9742824219904667,-0.18184222280979156,0.8772155046463013,-0.4443269371986389
7123,7123,1,0.9966703,300.5823139308549,111.79485032543653,812.9622740689689,0.6642269857162166,4.079896960697721,-0.18471716344356537,0.8854458332061768,-0.42645666003227234
7124,7124,1,0.9917862,283.94095575363315,107.53521842820096,786.5015096423881,0.7088970096039618,3.9539897109237767,-0.19472989439964294,0.8841744065284729,-0.42463624477386475
7125,7125,1,0.9927176,285.87998412512695,106.43231481516928,797.2868622479336,0.7118680001764076,3.960887134007562,-0.19641515612602234,0.8810072541236877,-0.4304036498069763
7126,7126,1,0.993604,294.96421572100047,110.62513001372126,826.988160081814,0.6924122081136873,4.237181889070896,-0.18683776259422302,0.8904685974121094,-0.4149185121059418
7127,7127,1,0.991268,292.38626758839933,108.71516199374186,822.3110437760743,0.7068285000123274,4.354458144585632,-0.18766091763973236,0.8984484076499939,-0.3969557583332062
7128,7128,1,0.9920358,295.3882230779087,109.70371969223068,837.016183741078,0.7282247994947508,4.523750860056243,-0.1929541379213333,0.902053952217102,-0.3860924243927002
7129,7129,1,0.99275756,287.26350948709575,107.71244994554051,816.4164821062163,0.7444300074862845,4.410774262952138,-0.19712692499160767,0.90118408203125,-0.3860158920288086
7130,7130,1,0.99692994,289.0940147561885,110.92685592951922,826.9546495727378,0.7540650425575234,4.476037922908756,-0.200147807598114,0.9006823301315308,-0.3856322169303894
7131,7131,1,0.9956037,287.34136106788907,109.76686426322296,826.4698419236465,0.7664546322437392,4.43504567649786,-0.20455865561962128,0.8979278206825256,-0.389719694852829
7132,7132,1,0.99334794,292.9260277649626,110.43285728098131,846.4147134742849,0.7399887612230227,4.520055040547553,-0.19527342915534973,0.8987936973571777,-0.39247703552246094
7133,7133,1,0.9927644,288.8790414143415,111.49602969461121,850.2761775264953,0.7302806739333816,4.584988188053603,-0.1871793270111084,0.9024408459663391,-0.3880263566970825
7134,7134,1,0.9939458,291.9617778209346,112.95377088558922,871.4180190499815,0.7671830438927937,5.07677272606264,-0.18971477448940277,0.9180362820625305,-0.348163366317749
7135,7135,1,0.9947031,290.21671511834836,112.34896000412095,862.7721858616552,0.749948254797815,5.6107314143118145,-0.17183519899845123,0.9401485919952393,-0.2942674160003662
7136,7136,1,0.9930409,298.81162400978366,116.15086559371942,877.2755093496316,0.5941921212609554,5.868570160252776,-0.12458488345146179,0.9514855146408081,-0.28134313225746155
7137,7137,1,0.99404126,296.1993874258993,116.7658111050671,862.8535641337893,0.42465667408965657,5.756284700074294,-0.07159405201673508,0.9566931128501892,-0.2821570634841919
7138,7138,1,0.9955664,292.44504263508725,117.19525940936948,853.091126265097,0.35246926020546643,5.687226641338937,-0.04663151875138283,0.9582582712173462,-0.2820756137371063
7139,7139,1,0.99455464,280.40261757942386,112.38268623792743,821.8275306608756,0.307588297524619,5.400829768437893,-0.02404356375336647,0.9573813676834106,-0.28782427310943604
7140,7140,1,0.99292576,272.6572057976951,107.2498080657475,796.5320013625724,0.28004956072567183,5.118859180004072,-0.0080934539437294,0.9547123908996582,-0.2974201440811157
7141,7141,1,0.9969144,272.9993874278693,104.3703552441177,793.7921696715131,0.27310043137769896,4.994112699615468,-0.004980276804417372,0.9516467452049255,-0.3071540892124176
7142,7142,1,0.99633396,279.95835579144455,106.20889776811498,815.293616372368,0.2877695577267735,5.123595486036011,-0.015683233737945557,0.9511775970458984,-0.3082454800605774
7143,7143,1,0.99650276,283.50149929456717,108.61443372546101,828.4654111744047,0.41599605443090665,5.122455715419308,-0.06318920105695724,0.9459860920906067,-0.3179897367954254
7144,7144,1,0.9948502,281.0494273501098,107.78683519996491,821.0609030129162,0.6116299555182787,4.9434902583295175,-0.13259311020374298,0.9339792132377625,-0.3318161368370056
7145,7145,1,0.9926554,283.80754697867775,107.66019994113735,827.8756055193221,0.7542027469553774,4.799348327693898,-0.18782959878444672,0.9177269339561462,-0.3499962091445923
7146,7146,1,0.994121,285.40013450370105,108.8449383942007,830.8917984252774,0.8626271311808886,4.620522078156328,-0.23258326947689056,0.8995344042778015,-0.36978763341903687
7147,7147,1,0.99526656,289.9513294416782,110.5807711384785,841.7384924679936,0.9693471759263635,4.694057522556395,-0.26992613077163696,0.890407145023346,-0.36649009585380554
7148,7148,1,0.99585503,289.9865525788945,110.59478233921271,841.358814802856,1.0400550747832633,4.75310144419898,-0.29154449701309204,0.8868258595466614,-0.35852712392807007
7149,7149,1,0.9959418,292.4346978134409,110.69811433475968,849.4456551071966,1.0618359842152172,4.778880197982979,-0.2986513674259186,0.883857250213623,-0.3600051999092102
7150,7150,1,0.9958889,288.09069467994414,109.69623847459843,837.0726385967783,1.0493044289680646,4.6338274421743435,-0.2984282672405243,0.8805931806564331,-0.36809810996055603
7151,7151,1,0.99554116,284.53589631736844,109.60426342962346,826.6621477191997,0.981677700537356,4.4295278049108875,-0.2817496359348297,0.878379762172699,-0.38609081506729126
7152,7152,1,0.9955629,282.6171318031481,107.53238576090023,822.2768486885119,0.9278255023819136,4.304367843463739,-0.2657463252544403,0.8776636719703674,-0.3988550901412964
7153,7153,1,0.9954203,282.7587858112052,107.74155298991168,821.6201635615822,0.8994545580543888,4.218621414158602,-0.2585437297821045,0.8749051690101624,-0.4095071852207184
7154,7154,1,0.99523526,288.541149434834,110.23701340958144,838.1177301072375,0.9303750179161796,4.292072210312085,-0.27044805884361267,0.8708925247192383,-0.4103706181049347
7155,7155,1,0.9940744,281.85926993246716,109.58803693591888,818.8892513561177,0.9981261661210227,4.219638407484026,-0.2951708734035492,0.8651986718177795,-0.4053460955619812
7156,7156,1,0.99695146,289.6097321042742,110.43837078854706,840.8258243085337,1.0865016841824129,4.454023420572596,-0.3195362389087677,0.864161491394043,-0.38874346017837524
7157,7157,1,0.9963581,289.4538042985982,111.60773342683063,838.9959808749877,1.1631044908752963,4.580207472527304,-0.33962586522102356,0.8638955354690552,-0.3719392418861389
7158,7158,1,0.9965733,284.96186348858527,110.81690847073928,827.3041711349612,1.2081370914167457,4.613715644481653,-0.35074520111083984,0.8643956780433655,-0.3602747917175293
7159,7159,1,0.99655163,290.9471979222344,112.06442932474265,838.0002024958853,1.186849772409591,4.767769258184145,-0.33962395787239075,0.8724082708358765,-0.3515101969242096
7160,7160,1,0.997088,293.9609890224958,114.00447467531261,850.9737296363122,1.1404071819252817,4.938396798382038,-0.3186242878437042,0.8833398818969727,-0.34378668665885925
7161,7161,1,0.99690944,291.96687715173954,113.77357501494355,840.9404560078042,1.0499752998282053,4.866280848890707,-0.2921348810195923,0.8911440372467041,-0.3471592366695404
7162,7162,1,0.99689555,290.26430167904533,111.12088686964523,836.956018861738,0.929024892618719,4.635315696217721,-0.2587363123893738,0.8919273614883423,-0.3708384037017822
7163,7163,1,0.99688137,284.26428098633716,109.57203463342766,820.0766745557312,0.8233847877889473,4.321237359212246,-0.22767890989780426,0.8885520100593567,-0.3982934355735779
7164,7164,1,0.9974011,302.42715698943357,113.92896219785077,859.6067818335572,0.7174985045180204,4.406547739060844,-0.19613902270793915,0.8885982036590576,-0.4146355986595154
7165,7165,1,0.99582565,294.24368491955613,112.98531942316929,825.175616134235,0.6500918212116149,4.145048792164708,-0.17194205522537231,0.8878306150436401,-0.4268404543399811
7166,7166,1,0.99690586,305.80044315884965,112.85533216634612,841.9356637556278,0.5530628972007149,4.235361547416766,-0.13887663185596466,0.8938418626785278,-0.4263332784175873
7167,7167,1,0.9962716,309.87304301107,112.35710087607225,842.5703682803077,0.4190221157130488,4.2690352202566,-0.08726190775632858,0.9021247029304504,-0.42255932092666626
7168,7168,1,0.9975151,319.7176062941466,113.6337411061772,867.7905586879823,0.32750482255863556,4.414204873277439,-0.056894369423389435,0.9057824611663818,-0.4199061989784241
7169,7169,1,0.99767536,313.0003712900481,112.5367490740357,850.4729784918145,0.296726797236969,4.52425404891755,-0.04004639759659767,0.9176300168037415,-0.39541298151016235
7170,7170,1,0.99754673,315.6787112300805,113.97601984439582,854.5670775098037,0.28492809754111237,4.9089874707173,-0.03805318847298622,0.9340850710868835,-0.35501691699028015
7171,7171,1,0.9975575,319.46956815096695,114.25273687414928,864.6697710086431,0.35293276627926395,5.445772727478538,-0.06360193341970444,0.9489628076553345,-0.3089083731174469
7172,7172,1,0.99794346,315.1611573266661,116.32937030028354,861.1293451909223,0.4352595567443271,6.352119394549295,-0.08254779875278473,0.9683265089988708,-0.23564735054969788
7173,7173,1,0.9932175,308.6988285371708,116.13935904398168,854.3921038412353,0.5462846992808449,6.869372011800896,-0.10614608973264694,0.9741668105125427,-0.19932882487773895
7174,7174,1,0.99602604,301.07381693080947,113.57037916612103,839.6337645723348,0.5516098931836885,6.663024307356142,-0.10556228458881378,0.9731387495994568,-0.20459119975566864
7175,7175,1,0.99521095,298.5953198194106,114.3674263726877,839.7476874812274,0.5597269430144455,6.093218158945707,-0.11208803951740265,0.9633893370628357,-0.24355129897594452
7176,7176,1,0.99535674,303.27160775882203,116.05497056591612,852.5102116703234,0.6019258578516609,5.685668994602453,-0.1324922889471054,0.9500086903572083,-0.2827177345752716
7177,7177,1,0.9957802,298.3220266911106,114.92440466026169,842.6538755108412,0.6390410801407923,5.093809319545034,-0.15109883248806,0.9315910339355469,-0.33061662316322327
7178,7178,1,0.9963553,301.8725410863154,116.20398632742108,853.5525365205372,0.6733311941573709,4.807178544033727,-0.17075374722480774,0.9145926833152771,-0.3665561079978943
7179,7179,1,0.9961743,302.0319273581346,115.73265652206453,854.2583208218904,0.7163458432819456,4.541580864727186,-0.19255495071411133,0.8978410363197327,-0.395984947681427
7180,7180,1,0.9962478,303.7427719822358,117.1941121706601,861.1432457575323,0.7441489638560841,4.443358043780468,-0.20644685626029968,0.8877021670341492,-0.41153931617736816
7181,7181,1,0.9941392,306.3963907791184,117.8737768021294,868.4481859658408,0.8021877376627012,4.573792121283147,-0.2254752218723297,0.8884513974189758,-0.3997688293457031
7182,7182,1,0.9961985,301.63647473462265,116.67442334225518,857.9391768423116,0.9405306474072106,5.026436338483922,-0.2558910548686981,0.903661847114563,-0.3433876037597656
7183,7183,1,0.9973743,302.21622314580077,118.0588285379664,862.6237564268253,1.1910015306836834,6.302304101446321,-0.2861023247241974,0.9278210997581482,-0.23936046659946442
7184,7184,1,0.9978853,311.53800192380874,118.98071902197249,891.1487953268961,1.2617368820084183,7.111461362186692,-0.2815471291542053,0.9379005432128906,-0.20266669988632202
7185,7185,1,0.9974698,302.5070697212621,118.27819492778497,867.6531469906942,1.2582723013763906,6.63376618982925,-0.29219508171081543,0.9307164549827576,-0.2199748009443283
7186,7186,1,0.997387,306.437281073391,119.48764797305951,879.9912932748306,1.203425364062741,5.965194287668304,-0.3026902675628662,0.9134819507598877,-0.2718995213508606
7187,7187,1,0.9973053,308.09058063126304,120.60211544133688,882.8781239723556,1.1208650937984013,5.442535061638518,-0.2996985614299774,0.9000040292739868,-0.31650203466415405
7188,7188,1,0.99717087,306.5379088782101,120.13457404684151,879.7547933655624,1.0538279631471024,5.267633962321147,-0.28537124395370483,0.8992782831192017,-0.3314541280269623
7189,7189,1,0.9967391,311.01873841441443,122.31780416408337,889.091943383495,1.0207165376795875,5.377868985140832,-0.273779034614563,0.904357373714447,-0.32738789916038513
7190,7190,1,0.9969928,308.9870977788274,121.15506005957094,885.4618328084126,0.9966504485762805,5.449091858471746,-0.26298192143440247,0.9104118347167969,-0.31936007738113403
7191,7191,1,0.99707913,306.06295615234234,120.09958490177046,877.2032183368066,1.0201647001863943,5.55508880959151,-0.2651493549346924,0.9145734906196594,-0.3053704798221588
7192,7192,1,0.99764985,298.6679109154573,115.74590375593141,860.5394468753144,1.079516177982829,5.290549835697472,-0.2882576882839203,0.9032464623451233,-0.317889004945755
7193,7193,1,0.99672526,282.80850483482726,110.44995829702377,818.3714604958235,1.11965010094436,4.480436091350191,-0.3272283971309662,0.8687554597854614,-0.3717331886291504
7194,7194,1,0.995074,294.0127600900503,110.91628497719636,849.5430512585712,1.116366333694768,3.833625971634098,-0.3616582453250885,0.8073632717132568,-0.466227263212204
7195,7195,1,0.9953216,284.68864277795734,106.93848178507089,824.8430796112233,1.1332952171988764,3.0051190613735304,-0.4088713824748993,0.7165809273719788,-0.565098226070404
7196,7196,1,0.9935387,279.8864467747976,102.07898589533653,812.4277861309497,1.124772836792676,2.6443146721788158,-0.42308327555656433,0.6671251058578491,-0.613143265247345
7197,7197,1,0.99167705,279.71499172350906,102.46859840914728,809.6821801432761,1.1055314630227149,2.5654313914651894,-0.4198284149169922,0.6567064523696899,-0.6264829039573669
7198,7198,1,0.9917175,276.648326734894,99.97767539011333,799.1828006521395,1.0897045195174062,2.448524561538556,-0.41871151328086853,0.6433915495872498,-0.6408806443214417
7199,7199,1,0.99014777,287.4902017803326,103.51216946059976,830.3473263189671,1.088086392389853,2.4623800757056546,-0.4187244176864624,0.6285439729690552,-0.655440628528595
7200,7200,1,0.9901248,278.727876707816,97.7753586394246,803.7801268653521,1.1273472037378909,2.2103668865916606,-0.4472547173500061,0.5862618088722229,-0.6754705309867859
7201,7201,1,0.99452245,283.9925606307416,99.40710274937146,815.9384123879034,1.147469782180263,2.1857726149096597,-0.45803865790367126,0.5700914859771729,-0.6820530891418457
7202,7202,1,0.9945697,263.83473884059794,91.97748045976759,757.4509776897497,1.0417131643148478,2.0758959117817803,-0.4143676161766052,0.5977853536605835,-0.6862595081329346
7203,7203,1,0.9918057,265.81584985876367,87.775374291959,759.8214351700358,0.891046322351587,2.2963757554834943,-0.32758116722106934,0.6717898845672607,-0.664371132850647
7204,7204,1,0.99242663,259.9670919038876,88.39331636738945,743.9479781071976,0.7715345981242552,2.620697099392182,-0.24820925295352936,0.7571913599967957,-0.6041965484619141
7205,7205,1,0.9927965,275.3008786822785,97.05236447810313,775.0354074580146,0.6768156132823242,3.33328841332307,-0.18966470658779144,0.8412594199180603,-0.5062706470489502
7206,7206,1,0.9955723,281.85251743610996,102.72718037132752,787.5928627972283,0.6131405365334202,3.936073516146668,-0.15213796496391296,0.8909584879875183,-0.4278399348258972
7207,7207,1,0.9972465,305.40158147451507,114.95251094857281,834.8540415585471,0.5782466731574119,4.295627578208706,-0.14816173911094666,0.897841215133667,-0.4146435558795929
7208,7208,1,0.9967739,326.8100336543843,122.77951234863457,868.3614356233956,0.4852031798687778,4.294574909223685,-0.12639929354190826,0.8901430368423462,-0.43779969215393066
7209,7209,1,0.9921886,330.21347944911804,125.62338733729922,863.6246301427547,0.46718756845809795,3.8131000673085307,-0.12869571149349213,0.8554218411445618,-0.5016881227493286
7210,7210,1,0.9912197,340.8043146255042,129.0162149793712,875.5201149386704,0.4456213344883139,3.5518539335208272,-0.1312151402235031,0.8250347375869751,-0.5496364831924438
7211,7211,1,0.99101406,333.29329702644156,127.08963692691304,857.7265306854279,0.4935937640822658,3.2393216751642586,-0.15301722288131714,0.7940627932548523,-0.5882602334022522
7212,7212,1,0.9921921,332.79115467480443,125.50232234272328,857.2739725652351,0.5550360790250963,3.049747468433592,-0.18608644604682922,0.7641507387161255,-0.6176128387451172
7213,7213,1,0.991907,329.33518300729776,120.22203633171883,850.1474909943122,0.6071793892236821,3.126809662563849,-0.20641176402568817,0.7759504914283752,-0.5960663557052612
7214,7214,1,0.99422956,320.0397290126576,114.91341400853354,838.5123904045995,0.6308280806085472,3.225561125392118,-0.2071763277053833,0.7949457764625549,-0.570209801197052
7215,7215,1,0.99561983,309.64817199346453,112.72799762134264,821.570941816252,0.7289300896407506,3.5582412623412636,-0.2341282218694687,0.831714391708374,-0.5034234523773193
7216,7216,1,0.9965061,307.5359386706494,111.62785698427292,821.7602309771886,0.7794117952932129,4.0607019370532464,-0.23635946214199066,0.8705121874809265,-0.4316743016242981
7217,7217,1,0.9968575,312.4683482207364,110.77186980986251,834.4852266612758,0.771623239698065,4.380935280035708,-0.2255050241947174,0.8884772062301636,-0.39969462156295776
7218,7218,1,0.99623954,309.86016924919073,111.32756085164029,826.9939245157983,0.7581412432927038,4.3709774454540895,-0.21946606040000916,0.8913031816482544,-0.3967534899711609
7219,7219,1,0.99685127,317.20070439623055,114.12548956794406,845.1309413373345,0.7267805696845188,4.329604638529767,-0.21324564516544342,0.8849740028381348,-0.4139412045478821
7220,7220,1,0.9970722,326.4843873359877,117.13140756023881,868.1943707530244,0.7171804236250173,4.267914129974401,-0.21687158942222595,0.8733474612236023,-0.43615466356277466
7221,7221,1,0.9966961,327.5742519923648,118.2940747036183,869.9218983494712,0.7001730331567337,4.096890635451124,-0.21603749692440033,0.8614050149917603,-0.4596838355064392
7222,7222,1,0.9965238,317.2650350839736,117.59934524589583,850.4388125692677,0.6791206174636205,3.8284332620527888,-0.20871601998806,0.8491427302360535,-0.4851744472980499
7223,7223,1,0.99614525,302.69234024972917,113.40887106899648,816.0324794477042,0.6934206376303346,3.513374218515626,-0.21468594670295715,0.8336920142173767,-0.5087903738021851
7224,7224,1,0.9954613,313.40817983588875,115.91258148612582,842.5945349619461,0.6946595551190616,3.525040645338054,-0.22162790596485138,0.8223879337310791,-0.5239839553833008
7225,7225,1,0.9981945,297.9773732594705,112.78319481315994,808.7866740134433,0.7157159631326508,3.165119882794858,-0.23260842263698578,0.7956809997558594,-0.5592719316482544
7226,7226,1,0.99725527,299.2624896771047,111.38226455031808,811.2210027741471,0.68047342167625,2.8825540223285198,-0.22491173446178436,0.759335458278656,-0.6105934977531433
7227,7227,1,0.99658704,301.6733444185957,107.91818355476028,809.3181693667422,0.6218256117177879,2.547423113927456,-0.20547860860824585,0.7111296057701111,-0.6723639965057373
7228,7228,1,0.99365556,302.4503978538138,103.178479344278,802.9993809345686,0.5610589466698913,2.0812994984846296,-0.18127000331878662,0.6236229538917542,-0.7604181170463562
7229,7229,1,0.9941155,300.854662705289,101.9640757292047,796.5166923503476,0.501063179243873,1.8279717953501176,-0.14599549770355225,0.5674138069152832,-0.8103868961334229
7230,7230,1,0.9935621,300.3581873399616,102.39861285211805,796.4769135999686,0.37785185302054164,1.5644788974990391,-0.06423382461071014,0.4961307942867279,-0.8658685088157654
7231,7231,1,0.9929709,299.909763404809,102.6335598655537,794.63426660844,0.28922827779582616,1.2739587036657583,0.0009827966568991542,0.4018263518810272,-0.9157153367996216
7232,7232,1,0.99322164,303.5184842612044,104.04872991644396,809.4984759931231,0.25587544561772313,1.1024210235576077,0.0221539493650198,0.3318166434764862,-0.9430837035179138
7233,7233,1,0.99303824,290.66271525596323,102.4041210703726,785.2872899588342,0.4271786998197548,0.9785234697744414,-0.08096467703580856,0.2906811535358429,-0.9533882141113281
7234,7234,1,0.9914744,287.9919596886785,101.59439417325133,785.8412910881616,0.5466128324963976,1.018026995000039,-0.16153499484062195,0.3003740906715393,-0.9400435090065002
7235,7235,1,0.9898393,289.35627856449537,102.9946910550192,797.0354861923979,0.6526221272362841,1.1486391888636747,-0.23213091492652893,0.33509561419487,-0.9131408333778381
7236,7236,1,0.9894722,295.59951834275216,108.03966278733323,822.9307608600931,0.7424302699049307,1.453285938755841,-0.2866244614124298,0.41354259848594666,-0.8641926646232605
7237,7237,1,0.9896269,293.0794056766586,107.53877332654633,820.6474946162322,0.8142880026178687,1.8532027405162383,-0.3179733455181122,0.5257217288017273,-0.7889928221702576
7238,7238,1,0.99160284,286.1693498439804,106.32430361723152,807.4701198150109,0.8516234951274576,2.202269840353958,-0.32334017753601074,0.6167988181114197,-0.7176422476768494
7239,7239,1,0.99163145,287.77547777182514,105.34571285732586,819.6609726412535,0.8476954527898465,2.399220351733561,-0.31246238946914673,0.6543529033660889,-0.6886142492294312
7240,7240,1,0.9915692,282.6694719730023,106.8060187808851,804.682244799475,0.8742004000513939,2.3012811757759537,-0.32863858342170715,0.6374967694282532,-0.6968461871147156
7241,7241,1,0.99017894,277.3664355074791,103.89725526305274,790.7203350382497,0.8713342280816554,1.9879071613779493,-0.33656609058380127,0.5743036866188049,-0.7462563514709473
7242,7242,1,0.99249095,279.4028159067437,102.0218351107485,798.0921710668026,0.9151250125415247,1.7878633324545314,-0.3658353388309479,0.5125842690467834,-0.7768023610115051
7243,7243,1,0.99234116,285.22612432097,104.83744427614818,813.9200385196522,0.9389263414929098,1.897548338315317,-0.3758469820022583,0.5280425548553467,-0.7615183591842651
7244,7244,1,0.9914426,283.6145807983648,107.26236266561592,808.5089575254921,0.8886861298563117,1.9435811371853093,-0.3490530252456665,0.5479306578636169,-0.7602196931838989
7245,7245,1,0.9900684,282.0949362477188,102.87213754031599,804.0356091762354,0.7990539983458089,2.2264659136152716,-0.2907545268535614,0.6341285109519958,-0.716479480266571
7246,7246,1,0.9871171,273.4530041483017,101.59126248732433,781.7152621342008,0.7897529974336001,2.7534301403223296,-0.26255059242248535,0.7495319843292236,-0.6076751351356506
7247,7247,1,0.9921909,272.09599968736796,100.38656354647107,772.8312216565322,0.6407383496280384,3.2177672622096463,-0.17288905382156372,0.8324407339096069,-0.5264520645141602
7248,7248,1,0.99470335,275.6171647253262,100.84917150591245,776.3308327921326,0.4959171054445519,3.7398401238156977,-0.09833540767431259,0.8884416818618774,-0.44833195209503174
7249,7249,1,0.9946655,283.9330405345515,102.47058134672834,786.2376272124694,0.37101458366466145,4.285860844151152,-0.04820149764418602,0.9232174754142761,-0.38124293088912964
7250,7250,1,0.9951538,292.0268992117511,102.98199427667136,797.3681904807628,0.24710216166917195,4.76256481941011,-0.007003412581980228,0.9431136846542358,-0.3323966860771179
7251,7251,1,0.99441576,292.55906351668756,102.20813468823695,796.3316086313727,0.22897642922097705,5.139938896191632,-0.0034480371978133917,0.9559118151664734,-0.2936336398124695
7252,7252,1,0.9930234,296.63147779211386,102.65583288983454,803.1647471056377,0.17844830836407566,5.59138093794526,0.007530798204243183,0.9662624597549438,-0.25744926929473877
7253,7253,1,0.99539846,290.74402678688085,103.66411658949163,786.1453633998955,0.10930414144470517,5.395152928074426,0.036371249705553055,0.9641047120094299,-0.2630194425582886
7254,7254,1,0.9952252,285.35974676433983,104.90422339176335,778.022805653749,0.10961916731134032,5.28628542869618,0.04135420173406601,0.9625939726829529,-0.2677735686302185
7255,7255,1,0.99412847,291.3193104818995,107.88534495678566,799.5676107690216,0.050203090484185885,5.4931452799873535,0.054283566772937775,0.9634657502174377,-0.26227280497550964
7256,7256,1,0.9950723,292.225292745366,107.6622083729826,802.6109819401822,0.06004578178078147,5.513093157878719,0.05011826008558273,0.9636233448982239,-0.2625228762626648
7257,7257,1,0.99436766,286.5879027048774,105.44358843117845,784.781728059061,0.16310726886350063,5.54443988628238,0.019290799275040627,0.9678407907485962,-0.2508227229118347
7258,7258,1,0.99579537,297.130086041251,106.88667170898263,806.2412566551149,0.25436053647524565,5.845266198334199,-0.01862906478345394,0.9704360365867615,-0.24063843488693237
7259,7259,1,0.9958793,298.9296191810441,106.14770091005278,801.7246505255433,0.36483696280399924,6.137490734051051,-0.0538480319082737,0.9745239615440369,-0.21772323548793793
7260,7260,1,0.9961361,304.94582510169874,109.55173967208316,807.2637022604663,0.49565007912610687,6.525431461658826,-0.09333216398954391,0.9761321544647217,-0.19609986245632172
7261,7261,1,0.9963439,315.41472443024617,114.620013745196,825.8506802643592,0.6144726339535356,7.019988844639627,-0.12607455253601074,0.9761291742324829,-0.17685309052467346
7262,7262,1,0.99527234,331.3441856676766,119.32025550653809,859.7839364180985,0.6857660247882109,7.290467733333368,-0.1482176035642624,0.9727319478988647,-0.17839322984218597
7263,7263,1,0.99394953,335.94243005789895,121.51433670253921,870.9220176584209,0.6436998868191308,6.878164659530525,-0.1454516500234604,0.9673946499824524,-0.2073436677455902
7264,7264,1,0.99449027,333.73802611110256,121.40996097460993,864.3908918485955,0.5616487401399693,5.915168168872535,-0.13474154472351074,0.9531822800636292,-0.27071815729141235
7265,7265,1,0.9927004,329.3002559207741,120.08172516850686,857.0749048928901,0.5178928875315348,4.931727652877217,-0.13167375326156616,0.9251226782798767,-0.3561040163040161
7266,7266,1,0.99493235,315.4570373402304,116.32232787494098,839.3100115404712,0.6293961500920477,4.143193102849619,-0.17934821546077728,0.8818086981773376,-0.43617382645606995
7267,7267,1,0.99691224,305.1074833551144,115.40776213816048,825.238525339956,0.688117338962051,3.7323543384869384,-0.2073458880186081,0.8508317470550537,-0.4827970862388611
7268,7268,1,0.9969381,294.2804871514344,113.08869285655696,810.907878614295,0.6615754842504773,3.4653065252676347,-0.19483406841754913,0.8350446820259094,-0.5145289897918701
7269,7269,1,0.9950599,294.6383614180848,113.10329596214535,815.7253767320952,0.649463038206936,3.491139561060215,-0.18848416209220886,0.8368370532989502,-0.5139819383621216
7270,7270,1,0.99529535,301.27053212870067,115.0476414424162,833.606822412682,0.5709079227702468,3.7376802862486964,-0.1522139310836792,0.858250617980957,-0.4901396334171295
7271,7271,1,0.9953185,297.60640980848405,115.6872817224978,824.8973043695364,0.3976962634395281,3.908446523798359,-0.07113096117973328,0.8844991326332092,-0.46108752489089966
7272,7272,1,0.99431413,308.8850057269314,117.02172267759222,846.4230038038226,0.2016364847916659,4.216549275647806,0.0029448429122567177,0.9022552371025085,-0.4311923086643219
7273,7273,1,0.9970817,298.4504867328141,110.6972024635882,808.7430504894055,0.04890638870766109,4.168132884413846,0.07593843340873718,0.9101323485374451,-0.4072989523410797
7274,7274,1,0.99664235,305.6455803337915,110.78768880173227,822.303753906132,-0.09812967187494946,4.176584052644965,0.1303168088197708,0.9025824666023254,-0.410319983959198
7275,7275,1,0.99682283,305.47600260825044,112.33202403699379,821.7044542293253,-0.15901904864920843,3.9302889433723505,0.1649227887392044,0.8827580809593201,-0.4399302303791046
7276,7276,1,0.9967609,309.5357373433407,110.99801254357438,831.4725755780997,-0.18453076594399856,3.7137410535082456,0.1808040291070938,0.861248254776001,-0.47493302822113037
7277,7277,1,0.99674416,306.80423318005177,109.91705067602597,824.8848388157022,-0.06912093566162078,3.5387948132497975,0.13902616500854492,0.8535521030426025,-0.5021160840988159
7278,7278,1,0.99703634,303.08936670908923,110.85847068696569,819.258896787086,0.07316759035739231,3.430164391879141,0.0792742371559143,0.849204421043396,-0.5220798850059509
7279,7279,1,0.99581736,307.1437714248388,114.78163396079098,840.0176118442655,0.25464882586356646,3.6582274871670353,-0.013987071812152863,0.8622741103172302,-0.5062487125396729
7280,7280,1,0.99486625,295.0311909447018,112.53123249250348,820.3587322978187,0.4537358419528762,3.8041845289940026,-0.09442394971847534,0.8764406442642212,-0.4721609354019165
7281,7281,1,0.9952886,290.72658743359233,112.2191677505471,817.6487138838202,0.6845907775615286,4.180767227445094,-0.18270327150821686,0.8904132843017578,-0.4168736934661865
7282,7282,1,0.99388796,300.1609518279287,114.13266457466797,867.2565501453214,0.8091033483701616,4.969369005278786,-0.21211601793766022,0.9101160168647766,-0.3559432923793793
7283,7283,1,0.99020934,296.26061918115323,111.05136590657192,878.0555353999283,0.7954738606791343,5.205784874962203,-0.1982065588235855,0.919824481010437,-0.33858105540275574
7284,7284,1,0.9921721,282.06192637686485,108.84154915434141,842.9095117677267,0.7191293846328115,5.21937815686043,-0.16494569182395935,0.933724582195282,-0.3177284300327301
7285,7285,1,0.9944009,299.93822825638136,112.78645439403245,880.3293707951944,0.6517619670025945,5.9578339475292035,-0.14109960198402405,0.9509212970733643,-0.2753898501396179
7286,7286,1,0.99669826,310.4968014721382,119.83323618724505,896.6961194205811,0.7439289376503626,6.831363758468025,-0.15930688381195068,0.9616987109184265,-0.22306248545646667
7287,7287,1,0.9968432,305.4764149055191,122.98116418894324,882.3042943291412,0.836074476696359,7.468147024552038,-0.17027997970581055,0.9687836170196533,-0.18017500638961792
7288,7288,1,0.9978467,307.1611042717797,128.9470652012941,893.2746268768561,0.9669970157427392,7.92117061026582,-0.19385457038879395,0.96741783618927,-0.1628592312335968
7289,7289,1,0.99688256,316.83854919253923,134.74878543675516,921.7572469938724,1.0215124809629623,7.753170207349341,-0.21354719996452332,0.9595131874084473,-0.18366298079490662
7290,7290,1,0.9975151,305.19505505702324,130.94986990251155,886.131808991595,0.985896393641156,7.104108816852163,-0.21421900391578674,0.9554954767227173,-0.2028266340494156
7291,7291,1,0.9975973,309.05315301312646,130.68345550844666,888.9101455144388,0.8938549909877934,6.329878545193226,-0.2097892463207245,0.944213330745697,-0.2538694143295288
7292,7292,1,0.9971244,297.6038366039097,123.19112199839198,854.5778516126169,0.7570602804535064,5.480813169983137,-0.18253590166568756,0.9354976415634155,-0.30253076553344727
7293,7293,1,0.99755836,290.9251428993202,118.24115217504949,833.1413025966023,0.668933916017222,4.973792480146687,-0.15953218936920166,0.9276108741760254,-0.3377685248851776
7294,7294,1,0.99802893,291.03782987712276,116.99127021853703,833.1735339648907,0.6792183069420352,4.711100805426918,-0.16849952936172485,0.9155536890029907,-0.36519771814346313
7295,7295,1,0.99822444,288.87381065337684,116.07054856050634,828.297316366035,0.7057780811824598,4.553001545832036,-0.1805025339126587,0.9074006676673889,-0.3795298635959625
7296,7296,1,0.9968856,293.12916425696307,115.47805734693968,838.6188278770978,0.7039783703769397,4.660085203353245,-0.17973865568637848,0.9100483059883118,-0.37350520491600037
7297,7297,1,0.9968862,287.18682693071236,112.59294762847348,821.8930638348171,0.7138711651797093,4.6424578313744025,-0.18012776970863342,0.9135753512382507,-0.3646012842655182
7298,7298,1,0.99609226,296.41994348787654,114.68058531259584,850.3363462541956,0.743330394441587,4.90050817729794,-0.18972942233085632,0.9157755970954895,-0.354059100151062
7299,7299,1,0.9970372,294.9653186953959,113.32012870005796,841.7725770854125,0.7576830706741116,4.841296722880259,-0.19549141824245453,0.9143073558807373,-0.3547183871269226
7300,7300,1,0.997502,290.07207619485547,112.81255531089118,832.9614737211353,0.7429283269834799,4.704835495239165,-0.19072206318378448,0.9115789532661438,-0.36420997977256775
7301,7301,1,0.9969447,289.49144558025085,112.10074197045826,830.6188032587428,0.7408430389082775,4.6255357287885674,-0.19157740473747253,0.9085025787353516,-0.3713774085044861
7302,7302,1,0.99574786,286.4518717009982,111.42664639855127,827.2719124224601,0.7150719749374204,4.668867981743728,-0.1790563017129898,0.9137187004089355,-0.36476972699165344
7303,7303,1,0.9958165,286.12708452016943,111.6926648219498,825.0266293796727,0.6970823431120743,4.656194275877794,-0.17263098061084747,0.9148561954498291,-0.36501607298851013
7304,7304,1,0.99538815,291.06873141392896,112.34244745236826,835.6948024890771,0.6707112596435814,4.743758450194291,-0.16412384808063507,0.9175578951835632,-0.36214762926101685
7305,7305,1,0.9954927,286.48561459778017,110.76598262632251,829.9836678306712,0.6842071275948826,4.7680486228313885,-0.16546277701854706,0.9198133945465088,-0.3557603657245636
7306,7306,1,0.9950477,287.7030314418488,111.44484525815601,829.5102645463803,0.6804079074946594,4.836689262104522,-0.16360779106616974,0.9229893684387207,-0.3483147919178009
7307,7307,1,0.9956126,284.0859579806413,109.1467149971694,818.833987010934,0.6775911245501227,4.926211647093716,-0.15856750309467316,0.9297795295715332,-0.3322144150733948
7308,7308,1,0.9945925,282.53286116990074,108.93151390451789,811.3637293108412,0.6698205853670505,4.837437471877404,-0.15671586990356445,0.9284424185752869,-0.33680081367492676
7309,7309,1,0.9951746,278.2605444457216,106.60166537108637,798.7754642851368,0.617015648241066,4.628889883936004,-0.13823065161705017,0.9260789752006531,-0.35109835863113403
7310,7310,1,0.9957267,282.95629735588585,107.8078299311439,810.630451981866,0.5727318580528077,4.248913710301461,-0.13008782267570496,0.9055027961730957,-0.40390822291374207
7311,7311,1,0.99411374,282.8061123987697,107.04170841706663,806.4222414649435,0.41568366538451396,4.005997123351407,-0.0664699524641037,0.8990206122398376,-0.43283218145370483
7312,7312,1,0.99503124,286.48140650346926,106.90860412570954,811.3969442516668,0.2295105184406082,3.796333203420591,0.01392838079482317,0.8860598206520081,-0.46336159110069275
7313,7313,1,0.995443,287.99277947963736,105.43130785671316,799.6759134765099,0.0956237074018255,3.637081892294935,0.07714059948921204,0.876708984375,-0.47479546070098877
7314,7314,1,0.9974598,303.250563308944,107.12707600928589,827.5041688983453,-0.07679751110585022,3.918749603707134,0.13145166635513306,0.8846712112426758,-0.44730010628700256
7315,7315,1,0.9964541,307.1917771705894,108.91390704787182,833.1132049516356,-0.162533534165825,3.914921336526712,0.16456416249275208,0.8785898685455322,-0.44832852482795715
7316,7316,1,0.99758613,306.78687444414527,108.18717991080507,829.3362657138879,-0.20121697578861833,3.920115053642242,0.180956169962883,0.8780918717384338,-0.4429554343223572
7317,7317,1,0.99761295,307.43507274003923,108.58374569409735,830.6836899721012,-0.2161986667894315,3.9243872456839926,0.1864335685968399,0.8770995140075684,-0.4426499605178833
7318,7318,1,0.9977087,303.2637028958904,106.66541478650238,817.4561729273588,-0.16586462038549663,3.855951510954795,0.17221112549304962,0.8788569569587708,-0.44492006301879883
7319,7319,1,0.99841475,312.03066785983606,108.26231727310471,840.1466071322728,-0.168974228514936,4.0267565194270905,0.15858528017997742,0.8850013017654419,-0.43774810433387756
7320,7320,1,0.9986601,307.6686512922011,109.00363264366182,828.9903653757827,-0.13107532797134733,3.996524547353077,0.1481446623802185,0.8875587582588196,-0.4362254738807678
7321,7321,1,0.9986236,307.54353553111474,108.01276487758015,828.9606161488223,-0.06368337018092787,3.9031938634413526,0.12291023880243301,0.8837969303131104,-0.4514378309249878
7322,7322,1,0.99839765,305.3515364104728,109.97558955194457,825.7243936277724,0.057712115477415865,3.6530153126356453,0.0784936249256134,0.8677394390106201,-0.49078208208084106
7323,7323,1,0.995456,294.46211221748916,106.78885745530027,802.3804282514972,0.24794604820014204,3.3231594050650632,0.0038632056675851345,0.8468906283378601,-0.5317530632019043
7324,7324,1,0.99553066,295.2655344768132,110.37257591508823,821.6716918743247,0.38586407167627335,3.2558805535952593,-0.06523685157299042,0.8266104459762573,-0.5589807033538818
7325,7325,1,0.99757737,291.5881932395549,110.97306438558985,817.263146298816,0.5054344903946506,3.19345664736931,-0.12220896035432816,0.8150328993797302,-0.5663800239562988
7326,7326,1,0.996878,296.2434831319301,112.60580983179814,838.8669249965104,0.5676132968649453,3.3603940462732713,-0.15271183848381042,0.8200634717941284,-0.5515206456184387
7327,7327,1,0.99641764,301.01863777512636,114.50381558899086,852.9233211240689,0.6285204795235877,3.593638541404587,-0.17905984818935394,0.8335118889808655,-0.5226811170578003
7328,7328,1,0.9960288,300.5205532564963,112.27920281934217,849.8043948146133,0.6249904735098873,3.7010555545352046,-0.17463384568691254,0.8458962440490723,-0.5039470195770264
7329,7329,1,0.9964503,300.41218157060945,112.76713617885214,847.9762150477842,0.5851265950559108,3.906986615989118,-0.15335838496685028,0.8670358061790466,-0.4740571081638336
7330,7330,1,0.99756527,294.6039277617035,110.91775139590538,828.1495252055366,0.5010365225695391,4.144469409063584,-0.11064372211694717,0.8962841033935547,-0.4294564425945282
7331,7331,1,0.9975738,294.6586199910271,109.61912327907301,814.3572864201068,0.36064827430103463,4.420707099222945,-0.05198853090405464,0.9214779138565063,-0.3849358856678009
7332,7332,1,0.99739385,302.33147560275455,110.13465600914589,822.3866373230936,0.19486242079987215,4.862054026276602,0.00443925941362977,0.9410059452056885,-0.3383609652519226
7333,7333,1,0.9959597,310.68867386091097,110.89859681975678,841.1338661664716,0.014450703385848224,5.1782868999302725,0.05899737775325775,0.947263240814209,-0.3149789273738861
7334,7334,1,0.99745625,320.08819382827727,114.72785463772834,863.1038273399223,-0.07342224073031829,5.003023153214736,0.0868484154343605,0.9348735809326172,-0.34419289231300354
7335,7335,1,0.9964689,316.6186431143445,114.10928663159405,855.4463499682223,-0.08776556242315324,4.544516003322747,0.1060403436422348,0.9152984619140625,-0.3885668218135834
7336,7336,1,0.9974763,314.68201283308656,114.83895782680342,852.669309375139,-0.03568680364343204,4.2728359031998275,0.09446022659540176,0.9019385576248169,-0.42140740156173706
7337,7337,1,0.99749655,312.7805647974794,114.19562486718269,848.8106908242609,0.08278956349000673,3.8913626250705535,0.05517267808318138,0.8790878057479858,-0.47345608472824097
7338,7338,1,0.99638414,309.15007063739074,113.70610938956638,841.851656022849,0.22607694306461737,3.6671866710266157,-0.0026312561240047216,0.8630070090293884,-0.5051851272583008
7339,7339,1,0.9941089,307.98086399957907,114.72567612178467,843.8838604105299,0.4441560187238633,3.5532027243150894,-0.10253658145666122,0.844402015209198,-0.525805652141571
7340,7340,1,0.99452174,303.55509415482925,117.38248593132785,846.1712723363538,0.5868468981752898,3.43529243972476,-0.16669167578220367,0.8216971755027771,-0.5450025200843811
7341,7341,1,0.9960789,305.6302484094775,117.73085991693658,860.6421818557288,0.7076155312732137,3.522522786894223,-0.21940049529075623,0.8147661685943604,-0.5366745591163635
7342,7342,1,0.997405,296.7937517732674,113.84735043755472,843.452820061053,0.7765509905122708,3.465663232152445,-0.24530763924121857,0.8108407855033875,-0.5313768982887268
7343,7343,1,0.9968821,298.36654551789866,115.07921956176915,846.3812801027392,0.7582355329593414,3.533605449563629,-0.23623858392238617,0.8183280825614929,-0.5239566564559937
7344,7344,1,0.9967926,297.2840465411876,114.51971699141394,845.3094356831853,0.6930502333576228,3.5678446666743215,-0.2058035135269165,0.8288124799728394,-0.5203025937080383
7345,7345,1,0.9974023,296.54421484908283,114.37588152801823,840.221249475103,0.6154722009515086,3.6892072316891156,-0.16839592158794403,0.8489932417869568,-0.5008525848388672
7346,7346,1,0.9957071,299.6465141173963,113.28751130087197,840.717158787903,0.4597354668519499,3.944233600930348,-0.09894755482673645,0.8795220851898193,-0.46545717120170593
7347,7347,1,0.9972007,291.6122948567303,108.79789508520416,807.6689383295892,0.2886308704515277,3.873243808916129,-0.01772989146411419,0.8921187520027161,-0.45145300030708313
7348,7348,1,0.9967714,299.8854252201567,110.64561510029034,823.64950774804,0.10724035337191531,3.9126176545392144,0.055100955069065094,0.8896647691726685,-0.4532775580883026
7349,7349,1,0.99666166,303.84523212683695,110.4460934997104,833.1261089270897,0.018705674234369845,3.819991274564717,0.09266040474176407,0.8779018521308899,-0.46978968381881714
7350,7350,1,0.99696654,303.27425629706005,109.82306862558683,829.9803698743846,0.02067168925841958,3.6225321612850827,0.0979045033454895,0.8624184727668762,-0.49663782119750977
7351,7351,1,0.99698025,297.99091839654926,108.13730923038345,817.6085436776766,0.05695779015093055,3.4800737310159455,0.09013434499502182,0.8547917008399963,-0.5110840797424316
7352,7352,1,0.99698216,296.9779025176542,108.13738201127939,814.1942080505511,0.07769011802315622,3.396822071904722,0.08357585221529007,0.8482718467712402,-0.5229244828224182
7353,7353,1,0.9970409,308.5375564037367,111.9003455485107,844.0317638275257,0.07941165079354162,3.4777926462526536,0.06939464062452316,0.8442060351371765,-0.5315078496932983
7354,7354,1,0.9980494,300.85929854587164,109.61003668080839,824.5678743517406,0.11798968947256179,3.324704130163269,0.06189551204442978,0.8368582129478455,-0.5439092516899109
7355,7355,1,0.9980605,306.0630946743708,110.98291081605491,837.9776789707363,0.10115146507969358,3.3212440552110976,0.06503622233867645,0.8304204940795898,-0.5533282160758972
7356,7356,1,0.9977361,303.5953168209515,111.71185783837852,828.9466944003979,0.10566506879517198,3.3314294848848554,0.0652080774307251,0.8351196050643921,-0.5461897850036621
7357,7357,1,0.99763656,305.04880796351273,110.9319135502481,834.0540198763862,0.09828368505412545,3.402319164890128,0.06559272110462189,0.8408087491989136,-0.5373438000679016
7358,7358,1,0.99740195,304.5051597000443,110.70933379713402,832.8025613981212,0.10254573880146892,3.5324740456346557,0.06112191453576088,0.8545238971710205,-0.5158032774925232
7359,7359,1,0.99720937,301.10210807571946,109.49519454171379,825.7745826284336,0.10458671480254175,3.6749424695833683,0.060158297419548035,0.870319664478302,-0.48879924416542053
7360,7360,1,0.9960061,296.8858375342653,108.38070228484797,816.6627674399283,0.09339958691530546,3.8087406551193097,0.06602904200553894,0.8843328952789307,-0.4621639847755432
7361,7361,1,0.99611473,301.9464382186747,109.99131019371494,828.1434794892621,0.06454034523920138,4.009442851386256,0.06969764828681946,0.8945903182029724,-0.44141867756843567
7362,7362,1,0.9960835,306.14200932010607,112.38212029749218,838.5050737304305,0.051226374077303634,4.179588726775057,0.06804881244897842,0.9021573066711426,-0.4260065257549286
7363,7363,1,0.9970304,301.1813498564855,109.89475734030805,826.2574485803135,0.060426113730069404,4.193264065929438,0.06797975301742554,0.9069445729255676,-0.4157286286354065
7364,7364,1,0.9970271,295.1300054797716,109.7271382584849,809.7020356187928,0.09632075089547691,4.087615589527035,0.06033473461866379,0.9057692885398865,-0.41945403814315796
7365,7365,1,0.9972485,291.6437629321665,107.88643004890667,799.4551167859478,0.12287242886883314,4.071521843205748,0.05226260423660278,0.9083945751190186,-0.4148348867893219
7366,7366,1,0.9974974,301.3591515377182,110.6512005593081,826.0102575820488,0.11199847218261702,4.283954251327416,0.04487968981266022,0.9129320979118347,-0.4056363105773926
7367,7367,1,0.9976178,297.8241258380555,110.00934592760565,817.7708435274299,0.14732952546601083,4.295569947050123,0.033047400414943695,0.9161710143089294,-0.39942267537117004
7368,7368,1,0.997715,295.09715945281584,107.84857112619665,808.5712697925381,0.13590232574845273,4.255620396493926,0.0405542328953743,0.9167062640190125,-0.39749836921691895
7369,7369,1,0.9982343,298.4970326228145,110.22369492830558,825.0409985139418,0.14892282327864165,4.067546573687717,0.035352252423763275,0.9002987146377563,-0.43383461236953735
7370,7370,1,0.9980634,298.59675639768545,108.14031913523407,823.0855692041065,0.2144668081785312,3.74593473637199,0.010952587239444256,0.8778848648071289,-0.4787465035915375
7371,7371,1,0.9981667,298.06146119750923,107.91092258842548,826.006468677966,0.27765899720773274,3.6108982738918978,-0.016373539343476295,0.8646221160888672,-0.5021558403968811
7372,7372,1,0.9975381,290.50591656331,106.54795357932757,806.0201443936612,0.3860416264034517,3.643667200116871,-0.06059842184185982,0.8727107048034668,-0.4844624996185303
7373,7373,1,0.99633324,291.86037896771865,109.26952017823903,821.1781863368993,0.4834773840942758,4.190046883637943,-0.1008695662021637,0.9025366306304932,-0.4186323285102844
7374,7374,1,0.9962909,288.3491553004629,108.78327982064182,820.0789000347149,0.5607304753223992,4.735522861222003,-0.12214943766593933,0.9275721311569214,-0.35311397910118103
7375,7375,1,0.99618894,296.892463017534,110.2899297529837,853.4458691959962,0.6200875386929234,5.225361691064081,-0.14078521728515625,0.9357372522354126,-0.32338109612464905
7376,7376,1,0.9956454,286.2270508560629,108.12666454816525,828.4200022159588,0.6247227208800602,4.909912577513996,-0.14106665551662445,0.9299296736717224,-0.3396042287349701
7377,7377,1,0.99539196,294.78224777347344,110.36636343756872,851.8133715696673,0.6254462448165653,4.771521741804791,-0.14884541928768158,0.9175933599472046,-0.36860209703445435
7378,7378,1,0.99527514,291.4225075105906,109.1558676209077,845.0021969026102,0.6495867687585309,4.603964918383448,-0.1586388498544693,0.9101349711418152,-0.3827376663684845
7379,7379,1,0.99538606,292.51497615081786,109.03364045825278,846.1206009978674,0.6677679883304065,4.5827369020031465,-0.16653673350811005,0.9075095057487488,-0.3856060802936554
7380,7380,1,0.9950989,287.90376094696666,108.49766599630446,834.4615965367279,0.6658538833290508,4.48818398828087,-0.1650005429983139,0.9061717391014099,-0.3893939256668091
7381,7381,1,0.9940006,289.5405003548163,110.66120465036725,832.9172013270909,0.6542570979223304,4.3318290297063,-0.16530580818653107,0.8980006575584412,-0.40776076912879944
7382,7382,1,0.9936225,288.77067191814217,109.46894186665016,831.5505832104318,0.670628962218007,4.213785769609476,-0.1737145632505417,0.8902168869972229,-0.4211142361164093
7383,7383,1,0.99379456,284.78772349218997,108.15499607533802,815.3930989702963,0.714557382596359,4.081188331312296,-0.1924392133951187,0.8835688233375549,-0.4269348382949829
7384,7384,1,0.99523914,284.4053413784214,108.3995650424858,808.5980298955019,0.710372935010186,3.9784832255479894,-0.19365207850933075,0.878732442855835,-0.436266154050827
7385,7385,1,0.9954183,285.65037278932004,108.07180386174407,808.587622575349,0.6622894533983574,3.7050649015057107,-0.18112044036388397,0.8609089851379395,-0.4754273295402527
7386,7386,1,0.996405,284.55982029540905,107.27084786271048,802.5007734642257,0.5892617908479033,3.3766591598990967,-0.1543501764535904,0.8379948735237122,-0.5233933925628662
7387,7387,1,0.99765635,291.54598429729816,108.83599989629239,813.0304796775746,0.5313158015839161,3.1750068043937016,-0.135417640209198,0.813623309135437,-0.5654017925262451
7388,7388,1,0.99750715,293.0485161231003,108.54976095786112,814.7721051736174,0.49193578039539876,3.0524049834816127,-0.11841452866792679,0.7998216152191162,-0.5884414911270142
7389,7389,1,0.99710673,292.7153519834212,107.24759470004005,813.4254764394855,0.47772194065039164,3.025311559278491,-0.11103083938360214,0.7982184886932373,-0.5920467972755432
7390,7390,1,0.9971775,293.5225501954657,107.53649545972297,812.8219584627901,0.48994829125203687,3.012545521972172,-0.11834869533777237,0.7958384156227112,-0.5938306450843811
7391,7391,1,0.9971553,297.7862814959453,109.73297900116296,826.2638511519023,0.5226790038163619,3.1250766979293934,-0.1368384063243866,0.8011250495910645,-0.5826439261436462
7392,7392,1,0.9960114,296.4489420367409,111.36395464850835,834.6319598013964,0.6282601541334311,3.178216221422761,-0.18584847450256348,0.7955179810523987,-0.5767248272895813
7393,7393,1,0.9958474,297.54846650564434,111.49288380978176,842.4502155737664,0.7259619354875653,3.1483430056865784,-0.2331640124320984,0.7787292003631592,-0.5824220776557922
7394,7394,1,0.99492973,296.9375604356557,112.01117253798928,853.7378277148131,0.8145329986939701,3.1676923917228406,-0.2711457312107086,0.7668673992156982,-0.581716775894165
7395,7395,1,0.99546295,295.77680819793784,112.5981371540908,846.7641619050987,0.8428745719322086,3.1239362526201266,-0.28569161891937256,0.7604384422302246,-0.5831927061080933
7396,7396,1,0.99591297,293.8887980867766,111.75709725589014,841.4907701368192,0.8307689370313879,3.1230854822425327,-0.2792947292327881,0.764631450176239,-0.5808039903640747
7397,7397,1,0.9959776,294.24299460087184,111.99170006881927,840.5479640787577,0.8339998076169918,3.2165726499701717,-0.27764251828193665,0.7769080996513367,-0.565091609954834
7398,7398,1,0.9951551,300.49140022369255,112.37622629504376,861.5817835897328,0.845714794294509,3.481698800848501,-0.27495428919792175,0.7981714606285095,-0.5360247492790222
7399,7399,1,0.99432206,296.85735857416125,112.16918038956858,847.5507604804643,0.8228518208891616,3.529366244003439,-0.26228639483451843,0.8118005990982056,-0.5217141509056091
7400,7400,1,0.99550444,301.96112390750244,114.27987357538159,857.1061636278617,0.7791873969496499,3.6166410250703604,-0.24409319460391998,0.8205525875091553,-0.5168287754058838
7401,7401,1,0.99532866,295.453132934212,112.70457893073076,832.9559744202323,0.7104806497174875,3.5899141763886147,-0.21220241487026215,0.8347811698913574,-0.5080458521842957
7402,7402,1,0.9956955,298.61818594224496,112.38585003123178,836.9717943397591,0.664928111245401,3.731956163668717,-0.19067531824111938,0.8503208160400391,-0.4905073940753937
7403,7403,1,0.99711263,308.41698827768147,115.56402781701526,859.0192656578979,0.6459458212540309,4.090445415315844,-0.18056908249855042,0.8717604875564575,-0.4554431140422821
7404,7404,1,0.99729544,309.3992055506439,114.62721609278476,854.612434178789,0.6109172440543247,4.154856105151974,-0.16593220829963684,0.8803118467330933,-0.444429486989975
7405,7405,1,0.9970311,311.2148815871769,113.50419415730131,856.6882783515794,0.5602405266168977,4.116344364313434,-0.1472790390253067,0.8803020119667053,-0.4509737193584442
7406,7406,1,0.99706334,316.7625860112767,114.63753027470695,867.126025964918,0.5270605617094449,4.0994430579995935,-0.13784536719322205,0.8770753741264343,-0.46014946699142456
7407,7407,1,0.99601054,304.18653559517287,112.6979021626952,847.3343821742046,0.5817138104677153,3.854615925420654,-0.1559598743915558,0.8628256320953369,-0.48084142804145813
7408,7408,1,0.99580574,299.6357114626534,114.52435427615784,844.8243022716778,0.6254650277676436,3.8800935847957247,-0.17079748213291168,0.8627996444702148,-0.4758203625679016
7409,7409,1,0.9960659,302.7257562703938,114.4160555815128,855.5676529473172,0.6325651405362125,4.093815065226312,-0.170811727643013,0.8749622106552124,-0.4530612826347351
7410,7410,1,0.99629277,299.0235994622021,113.76251762343772,848.309903189659,0.6589349180571272,4.120954738783291,-0.1784190684556961,0.8778132796287537,-0.4445340633392334
7411,7411,1,0.9964553,299.58409128532526,113.47925759441303,850.2840952816877,0.6723160226082281,4.221014434913621,-0.1816893368959427,0.8831213116645813,-0.4325341582298279
7412,7412,1,0.99635065,302.34096323078353,114.58557471816552,855.880408457385,0.6690413632230927,4.290241723211808,-0.18062648177146912,0.8857812881469727,-0.4275110065937042
7413,7413,1,0.9966904,295.6698060951946,113.24647180261924,836.4195026440281,0.6864031014732048,4.162912615012277,-0.18658596277236938,0.8827688097953796,-0.4311669170856476
7414,7414,1,0.9955996,293.40647680517117,112.68638256551804,828.8443817538663,0.6748025992295672,4.206999001349074,-0.17956745624542236,0.8891765475273132,-0.4208570122718811
7415,7415,1,0.9952414,296.48361141308294,113.69169818454925,838.6659649702619,0.6533250658697488,4.288302801998895,-0.17105787992477417,0.8925371170043945,-0.4172729551792145
7416,7416,1,0.9957326,299.13759609483304,113.11874748634987,845.7537145259365,0.6358710314302597,4.314998149600185,-0.16514988243579865,0.8931611776351929,-0.41831645369529724
7417,7417,1,0.99637944,295.79621349881285,112.5853031877781,837.3999033329163,0.6096602591684439,4.311507459972463,-0.15278495848178864,0.8974636197090149,-0.4137823283672333
7418,7418,1,0.996655,296.6080571585993,111.64096144163426,835.7919370551253,0.603772754207311,4.284006119436943,-0.15155145525932312,0.896675169467926,-0.41593971848487854
7419,7419,1,0.99677664,302.6094128941868,113.76384902566441,854.491733527173,0.6047824539356559,4.382325839798423,-0.15387925505638123,0.8963420987129211,-0.41580283641815186
7420,7420,1,0.9968701,296.8717286411583,112.63098304916389,838.5771362866776,0.6242578828454104,4.331130018687137,-0.15890367329120636,0.8972598314285278,-0.4119155704975128
7421,7421,1,0.9968213,301.3584856484726,113.92219259771922,850.6646410222196,0.6426588442591278,4.470663321520136,-0.16599757969379425,0.900231659412384,-0.40252673625946045
7422,7422,1,0.99708986,304.9207705651778,114.01663805513385,864.6294194947769,0.6562101505129916,4.630070710650004,-0.16959823668003082,0.9040775895118713,-0.3922756016254425
7423,7423,1,0.9970613,300.3625246501128,111.5394148437414,850.1527772886216,0.6772811137266384,4.556536697866267,-0.17623230814933777,0.9032558798789978,-0.3912428319454193
7424,7424,1,0.9972652,298.5944338963488,111.7728872699832,847.2318211906686,0.6632788233177603,4.55968453691855,-0.16986769437789917,0.9052781462669373,-0.3893795311450958
7425,7425,1,0.9972506,299.8890407560252,111.81804892752967,854.9411516846735,0.6398027058192619,4.602789667885953,-0.16079255938529968,0.9069558382034302,-0.38932880759239197
7426,7426,1,0.9970884,299.54220233540116,112.40934004671476,852.9020285592205,0.6331324952716945,4.650347781793668,-0.15731118619441986,0.910291850566864,-0.3829124867916107
7427,7427,1,0.9970118,303.04192684182686,113.78495889612054,857.1860370324279,0.6240495102916852,4.768153818275102,-0.15416137874126434,0.9150552749633789,-0.3727037310600281
7428,7428,1,0.996951,298.545804035092,111.97030011238125,850.6836993783846,0.6473942084248585,4.807309426793529,-0.15887559950351715,0.9176855087280273,-0.3641590476036072
7429,7429,1,0.99705935,302.4481358141018,113.50902405682211,856.3016800737033,0.6613463245168026,4.93246566896387,-0.16393733024597168,0.9205973744392395,-0.35443612933158875
7430,7430,1,0.99644864,308.7063694508037,114.8584494441291,873.1936635462381,0.6598446573593423,4.964732673118848,-0.1663520187139511,0.9175661206245422,-0.36110857129096985
7431,7431,1,0.9963134,303.2215692090024,113.48632834971615,857.2606810043908,0.6561592828001854,4.778186125052283,-0.1656501293182373,0.9135953783988953,-0.3713536858558655
7432,7432,1,0.9962613,296.07825770730966,112.49314612109275,840.9828458235239,0.6592643309555749,4.76241223031606,-0.16281171143054962,0.9173509478569031,-0.3632623851299286
7433,7433,1,0.99642545,301.9697515663551,112.79965419808305,858.3350007734554,0.6646285118413666,5.1987987681375545,-0.15950410068035126,0.9307798147201538,-0.32894885540008545
7434,7434,1,0.99685705,298.1694655556824,113.22116266073282,848.1084892941466,0.6843330648207027,5.677219562703331,-0.15530258417129517,0.9471663236618042,-0.2806369960308075
7435,7435,1,0.9968784,300.7997945848835,113.95064406062518,854.6460705698432,0.6975638891788583,6.41182982160166,-0.14864829182624817,0.961988091468811,-0.22909078001976013
7436,7436,1,0.9970016,297.80671316667406,112.86511110751165,846.3311694720566,0.642436055835245,6.400395372798342,-0.13181756436824799,0.9653035998344421,-0.2254175841808319
7437,7437,1,0.99693006,298.5154396479502,114.07777753378832,847.8771924944409,0.6411188621649222,6.013836751759233,-0.13710357248783112,0.9574392437934875,-0.25399354100227356
7438,7438,1,0.9971974,292.15070466358964,110.84874441570457,829.7644966385907,0.6888825862550257,5.396958070919024,-0.15845350921154022,0.9425646662712097,-0.29404816031455994
7439,7439,1,0.9969146,295.0819255532674,111.95678051590632,837.4989961734619,0.7254708445008264,5.224297887712851,-0.17564472556114197,0.9329570531845093,-0.31422924995422363
7440,7440,1,0.9965784,298.77673503088334,113.1028892452743,848.0659900925912,0.7255062628869509,5.1273341282914355,-0.17982566356658936,0.9267972707748413,-0.32971128821372986
7441,7441,1,0.99625385,302.8508235618501,113.31887339331684,859.5484235156424,0.7260537888801938,5.04919812985648,-0.1839171051979065,0.920792281627655,-0.34397101402282715
7442,7442,1,0.9957759,294.29815028785964,111.7419727043975,836.3899347575317,0.7401554129875063,4.77597633976806,-0.19052773714065552,0.9139899611473083,-0.35822001099586487
7443,7443,1,0.9957802,297.4407220324245,112.39234518091268,846.8040388649762,0.7771151637370232,4.803871352029207,-0.20456664264202118,0.9098021388053894,-0.36112675070762634
7444,7444,1,0.99687237,301.6697730280569,113.19448190598219,860.4749002564863,0.7975853554470949,4.813498199963455,-0.21363261342048645,0.9049681425094604,-0.3679589331150055
7445,7445,1,0.99683255,297.2418947091321,113.0611015623071,851.3851350106873,0.7528577406982901,4.546976447700926,-0.20238636434078217,0.8971342444419861,-0.3926701843738556
7446,7446,1,0.99687755,293.86892641803394,110.27229737141612,839.2842139248966,0.7233328774283093,4.35320768243134,-0.19433854520320892,0.8921029567718506,-0.4079029858112335
7447,7447,1,0.996926,296.662473508259,112.72666986914531,851.6942447578143,0.7409356969477486,4.427119377076512,-0.2006651908159256,0.8911299109458923,-0.40696555376052856
7448,7448,1,0.99662113,296.9447227264836,111.06115240803301,853.0107433203951,0.7613270427371677,4.511964584618802,-0.2058805525302887,0.894402027130127,-0.39706194400787354
7449,7449,1,0.99641895,301.1134343232148,113.57393098944584,864.4145792070267,0.7882651976675362,4.727804846562967,-0.21220088005065918,0.9004281163215637,-0.3797367513179779
7450,7450,1,0.9971296,297.3907730302294,112.78609471250185,853.8027982391926,0.7903156831006514,4.811200040498589,-0.20865347981452942,0.9075397849082947,-0.36446574330329895
7451,7451,1,0.9961081,297.3918952305663,112.35208024048721,854.3536321112052,0.7878777882669458,4.854948931324324,-0.20654521882534027,0.9097490906715393,-0.36013293266296387
7452,7452,1,0.9959176,294.7781076239258,111.8637465326637,847.0442104469553,0.7852909245188523,4.876784796281159,-0.20366381108760834,0.9129685163497925,-0.35356685519218445
7453,7453,1,0.99608314,293.7490620597753,111.40968063972547,843.2787379755714,0.7462390052180861,4.902889747075369,-0.18886642158031464,0.9179022312164307,-0.34897708892822266
7454,7454,1,0.9962748,295.023078890966,110.9128342601249,845.6411028526242,0.7334209016415654,5.077162816057424,-0.18108318746089935,0.9254377484321594,-0.33282700181007385
7455,7455,1,0.99570847,292.7847935264564,111.60208976229791,846.3175144039891,0.766802396691859,5.515822675360134,-0.18104670941829681,0.9388318657875061,-0.29294511675834656
7456,7456,1,0.99597025,300.77973287610183,113.41186412911837,870.3617226019686,0.7534562370265354,6.12918921561882,-0.16885611414909363,0.9515073895454407,-0.2571406364440918
7457,7457,1,0.99450856,295.52750322409435,112.9145499262089,858.3036603129964,0.7635597856577482,5.853760062468963,-0.17443378269672394,0.9464066028594971,-0.27182242274284363
7458,7458,1,0.99359,289.0769034603806,109.4627364347089,841.4943606318016,0.7637478424048174,5.4112421724421225,-0.180043026804924,0.9370803833007812,-0.2991067171096802
7459,7459,1,0.9930214,287.8387961061278,110.09774426230786,838.25940333578,0.8177830577532217,5.1079270355358855,-0.20440898835659027,0.9233693480491638,-0.3249707520008087
7460,7460,1,0.99322104,290.9325544536127,110.70788722196409,847.4954180391484,0.859690616058811,4.9002864284284655,-0.2259249985218048,0.9089325666427612,-0.35042765736579895
7461,7461,1,0.9931263,288.7808215925872,110.34258658819219,844.2961610542194,0.8826604711671768,4.754267404032964,-0.23703952133655548,0.9009953141212463,-0.36334511637687683
7462,7462,1,0.9929109,292.2011100685154,111.28116960899915,855.2177018629736,0.9254487611856952,4.805483333774327,-0.2517246901988983,0.8968468904495239,-0.3637312352657318
7463,7463,1,0.9929965,288.92588935733744,109.78845323669073,845.5899674669686,0.9755389373013464,4.795467551258448,-0.2672865688800812,0.8946550488471985,-0.35798078775405884
7464,7464,1,0.99314463,293.15816815552773,110.64238279938508,856.2245442888311,0.9946691804376491,4.8296527480560725,-0.27452221512794495,0.8915402889251709,-0.3602686822414398
7465,7465,1,0.9935215,289.4460964656033,109.88597750283947,846.8952637202505,0.9830752637357065,4.675121749285849,-0.2745174169540405,0.8870631456375122,-0.37115931510925293
7466,7466,1,0.99404436,286.46064701185867,108.7823367770388,839.9947029218412,0.9768852225951551,4.419495934230597,-0.28051698207855225,0.874712347984314,-0.39520689845085144
7467,7467,1,0.99322903,290.20716917091073,109.52394900280133,851.813801391905,0.9755952673142835,4.275329509230699,-0.2874170243740082,0.8612434267997742,-0.41910767555236816
7468,7468,1,0.9932805,294.40273986126726,110.93513488065668,863.9201428056091,1.0012421667989857,4.281321403407015,-0.2983616292476654,0.854659914970398,-0.4248961806297302
7469,7469,1,0.99296415,295.8080934036043,110.20991128206045,867.9593834795311,1.0399592628067311,4.378597607287204,-0.3083258867263794,0.8562754392623901,-0.4144003093242645
7470,7470,1,0.9939458,297.4680927736845,111.66962416248838,873.6171463480196,1.1000690788733885,4.624056865057378,-0.3189908564090729,0.864240288734436,-0.38901621103286743
7471,7471,1,0.99375737,298.6333528936821,111.5484981833021,878.3029632235063,1.1355753257241201,4.87691494108455,-0.31997567415237427,0.8744149804115295,-0.3647109270095825
7472,7472,1,0.9935579,293.4616220808249,110.09150119193309,864.0296942768509,1.098164771359228,4.942050059123583,-0.30326101183891296,0.8858335614204407,-0.3511861562728882
7473,7473,1,0.99351317,292.8712848989842,109.46265755291118,862.327375810626,1.0256744675542446,4.968967998776554,-0.2787650227546692,0.8946821689605713,-0.34904712438583374
7474,7474,1,0.9933096,299.94550187538357,111.57373228997524,880.1777601384988,0.9842758633091412,5.195298393076133,-0.261196106672287,0.90406334400177,-0.33829885721206665
7475,7475,1,0.99412376,297.9097073286047,111.57021337683345,877.4495860528918,0.9559184793618528,5.38584644165066,-0.24525830149650574,0.9151493906974792,-0.3199218511581421
7476,7476,1,0.9949356,299.46406565788055,112.82901760519725,881.9868286087054,0.9932597267715872,5.539733808297398,-0.2526795268058777,0.9169837832450867,-0.30869704484939575
7477,7477,1,0.9946319,294.5612205764191,110.96903162141102,866.0082175171368,1.010374807648491,5.18959059481416,-0.2670971751213074,0.9051768183708191,-0.33062678575515747
7478,7478,1,0.9913994,292.80494510436023,110.97308856884062,855.7074919134757,0.9873853219112787,4.656453613716114,-0.27839022874832153,0.882824718952179,-0.3783113360404968
7479,7479,1,0.9914444,290.13396518109346,111.88803606609697,848.1490484206369,0.9962710690705361,4.2879788909514325,-0.2950683534145355,0.8604784607887268,-0.4153450131416321
7480,7480,1,0.99385,288.54043751472125,110.63485971327127,843.2902932582898,1.0148130494857444,4.32655001446563,-0.29921817779541016,0.8629905581474304,-0.40708205103874207
7481,7481,1,0.99252456,286.8996992294433,110.08323783853155,836.7376822903944,1.0028980928770814,4.403593012080022,-0.2911740243434906,0.8715066313743591,-0.3945806920528412
7482,7482,1,0.9904143,298.4257022040251,113.05084952740049,869.9732987692569,0.9951203837479518,4.829912411788603,-0.2774029076099396,0.887306809425354,-0.36842137575149536
7483,7483,1,0.9923717,286.55217424686396,110.91065930369263,837.7656132588792,1.0088197404820862,5.268305950412695,-0.260707825422287,0.9150115847587585,-0.30787211656570435
7484,7484,1,0.99295115,286.4689077047849,109.97961984090296,835.5022857752257,0.9853666265220208,5.660240236883285,-0.24096538126468658,0.9311954975128174,-0.2735154330730438
7485,7485,1,0.99419796,290.91592843674476,110.30290994793165,848.8005235399601,0.9419291152530718,5.882295730425214,-0.2239076793193817,0.9383059740066528,-0.26352840662002563
7486,7486,1,0.99261814,302.0137678027711,112.32245248706296,877.8482214802276,0.8726600647432299,5.9918004620192455,-0.20643049478530884,0.9402323365211487,-0.2708313763141632
7487,7487,1,0.99302167,291.5988132475395,109.8792400156647,850.5082202867892,0.8417511969541184,5.546978411713715,-0.20275729894638062,0.9346827268600464,-0.29198917746543884
7488,7488,1,0.9932997,291.8559035997691,109.4333877717999,852.8906937197229,0.8236401242607218,5.373465301808108,-0.20135687291622162,0.9296764731407166,-0.308475524187088
7489,7489,1,0.9933257,284.24034533769986,107.38188989881773,831.8120402330572,0.8146038222818182,5.22648836014865,-0.19802983105182648,0.9299784898757935,-0.3097163736820221
7490,7490,1,0.9935045,286.6526359793418,109.26710827465955,839.3674586949295,0.8184459545795306,5.395484126007968,-0.1965268850326538,0.9337817430496216,-0.2990465760231018
7491,7491,1,0.9943141,290.3042846588046,109.97115138635017,850.0781575642917,0.835367730209859,5.532798786664961,-0.20039062201976776,0.9348590970039368,-0.2930563986301422
7492,7492,1,0.99459755,294.53817546806266,110.63095285422564,861.0674232108419,0.8164238569892096,5.629974222598749,-0.19438621401786804,0.9367681741714478,-0.2909972071647644
7493,7493,1,0.99510217,287.7205978474014,108.00380618519046,841.594611389637,0.7968180437053329,5.289550687700546,-0.19251421093940735,0.9311434626579285,-0.30969369411468506
7494,7494,1,0.99383944,299.4405870619166,110.37714224307045,872.8579388211184,0.7729144543034321,5.102895922840143,-0.1953677386045456,0.9178568720817566,-0.34549999237060547
7495,7495,1,0.99407864,294.07050632778356,110.13997448987095,859.8970663508552,0.7619827814308091,4.8478584431914635,-0.19498346745967865,0.910707414150238,-0.3641338050365448
7496,7496,1,0.9941255,296.3340479452765,111.95521696409624,868.7462121373006,0.7500286430747547,4.503533308039705,-0.20069929957389832,0.8906320929527283,-0.4080371558666229
7497,7497,1,0.9951984,293.1733377378036,109.8961874304757,862.0992583541885,0.7448293094642285,4.228165315418682,-0.20390890538692474,0.8760250806808472,-0.4370369017124176
7498,7498,1,0.9961785,297.5919565849841,112.40681282627997,878.5452354857567,0.7564855288789691,4.257022740995775,-0.2100134789943695,0.8712533712387085,-0.44363486766815186
7499,7499,1,0.9958835,295.12623311509554,110.63109524835416,873.7373116817108,0.7972698097523867,4.302584236107877,-0.2225004881620407,0.8730663061141968,-0.43387648463249207
7500,7500,1,0.9961312,290.0467171417426,109.74526191502882,858.784649977138,0.8155754361531786,4.425142959145839,-0.22303391993045807,0.8844785690307617,-0.4098213315010071
7501,7501,1,0.9960102,298.69374136081973,111.85784284540881,882.5583554195518,0.8066662890528804,4.692052610508495,-0.21679508686065674,0.8932583928108215,-0.393813818693161
7502,7502,1,0.9958807,289.9141409503385,109.90960366948794,858.6661078800113,0.796253475252222,4.706769207902783,-0.2079760879278183,0.9020475745201111,-0.3782275915145874
7503,7503,1,0.99565965,292.3976650482312,109.17021551829835,865.3728759517156,0.7836141869412343,4.921885258797461,-0.1991538405418396,0.9117279648780823,-0.35929074883461
7504,7504,1,0.99539906,291.65752772260953,110.93487353219108,865.3932968814697,0.7837362088340466,5.046050675196953,-0.19586001336574554,0.9171242713928223,-0.347162663936615
7505,7505,1,0.99559706,294.05538270252856,111.33008064346899,869.3157792932817,0.7700696506815602,5.0732153133655755,-0.19199877977371216,0.9180607795715332,-0.34684422612190247
7506,7506,1,0.99557257,293.63601132608034,110.52416059795023,868.2762068365822,0.748434555178935,4.920090755994703,-0.18791046738624573,0.9131263494491577,-0.3617871403694153
7507,7507,1,0.9951721,297.70928227182384,111.55895481784535,880.4094742851672,0.7565464438904981,4.841816626035492,-0.19478508830070496,0.905480146408081,-0.3770470917224884
7508,7508,1,0.9947254,286.2977102014625,107.77298032139204,848.9342929437385,0.7858517899793565,4.522826221894903,-0.2070341259241104,0.8960499167442322,-0.39272308349609375
7509,7509,1,0.9948473,282.97046487296393,107.98734508939576,840.5880258360994,0.8024443914328979,4.370422678587016,-0.21573443710803986,0.888336181640625,-0.40536096692085266
7510,7510,1,0.9946892,281.51051277268164,107.38793141309652,836.018004309884,0.8197237430836792,4.290260452037659,-0.22385990619659424,0.8833736181259155,-0.4117496907711029
7511,7511,1,0.9943685,280.90860048791194,107.20353765178622,833.9369593184783,0.8422252837586242,4.241165772360314,-0.23367512226104736,0.8788591027259827,-0.4159358739852905
7512,7512,1,0.9943878,284.30618413737733,108.55822329581667,842.4064862608303,0.8661430126476346,4.339927266064698,-0.24142834544181824,0.8800851702690125,-0.40885505080223083
7513,7513,1,0.9956649,294.084412545657,111.07241381089757,871.4399870923847,0.8905077221786786,4.505227453024633,-0.2497483640909195,0.8787994980812073,-0.40661683678627014
7514,7514,1,0.99628,284.46855780525533,109.43805240925708,841.3437221606843,0.9047097421996485,4.332868723864126,-0.2562844753265381,0.8761219382286072,-0.4083242118358612
7515,7515,1,0.9961183,287.41673498990866,110.19025012452903,849.3976611160764,0.9039274937323432,4.44832638046308,-0.2534709572792053,0.8808644413948059,-0.39978787302970886
7516,7516,1,0.99564135,286.1964774299162,109.78665179518492,847.1110745903616,0.8803795330260514,4.479538116499572,-0.2431682050228119,0.8857682943344116,-0.39532747864723206
7517,7517,1,0.996031,291.4718570657233,111.71234271631465,860.4366153887537,0.8524025133378731,4.6576144925574186,-0.23045414686203003,0.8940664529800415,-0.38410434126853943
7518,7518,1,0.99581677,288.19021113006323,109.57111297296903,851.4747654878059,0.8225807832116966,4.728077743679744,-0.215905100107193,0.9030840992927551,-0.37124669551849365
7519,7519,1,0.99461937,283.26892082727136,107.70023619178242,833.0004448662817,0.7813116223358694,4.567121295007514,-0.20296628773212433,0.903230607509613,-0.378125935792923
7520,7520,1,0.9946037,286.8337622432992,108.85203280931019,841.9877726829868,0.7715958905242424,4.526402496963661,-0.2026044875383377,0.8988931179046631,-0.38851335644721985
7521,7521,1,0.9948015,287.6323994573395,110.2014119018949,844.090960744283,0.7477628829260186,4.574155156118968,-0.193186953663826,0.902474582195282,-0.38499149680137634
7522,7522,1,0.9950837,291.170929166796,110.81455115415478,852.3297519168827,0.7186330092665196,4.800897783168683,-0.17932364344596863,0.9134435057640076,-0.36532720923423767
7523,7523,1,0.99522096,291.2024124540887,111.50731347876604,853.6446871954719,0.6968995967594173,5.2334133831091805,-0.1628974825143814,0.9323009848594666,-0.32292306423187256
7524,7524,1,0.9954792,292.17171304159905,109.17505816043568,855.7108423836956,0.6468325179253536,5.852215641526269,-0.13698628544807434,0.9530254602432251,-0.27014297246932983
7525,7525,1,0.9965479,292.62432433578175,108.57791981235958,852.5411678406889,0.5716007839989125,6.170341096144766,-0.11093772947788239,0.963392436504364,-0.24406516551971436
7526,7526,1,0.9969081,286.9842595438735,107.42973277264484,837.3602877962838,0.551164732714363,6.199821571084001,-0.10171820223331451,0.9669462442398071,-0.23381268978118896
7527,7527,1,0.99676263,292.6515784761054,108.16412816133027,852.8102379182761,0.5756748024154673,6.283151098441818,-0.1109779104590416,0.9653652310371399,-0.23612256348133087
7528,7528,1,0.99630487,289.31952161527255,107.0379292254861,846.3186251083627,0.6193832115370712,6.165217308267063,-0.12314337491989136,0.9626365900039673,-0.24117743968963623
7529,7529,1,0.9962232,282.524423514869,103.81480015678102,826.5581674444929,0.6404078691995547,5.973133464515664,-0.12808430194854736,0.9611600637435913,-0.24447038769721985
7530,7530,1,0.9962547,289.59322853078646,106.2612666798866,845.6943870537857,0.5934110177345185,5.8702417232059405,-0.11896174401044846,0.9574866890907288,-0.26280659437179565
7531,7531,1,0.9969228,284.9182026470675,106.54296873211915,834.6388906245211,0.5775604415746219,5.565686251984562,-0.11494944989681244,0.9526214599609375,-0.2816007733345032
7532,7532,1,0.99652654,301.1831553619283,110.30736958866036,886.3343558567802,0.5717412831532542,5.65794557395682,-0.12095040827989578,0.9453692436218262,-0.3027341663837433
7533,7533,1,0.9963773,297.6167074521652,110.17253740173847,873.3325048702058,0.5732226001074251,5.538539685170042,-0.120987668633461,0.9443114995956421,-0.3060028851032257
7534,7534,1,0.9967063,289.4194371362743,108.24048182109864,853.282301317549,0.5875265457393563,5.457583154753003,-0.12192615121603012,0.9455533623695374,-0.30176615715026855
7535,7535,1,0.9968219,287.9235854014107,108.46568222606446,849.9522144055665,0.587660013333216,5.528957713661257,-0.12027230113744736,0.9483053088188171,-0.293686181306839
7536,7536,1,0.9949409,291.8940421528328,110.0210035987817,861.7600911039718,0.5813493781400219,5.800422180885025,-0.11733367294073105,0.95350182056427,-0.2776096761226654
7537,7537,1,0.9964367,291.80473007958756,109.35667709154187,864.9566489726677,0.5795270465187562,5.8503376292121745,-0.1160600334405899,0.9543507695198059,-0.2752175033092499
7538,7538,1,0.996675,293.3689564247783,110.91585162101065,866.6424800952409,0.5730105821700228,5.834704100733339,-0.11520522087812424,0.9537695050239563,-0.2775815725326538
7539,7539,1,0.9962728,287.9689238281416,110.26899813770626,851.4304120029025,0.5768212779528217,5.566020379040658,-0.11646640300750732,0.9494240283966064,-0.29159829020500183
7540,7540,1,0.99608374,298.51898905425935,113.55385603371649,877.0170528856752,0.5878917003743287,5.487041033644828,-0.12706013023853302,0.941139280796051,-0.3132292330265045
7541,7541,1,0.9959998,295.3760900285062,113.46414664293218,866.9073915913651,0.5820280539740249,5.393705892381991,-0.12466070801019669,0.9405125379562378,-0.3160630464553833
7542,7542,1,0.9957159,297.1651985824336,113.45153059614056,870.0117427302354,0.5392261000539792,5.4054424661593,-0.11145879328250885,0.9419685006141663,-0.31665799021720886
7543,7543,1,0.9966273,287.8779538031805,109.70008743135502,844.1075960987042,0.4892718911956813,5.244935244953986,-0.09058679640293121,0.9444116950035095,-0.31603896617889404
7544,7544,1,0.99560744,291.5977691733419,109.35311892935708,837.8456847003341,0.3098185073199527,5.305955940803599,-0.03156932070851326,0.9517537951469421,-0.3052344024181366
7545,7545,1,0.9938579,296.9012999577636,109.53865372798028,834.0995920095105,0.13425058559984449,5.134544108899673,0.027004435658454895,0.948083758354187,-0.3168720602989197
7546,7546,1,0.9958723,296.3148842388784,107.34200629603663,821.7333356445971,0.10301897393449767,4.811133097611781,0.04327072203159332,0.9390653371810913,-0.34100425243377686
7547,7547,1,0.9961106,299.82033724875697,108.26093415903334,828.1784595445906,0.06566655411412754,4.78938753825866,0.05499357730150223,0.9363398551940918,-0.3467613160610199
7548,7548,1,0.9957073,294.38257591776755,106.57393952975258,813.8028613750852,0.132683077052843,4.517264987607305,0.03805062547326088,0.9286794066429138,-0.36892640590667725
7549,7549,1,0.9960264,294.6977509005515,106.75777619389312,817.0845472112229,0.2029474908674117,4.467966553412433,0.010727548971772194,0.9256505966186523,-0.3782273232936859
7550,7550,1,0.99424124,296.5019587059392,109.04367503534392,826.8256855554806,0.3378251227249619,4.155812138802824,-0.04383280873298645,0.9036688208580017,-0.42598283290863037
7551,7551,1,0.9937925,294.63147038412467,108.56920412954996,829.0624809642467,0.49158886555908715,3.9706949582867743,-0.10840770602226257,0.8850175738334656,-0.45276007056236267
7552,7552,1,0.9957891,286.2701011991974,108.26130221692488,824.3391367887531,0.6394145755829697,3.846635172376188,-0.16732248663902283,0.8688905239105225,-0.4658674895763397
7553,7553,1,0.9946344,288.34652064193114,111.77871760002772,839.9384387938921,0.7416505327011855,3.825736341355451,-0.21217693388462067,0.8525397777557373,-0.4776577055454254
7554,7554,1,0.9933863,289.3872211359412,112.60028003623886,852.0078864536058,0.8248884467898635,3.888582427466961,-0.24422970414161682,0.8458203077316284,-0.4742782413959503
7555,7555,1,0.9960264,293.533058424249,114.44982689127863,867.628330063652,0.8923179922105744,4.02981441323375,-0.26761841773986816,0.8449411392211914,-0.46309271454811096
7556,7556,1,0.99627846,295.5779546229118,114.98083915150555,881.0140945207087,0.951103896645175,4.262530829657099,-0.28105977177619934,0.8528547883033752,-0.4400501251220703
7557,7557,1,0.9963844,297.88819858815356,116.12761428084046,887.7394251866207,1.0258247740698103,4.450883698000287,-0.3011362850666046,0.8562842011451721,-0.41963592171669006
7558,7558,1,0.9958027,298.0084166012111,115.87413833578643,886.459839864473,1.065361617842186,4.528716067807022,-0.3115081787109375,0.8577979803085327,-0.4088340997695923
7559,7559,1,0.9953269,301.6046086031176,115.74080691254755,893.7745360434343,1.1016575825549841,4.5038980322929145,-0.3262041211128235,0.8497164249420166,-0.4142136573791504
7560,7560,1,0.99625623,301.70566924213125,115.9767906946218,888.2490877095964,1.1812716222698254,4.308185185439758,-0.3620862066745758,0.8271797299385071,-0.4297293424606323
7561,7561,1,0.99582267,299.73247590490695,114.36292343181482,881.771864749569,1.2018457586093492,4.109489505073266,-0.37786924839019775,0.8104577660560608,-0.4476305842399597
7562,7562,1,0.9955178,297.3282399222401,113.70585933122152,870.2680806822358,1.2153070649317788,3.969495282223053,-0.3894078731536865,0.7997692227363586,-0.45687055587768555
7563,7563,1,0.99549,297.1608373019304,113.16878656883311,872.069213124874,1.1978436645332207,4.06778750560587,-0.3779527246952057,0.8107544779777527,-0.44702228903770447
7564,7564,1,0.9952996,302.3095175543852,116.40969166128457,884.363451653949,1.1607630045988677,4.4911036931816675,-0.3476278781890869,0.844152569770813,-0.40811923146247864
7565,7565,1,0.99419373,298.5621541798678,115.03579901186843,873.7535845241068,1.1001300209394322,4.9959460256157175,-0.3049296736717224,0.8848927021026611,-0.35211190581321716
7566,7566,1,0.99504256,307.78144404546623,119.38227126879333,899.7274144118588,1.006491558901058,5.853155776740992,-0.251647025346756,0.9224282503128052,-0.29291629791259766
7567,7567,1,0.9959836,301.643991397172,118.54515452925848,879.4899515102423,0.8522697991575666,6.379239936339318,-0.19243063032627106,0.9503819942474365,-0.24442698061466217
7568,7568,1,0.9965204,311.4084134022469,119.12555308837595,896.827878623201,0.6598651455462087,6.774445697397032,-0.13836067914962769,0.9641324281692505,-0.22650614380836487
7569,7569,1,0.9954619,310.16048696430875,119.76464665849056,892.0272431589893,0.41119461407852537,6.768411699351951,-0.07104673981666565,0.9720943570137024,-0.22357314825057983
7570,7570,1,0.994762,310.4311789093929,119.77163896526038,889.3886897491635,0.28678445109014067,6.687168618784936,-0.03732853755354881,0.9732688665390015,-0.2266148030757904
7571,7571,1,0.9958962,309.13101924098004,117.63212537563027,880.6071844303252,0.2821679618708809,6.518350431078034,-0.03518975153565407,0.9717913269996643,-0.23320233821868896
7572,7572,1,0.9960395,304.9654104954273,117.76841123283441,868.7622652555805,0.35958372530256894,6.2613689955247605,-0.055321104824543,0.9677364230155945,-0.24581658840179443
7573,7573,1,0.9956464,309.94907761807536,120.46556463559797,885.5036018321167,0.5254991238007509,5.972500134296532,-0.10907427966594696,0.9544456005096436,-0.2777344882488251
7574,7574,1,0.9947707,304.88254661633476,120.04908306227044,884.4063365555576,0.857631608223715,5.52924198889386,-0.21573768556118011,0.9248073101043701,-0.31335076689720154
7575,7575,1,0.99608874,305.1799736866981,121.96524494798166,894.293712694803,1.0708780416086026,5.083408537728467,-0.29606425762176514,0.8859982490539551,-0.35686561465263367
7576,7576,1,0.9970074,302.1471882717172,119.97200235345944,894.9547938158088,1.1418469540000895,4.827706237264292,-0.32632535696029663,0.865337610244751,-0.3803979456424713
7577,7577,1,0.9942662,296.0140212636468,116.22791473767283,880.1660939711161,1.12970066471395,4.465450569074086,-0.3350938558578491,0.8482016921043396,-0.4102024435997009
7578,7578,1,0.9956554,299.61686909533836,120.31897754788001,895.6557724405357,1.1198473337708863,4.467835282038008,-0.33327192068099976,0.8441430330276489,-0.41994336247444153
7579,7579,1,0.9959586,295.8074102916113,119.22400111795385,886.1694450917048,1.1076854363151543,4.51818307374122,-0.32535675168037415,0.8523571491241455,-0.4094266891479492
7580,7580,1,0.99579716,289.20650763901085,117.22709516684688,875.5272349805144,1.0823124381097164,4.464167283086164,-0.31560227274894714,0.8556614518165588,-0.4101691246032715
7581,7581,1,0.99700505,289.78623097739245,119.40403967369792,881.5294423671209,1.036509851391728,4.411348411100223,-0.30233439803123474,0.8548355102539062,-0.4217228889465332
7582,7582,1,0.9946578,287.91567503924375,117.46422351406567,886.719146406121,1.0061508523763907,4.302632166495966,-0.29398125410079956,0.8494587540626526,-0.43817222118377686
7583,7583,1,0.99629337,290.0506340258775,120.87686915689657,900.970855254193,0.9353494670298218,4.367792893099077,-0.26703062653541565,0.8564397096633911,-0.44182088971138
7584,7584,1,0.99812156,292.5063233217811,119.88748312269085,910.3165357129413,0.8612493307639918,4.483609504319071,-0.237420454621315,0.8685144186019897,-0.43510258197784424
7585,7585,1,0.99837935,290.70847689522503,119.1155269055874,899.999948693088,0.7843218458930735,4.752276754539577,-0.2019912153482437,0.8940033912658691,-0.39994683861732483
7586,7586,1,0.9982305,293.07064069162226,120.16213851085102,911.841211109757,0.7261105909546717,5.540827368486157,-0.16657350957393646,0.9296464323997498,-0.32864993810653687
7587,7587,1,0.99755585,304.61729402015504,125.10333825262201,936.5642832016157,0.6581619735582648,6.631692318468064,-0.13603907823562622,0.9570380449295044,-0.256069540977478
7588,7588,1,0.99772936,300.39644737135757,123.53938426002132,914.8681527085472,0.5909941064216176,7.052286650988097,-0.11182191967964172,0.9694814085960388,-0.21817798912525177
7589,7589,1,0.99577004,303.8184246102779,125.98510737705188,915.2077353497044,0.6769751893016718,7.30401621839717,-0.132735937833786,0.9699328541755676,-0.20398880541324615
7590,7590,1,0.99707353,299.9843764853171,121.23107105654168,896.8282898996757,0.818228176049095,7.26007963939218,-0.16643713414669037,0.9659642577171326,-0.19801943004131317
7591,7591,1,0.9967805,302.58164782402986,123.61246622580904,902.1253339045771,0.8721559432100051,7.36303935738524,-0.17916788160800934,0.9643139839172363,-0.19492921233177185
7592,7592,1,0.9974426,305.76404502568977,125.49670213589177,909.901853851607,0.8478830453866842,7.448942041607297,-0.17333708703517914,0.9656057953834534,-0.19380336999893188
7593,7593,1,0.9980749,303.8627971110617,125.01148929029073,907.3615553749833,0.7891255765851862,7.389169803072867,-0.15923012793064117,0.9676236510276794,-0.19583214819431305
7594,7594,1,0.99794453,299.074064421719,123.74898156319001,890.123191372485,0.6734642576452056,6.855303852588639,-0.13518957793712616,0.9663411378860474,-0.21888038516044617
7595,7595,1,0.99759775,300.808761765564,125.27886723282172,895.8089612441812,0.6166226928304546,6.674774521360285,-0.12299267947673798,0.9646085500717163,-0.2332449108362198
7596,7596,1,0.9973598,299.17529102469746,125.02203340630746,890.3034830147608,0.7051539406515102,6.5394718961449385,-0.14817319810390472,0.9594555497169495,-0.23977020382881165
7597,7597,1,0.99793565,300.00200561690923,123.58587779860629,888.2520995899717,0.9013145384186514,6.367202284467535,-0.20557132363319397,0.9461120963096619,-0.25022464990615845
7598,7598,1,0.99655885,305.8801834024666,126.3579502892266,912.5422396123768,1.0262831943213147,5.89943175188432,-0.2552441656589508,0.9201750755310059,-0.2968641519546509
7599,7599,1,0.9978048,299.81834175475655,125.67048774342754,915.300423831271,1.083137187285231,4.951265491881844,-0.3009220361709595,0.8736218214035034,-0.38240140676498413
7600,7600,1,0.99752086,283.7036637525978,120.21325552589481,884.6950310931674,1.1356959086581846,4.109731830410687,-0.3458923399448395,0.8199737668037415,-0.4560718536376953
7601,7601,1,0.99731344,285.2940514929133,121.89930055271218,898.1116129961612,1.1992096789896707,3.9211400358533592,-0.37671592831611633,0.7898404002189636,-0.4839807152748108
7602,7602,1,0.99813145,285.34032157730206,120.30163994828654,892.6886244621086,1.244555367279469,3.8164751785091706,-0.3980647921562195,0.7751482725143433,-0.4906013011932373
7603,7603,1,0.9980558,285.2564702825741,121.71923993640085,896.1559646573436,1.257802320906283,3.8601278784564754,-0.4000701308250427,0.7765121459960938,-0.48679858446121216
7604,7604,1,0.9980716,287.59787107861894,122.59008604933429,901.3054602625165,1.2341802541768838,4.011067733722611,-0.38534101843833923,0.7924771904945374,-0.47274962067604065
7605,7605,1,0.9970831,292.8279261220348,125.18405131181238,910.1258660281019,1.1864880005754768,4.21810245244502,-0.36202284693717957,0.8131102323532104,-0.4558412432670593
7606,7606,1,0.9963987,292.17285052926775,124.07978570914857,903.2723984792752,1.104174758274881,4.385981856015146,-0.32689565420150757,0.8385521173477173,-0.4358550012111664
7607,7607,1,0.99594146,300.2761252227087,125.69741570290573,922.6232113779079,1.0406351400482172,4.8384924847889135,-0.2913479208946228,0.8693865537643433,-0.3991032540798187
7608,7608,1,0.9956393,300.34199846674375,126.24389693662407,912.2604583529018,0.9732587986945747,5.306923119483369,-0.2547418177127838,0.9019685983657837,-0.34865355491638184
7609,7609,1,0.99645555,297.6926779288106,121.8359386832463,892.7660386196604,0.8814405821971448,5.691403792150136,-0.2145708203315735,0.9280678033828735,-0.3043838441371918
7610,7610,1,0.9963463,301.43080764042116,123.31377273534093,901.5851886454467,0.8364241882461915,5.970140176589646,-0.19655203819274902,0.9376252293586731,-0.2867511510848999
7611,7611,1,0.99619234,302.2237910085245,123.74028161940504,905.568732522128,0.766203906652276,5.9794121088485035,-0.17619450390338898,0.9411512017250061,-0.28842654824256897
7612,7612,1,0.9950113,302.0321047789783,124.0737847680359,907.3491248982626,0.7270885491148825,5.659772926402507,-0.1704212725162506,0.9332870244979858,-0.31612008810043335
7613,7613,1,0.99472696,299.4417847406823,125.04056292325383,908.567691051811,0.8072654008682896,5.112993788225354,-0.20660623908042908,0.9067739248275757,-0.36752545833587646
7614,7614,1,0.9953485,295.33544997980067,123.85217943387575,900.7964816530406,0.8672659848785362,4.775897002875066,-0.2337912917137146,0.8874102830886841,-0.39729660749435425
7615,7615,1,0.9945412,288.47421361169836,122.25825693636016,895.5413544158611,0.9619798459195485,4.264963643143758,-0.28000780940055847,0.8476276993751526,-0.4506916403770447
7616,7616,1,0.9967726,291.3649283641907,122.02648956294075,913.778504908522,1.0531509997181288,4.074222526444975,-0.32040223479270935,0.8161773085594177,-0.4808295965194702
7617,7617,1,0.99740523,279.97696550169763,121.26719076312895,890.229212391146,1.1439766299302287,3.9691387484019574,-0.35248127579689026,0.8051475286483765,-0.47696372866630554
7618,7618,1,0.9967514,279.00570035884374,121.43214879586624,887.8169752463128,1.2268511666689519,4.044585005110449,-0.3772522211074829,0.8025791645050049,-0.46211203932762146
7619,7619,1,0.99698156,276.63907902156336,118.81711558638642,879.1934569296214,1.2733610889220868,4.185727451395402,-0.38463157415390015,0.8126881122589111,-0.4377175271511078
7620,7620,1,0.99754,283.43398725524224,120.71757324835109,903.8585306459614,1.2983265751172222,4.435725115111391,-0.381725549697876,0.8219888806343079,-0.422634482383728
7621,7621,1,0.99775827,277.43078253174366,119.01157372241774,884.4669992308478,1.309946422505988,4.426577422525292,-0.3840596377849579,0.826140820980072,-0.41229793429374695
7622,7622,1,0.9977543,280.1455869520473,119.86282422949853,893.2397957537237,1.3155161939124507,4.522935183205647,-0.3818137049674988,0.8299287557601929,-0.40673893690109253
7623,7623,1,0.9975254,286.74977291817726,123.51752162014203,917.616791320132,1.3248843410659816,4.701439764765615,-0.37804022431373596,0.834083080291748,-0.40173497796058655
7624,7624,1,0.9973667,276.3834979923485,118.38235116949677,883.4175284297053,1.2991003320443517,4.633999555052613,-0.3697872459888458,0.8431628942489624,-0.39029961824417114
7625,7625,1,0.9972299,280.10343843838734,119.61948817395069,897.5655227647536,1.321727997643791,4.907475097016815,-0.3647424280643463,0.8543439507484436,-0.37021535634994507
7626,7626,1,0.99765646,282.0692757077056,120.3761079072937,907.7219918331001,1.325870510022628,5.115327800081844,-0.35688114166259766,0.8636032342910767,-0.35612544417381287
7627,7627,1,0.9971077,277.5895909087996,117.53642174073087,894.8888506914672,1.3216712454220005,5.016983194465799,-0.35811713337898254,0.862250804901123,-0.3581559658050537
7628,7628,1,0.99710256,277.91958380663453,117.31240845832563,887.1775033942421,1.3369995641907924,4.962127245884558,-0.36591437458992004,0.858824610710144,-0.35850656032562256
7629,7629,1,0.9968611,279.149800643925,118.34497301181561,895.429354262582,1.3721440139787622,4.9972548454376025,-0.37467652559280396,0.8549253940582275,-0.35877588391304016
7630,7630,1,0.99628085,277.7333154178766,116.96876588612197,892.861124718847,1.4254907357610698,4.9888950894420265,-0.38950315117836,0.8493240475654602,-0.35628077387809753
7631,7631,1,0.99652404,280.85193953266713,118.52081514089105,904.7175905155399,1.403007424291958,5.201426886555202,-0.37407293915748596,0.8611177206039429,-0.3443047106266022
7632,7632,1,0.9969662,280.54039171722167,119.38539514553226,902.0576467436731,1.3060531735153682,5.29885337547388,-0.34261301159858704,0.8769370317459106,-0.33704277873039246
7633,7633,1,0.9963659,282.75329688600755,118.78045395323402,905.806153184653,1.220046043543334,5.398870598025778,-0.31469354033470154,0.8892506957054138,-0.3319656252861023
7634,7634,1,0.99685776,288.275010633475,121.70707103755564,921.8635594963863,1.0960710928423643,5.391267904479154,-0.28114986419677734,0.895950973033905,-0.343841016292572
7635,7635,1,0.99702424,283.4899498238906,115.34975059380679,889.595035607807,0.9771286973381244,4.851708692539093,-0.26043209433555603,0.8878241181373596,-0.37939882278442383
7636,7636,1,0.9928247,291.54214116535667,113.26837562959649,893.6162503148144,0.905983581761231,4.442441018652721,-0.2543362081050873,0.8675698637962341,-0.4273589253425598
7637,7637,1,0.99448204,278.1870394495041,107.57571531275546,838.136228902436,0.8572653135355501,4.0246429632020435,-0.24448373913764954,0.8610544800758362,-0.44588443636894226
7638,7638,1,0.99603206,282.20782835940196,107.22030258402754,836.0463380971192,0.8392506128209835,4.094442163214204,-0.23814374208450317,0.8680594563484192,-0.4356149733066559
7639,7639,1,0.99315816,293.87975497253893,108.98196530928938,863.2144307547791,0.7935653421397538,4.328776165096408,-0.21996203064918518,0.8785415887832642,-0.42400631308555603
7640,7640,1,0.9933769,287.58461715439034,106.18287281971475,837.2985061810936,0.7032939430228873,4.234640135906517,-0.18453222513198853,0.8881940245628357,-0.4207841157913208
7641,7641,1,0.9942496,279.4910742309929,101.01789324940387,807.3288384213688,0.6560437345553853,4.083324568597477,-0.16396553814411163,0.8923805952072144,-0.4204429090023041
7642,7642,1,0.995236,279.14738197460133,100.25831895552756,805.4827969631351,0.6417278017099091,4.079861283451854,-0.15788452327251434,0.8938542604446411,-0.41963911056518555
7643,7643,1,0.9962748,277.20434185674577,99.10297211060534,799.1447127014632,0.6063261066588074,4.090354784007862,-0.14169862866401672,0.8991011381149292,-0.4141722321510315
7644,7644,1,0.9948231,272.89857599630454,96.13009352936974,787.9221569896198,0.5878329539529711,3.922264181232387,-0.13352635502815247,0.8935973644256592,-0.42854923009872437
7645,7645,1,0.9925236,281.2166350014838,99.2387684648621,812.5488326166825,0.5499866698701842,3.9895527160564765,-0.12220175564289093,0.8912891745567322,-0.43665817379951477
7646,7646,1,0.99475116,279.0883640571909,99.36494133216172,811.3036169988636,0.5276676175300741,3.952032147263743,-0.11149925738573074,0.8904591798782349,-0.44119203090667725
7647,7647,1,0.9958988,271.3590813068588,97.81806913686631,793.544564317847,0.5329520124329107,3.8044262300802916,-0.10977364331483841,0.8863563537597656,-0.44980236887931824
7648,7648,1,0.99501675,277.4152839223586,100.10598465978241,818.0235176081706,0.5094222089983889,3.946846688450715,-0.10215297341346741,0.8888365030288696,-0.4466927945613861
7649,7649,1,0.9936168,267.55403248615033,97.38403856702172,790.1712141576822,0.5170068687837678,3.8451225513181893,-0.0991751179099083,0.8916292786598206,-0.44177088141441345
7650,7650,1,0.9935602,275.69960740391053,102.01793353758849,817.0597641028754,0.5126091406640959,4.069126597856506,-0.10110369324684143,0.8970831036567688,-0.4301394522190094
7651,7651,1,0.99424744,269.3282150026171,99.60709276035483,794.246821372774,0.541535939268133,4.144057537792933,-0.10800984501838684,0.9080374836921692,-0.4047243595123291
7652,7652,1,0.99648297,264.67308677867845,96.81230137807874,777.8841500424709,0.568409629242041,4.295960833417478,-0.11394815891981125,0.920332133769989,-0.3741719126701355
7653,7653,1,0.99736184,259.2255543450096,92.50831883001972,759.4776295624414,0.592744092582811,4.44093862649388,-0.11789904534816742,0.9315664768218994,-0.34392401576042175
7654,7654,1,0.99693847,267.87702328958915,93.24765279397609,784.2453375816925,0.570179307455672,4.782245384444575,-0.1105748787522316,0.939984917640686,-0.3228026330471039
7655,7655,1,0.9976896,269.9395977786872,93.44496378684887,792.2158985759837,0.5468532425420065,4.830953505185458,-0.10271666944026947,0.9409013390541077,-0.3227289915084839
7656,7656,1,0.9976948,264.6376676136102,91.80433609837564,777.4705181023572,0.567941507871545,4.82243430997399,-0.10710611194372177,0.9433042407035828,-0.314174085855484
7657,7657,1,0.99685425,269.84752392177035,93.00794394577643,791.8739786261071,0.584547894718039,4.9847493746866425,-0.11450490355491638,0.9447504878044128,-0.3071402311325073
7658,7658,1,0.9960394,262.571201591077,90.16703346615323,775.1106537786446,0.625542128031378,4.971146721391596,-0.12456777691841125,0.9464643597602844,-0.29780542850494385
7659,7659,1,0.9962441,258.7751476874175,88.14799825292526,765.1558752224792,0.639061580452339,4.89490895358889,-0.12803691625595093,0.9457141160964966,-0.29871615767478943
7660,7660,1,0.9962768,259.39803620363904,87.32020638922766,773.2162459469486,0.6720567273406064,4.711909883473846,-0.14315266907215118,0.9358291625976562,-0.3220731317996979
7661,7661,1,0.99590516,249.14852927439958,84.19455908535103,738.1356893273986,0.7873647359645872,4.029442374629789,-0.1977170705795288,0.9053716063499451,-0.37577953934669495
7662,7662,1,0.9959311,249.30145622311923,81.06225443385853,735.8493065223728,0.8576537431174546,2.9826907921118697,-0.26711979508399963,0.807331919670105,-0.5261769890785217
7663,7663,1,0.9931229,247.0302218441997,77.50628140930019,726.4827388374675,0.8477914459382472,2.0756756875202464,-0.2994591295719147,0.6583858132362366,-0.6905450820922852
7664,7664,1,0.9956792,251.98759257925167,74.79110967953012,740.2198038004943,0.620629146034271,1.390477777979197,-0.1733160763978958,0.4853476285934448,-0.8569709658622742
7665,7665,1,0.99391574,252.45718404588249,74.75160262441119,746.3476526938754,0.30325909225381736,0.8326396301596756,0.06551002711057663,0.28677698969841003,-0.9557549357414246
7666,7666,1,0.9920872,251.18920283950067,73.61100153938092,757.3034002153667,0.17955588202070558,0.6917720943856538,0.15967153012752533,0.22771374881267548,-0.9605474472045898
7667,7667,1,0.98833686,254.76211391624847,73.01235076862879,782.3621389805003,0.10675591673445746,0.7181356746600542,0.1998409628868103,0.23152753710746765,-0.9520811438560486
7668,7668,1,0.99333715,239.89869896052969,69.98284152029389,742.6394992466181,0.16064639706202505,0.7643230160885277,0.19062158465385437,0.2662278115749359,-0.9448736310005188
7669,7669,1,0.9885296,244.3368865114626,69.41806613327493,760.747662061653,0.031038191642359558,1.0429881930857199,0.2624538838863373,0.365591436624527,-0.8930066823959351
7670,7670,1,0.988047,244.31443787248259,70.14401838757298,752.7531876084113,-0.10646355388879003,1.2488631773950853,0.3449784517288208,0.4336462914943695,-0.8324306011199951
7671,7671,1,0.98749095,253.5895166741109,73.22800605260215,779.7697501243724,-0.1570161161650528,1.672213671466542,0.3338632881641388,0.5466273427009583,-0.7679412961006165
7672,7672,1,0.99065477,247.3618564784678,72.71840535644503,751.1255706323556,-0.12421474421309721,2.044634523294823,0.3068512976169586,0.659040629863739,-0.6866642832756042
7673,7673,1,0.9930743,249.58938698356985,73.28870695728706,748.3430320376357,-0.23783499568752617,2.468535279272951,0.3356753885746002,0.7333822250366211,-0.5911620855331421
7674,7674,1,0.99214077,247.72790335079367,71.85863511795519,732.178635880059,-0.3022740638350893,2.901503197430836,0.3379697799682617,0.7985225915908813,-0.4981346130371094
7675,7675,1,0.994653,250.37380155173537,71.98915824376512,729.3525813753612,-0.3634301865344877,3.147984986885654,0.3443318009376526,0.8224298357963562,-0.45281878113746643
7676,7676,1,0.9927389,251.53228231226208,72.55477433267868,729.8894886795939,-0.32555272293215576,3.464768158054267,0.30439457297325134,0.8587707281112671,-0.41213691234588623
7677,7677,1,0.9921016,252.78949239319613,73.73365540363761,722.1484788683629,-0.30842855387315943,3.776707512978112,0.2768245041370392,0.8877920508384705,-0.36768674850463867
7678,7678,1,0.9937901,264.70010687397536,77.89247371424885,749.8803255703765,-0.3578764629690971,4.200610333946394,0.26068761944770813,0.9048714637756348,-0.3365258276462555
7679,7679,1,0.9937411,268.52464273350887,76.37871811518767,750.7946568706525,-0.37451429501676153,4.450801897676575,0.25014567375183105,0.9173071980476379,-0.30979791283607483
7680,7680,1,0.99413764,268.9206163900055,76.64663422662257,747.4454941644017,-0.3530731018415426,4.4320988528043666,0.24340245127677917,0.9188661575317383,-0.31054818630218506
7681,7681,1,0.9949356,269.26917170264215,76.70523868114086,746.5168279938038,-0.3274510002398548,4.364330864914359,0.23742111027240753,0.9178302884101868,-0.3181490898132324
7682,7682,1,0.9956436,261.71491329858816,76.72013511797945,728.6083369521533,-0.20847232656637668,3.9229972286695025,0.2210308313369751,0.9058477878570557,-0.3613657057285309
7683,7683,1,0.9933571,260.5146159092714,77.20665373875863,730.2056703357262,-0.14269788213403542,3.90639159913718,0.1956360638141632,0.9090391993522644,-0.36793234944343567
7684,7684,1,0.9933356,252.11475217591203,77.35914245465294,718.1493907485507,-0.06124123905455637,3.84665795545872,0.17134366929531097,0.912958562374115,-0.37033501267433167
7685,7685,1,0.9912566,247.6094382476399,77.68624464884734,719.4745720033534,-0.009389064492867902,3.805191190194968,0.15429383516311646,0.9124699831008911,-0.3789353370666504
7686,7686,1,0.99522483,247.4797210654,77.53770959487976,742.5620105561453,-0.006802428214066011,3.8715009567872714,0.1494448184967041,0.9099549055099487,-0.38684403896331787
7687,7687,1,0.9937831,238.58211512640216,75.47657331803842,732.0351137251026,-0.003917653005683961,3.432307816535233,0.17500753700733185,0.8808959722518921,-0.4397665858268738
7688,7688,1,0.9954098,239.53202494276056,74.94539380504175,745.1472452567021,-0.044622764982264376,3.0362256206039495,0.21265725791454315,0.833827793598175,-0.5094193816184998
7689,7689,1,0.9940942,239.94849705531183,74.40868492638116,757.5222378352711,0.02540528759468052,2.3705195065192646,0.20983834564685822,0.7343273162841797,-0.6455472707748413
7690,7690,1,0.9940252,237.1900505713254,73.85277377395191,752.9553957713587,0.20687515828367684,2.1446205000317837,0.11553828418254852,0.7008140683174133,-0.7039251327514648
7691,7691,1,0.98195213,244.38502105356702,75.60188990354726,788.0285262768712,0.2726591585178547,2.128712982949556,0.06427980214357376,0.6774089336395264,-0.732792854309082
7692,7692,1,0.98996055,234.46273769975951,74.23668966785819,765.6664511521341,0.37008745734983495,2.0911474467139386,0.016589608043432236,0.682269275188446,-0.7309127449989319
7693,7693,1,0.98872757,229.47732918747917,75.96652346746889,759.9583538072801,0.3730614561186867,2.1688696241016747,0.019431546330451965,0.7016473412513733,-0.7122594118118286
7694,7694,1,0.9931177,235.28877237844173,77.43426940477157,788.9602137354763,0.3415914495839158,2.283231532933706,0.029414715245366096,0.7082609534263611,-0.705337643623352
7695,7695,1,0.9921186,231.12846577051596,76.14650480453304,781.8982719588644,0.38832068020634275,2.35935992344865,0.004937314428389072,0.7273550629615784,-0.6862435936927795
7696,7696,1,0.9934389,229.24390684467323,77.06368220274919,783.0451403920373,0.3888907161323874,2.5174337709372314,0.0044997273944318295,0.755020022392273,-0.6556863188743591
7697,7697,1,0.99479043,229.29759724471288,78.25686358153804,789.2056759195801,0.3014201043975474,2.6853853658510753,0.05096839740872383,0.779119610786438,-0.624799907207489
7698,7698,1,0.99030745,232.25444153281322,79.79368489064053,800.5829846759622,0.2421990614523231,3.020990956530325,0.07126528769731522,0.8191219568252563,-0.5691753029823303
7699,7699,1,0.9886154,227.73594215300218,79.24408003261692,784.824107017812,0.23391770351425958,3.1041777078888786,0.07829371839761734,0.8358561396598816,-0.5433365702629089
7700,7700,1,0.99034494,231.72617567520652,81.36851962878241,807.3117758027761,0.30995217564100264,3.1795473664830265,0.0338081419467926,0.8349544405937195,-0.5492796897888184
7701,7701,1,0.9864564,230.6917660753447,83.6911862765373,818.0156197653488,0.4143461449379155,3.224327988233226,-0.017853496596217155,0.8336664438247681,-0.551979660987854
7702,7702,1,0.9825435,232.72114633520275,85.24021654832715,835.0107945359431,0.5348964029771875,3.2172416222448756,-0.07873521745204926,0.8210763931274414,-0.5653621554374695
7703,7703,1,0.990053,217.89425221907936,83.87112577119413,802.0596481847041,0.6410944301420846,3.203394229718592,-0.11881206929683685,0.8295175433158875,-0.5456962585449219
7704,7704,1,0.99008,218.95700077939,85.64661839981808,827.4697178195016,0.7741768495701707,3.339505508426106,-0.17912837862968445,0.8237745761871338,-0.5378741025924683
7705,7705,1,0.9833203,203.79417239905558,85.03624411465675,798.7430432271321,0.8623045144337013,3.193123464631002,-0.21350397169589996,0.8133398294448853,-0.5411972403526306
7706,7706,1,0.990216,189.43603444081532,86.59751770572537,787.5112046159165,0.9066757512666435,3.0720133135011394,-0.2271023392677307,0.8006817698478699,-0.554376482963562
7707,7707,1,0.98328584,181.69243081038962,88.50777229825427,782.4742305858871,0.9371889840712057,2.825232720821381,-0.24428848922252655,0.7662948369979858,-0.5942350625991821
7708,7708,1,0.98696405,175.4781048657377,90.59617484223226,784.756246499995,0.9470715785196643,2.7464121012189255,-0.2461322396993637,0.7522450089454651,-0.6111844182014465
7709,7709,1,0.9778503,169.2571327671685,90.88668387151044,779.2256450826449,0.9894487345727777,2.5989901447758457,-0.26811522245407104,0.7263381481170654,-0.6328879594802856
7710,7710,1,0.99208635,161.31686714265845,89.55464053715747,759.4821621776447,1.0098949853826622,2.3445056818128114,-0.28416740894317627,0.6880660057067871,-0.6676931381225586
7711,7711,1,0.98985493,159.68094010975202,91.48044617805185,765.9313113200138,1.0366720989303249,2.2066362080070503,-0.3012823462486267,0.6510066986083984,-0.6967203617095947
7712,7712,1,0.99341667,156.80015063688893,88.51728788624992,747.6563402602542,1.0500949439841558,1.9662880874555462,-0.31874945759773254,0.6043685078620911,-0.7301626801490784
7713,7713,1,0.99348205,158.1965913036482,90.06150802969084,768.305948761173,1.0638674574783191,1.8759887598582714,-0.32560449838638306,0.5667634606361389,-0.7568097114562988
7714,7714,1,0.9913145,157.58609368448762,90.16614550146839,760.7122328688824,1.0706800667271934,1.858750406511151,-0.33161863684654236,0.5651219487190247,-0.7554245591163635
7715,7715,1,0.9897305,153.58817283192352,87.23788864495394,735.5264492106741,1.0473322080025285,1.793464471292928,-0.3230207860469818,0.567085325717926,-0.757675290107727
7716,7716,1,0.99360365,161.67075671698151,89.6025600683346,761.8162017178092,1.003652297735148,1.9066803961345193,-0.2958310544490814,0.5860596299171448,-0.7543329000473022
7717,7717,1,0.99133873,166.96664933720322,89.52114437120913,767.8772248461563,1.005562811356744,1.9949522695702209,-0.2982320487499237,0.604147732257843,-0.7389609217643738
7718,7718,1,0.9860677,171.5440115175098,86.39954485136121,770.762694288948,0.9958098746320858,2.0138177799695125,-0.2956015467643738,0.6099530458450317,-0.7352394461631775
7719,7719,1,0.9832481,177.17884748493816,85.25856584660363,781.5879147543001,0.9911151508627499,2.03388044367749,-0.2953205406665802,0.6095029711723328,-0.735725462436676
7720,7720,1,0.98834383,178.48276095471292,80.92278650120527,769.4436975064867,0.9624354485655826,1.9881004517034788,-0.2841681241989136,0.6112897992134094,-0.7386293411254883
7721,7721,1,0.99154353,179.6091624078538,80.39375861940283,763.4357703406048,0.906821972180803,1.9517295042568525,-0.2555411159992218,0.6126387119293213,-0.7479121685028076
7722,7722,1,0.9914665,185.29511589991833,81.50583889595785,779.1860199380412,0.8084871287493286,2.043887442656436,-0.1983456015586853,0.6357422471046448,-0.7459831833839417
7723,7723,1,0.9852225,198.35671747989173,84.30266799815593,829.388531035123,0.641807113771329,2.323154528304306,-0.10568135976791382,0.6803410053253174,-0.725236177444458
7724,7724,1,0.9889365,204.17020322328605,84.12194815099829,837.1499810379223,0.47243804565004155,2.639403645807194,-0.017034417018294334,0.7424313426017761,-0.6697056293487549
7725,7725,1,0.9899498,203.72433248451713,83.4548825462167,822.8152732886821,0.27255423461424516,3.049804258844419,0.08180585503578186,0.8102708458900452,-0.580318033695221
7726,7726,1,0.9894549,208.72023458596973,81.38041683473428,811.5647347166556,0.07204460367205427,3.3395537146853305,0.1650136113166809,0.8416948318481445,-0.5141209959983826
7727,7727,1,0.9899553,209.28182737244842,79.33528238743038,777.5478236830869,-0.11308296798564677,3.5156494844725064,0.24148976802825928,0.8586614727973938,-0.4520875811576843
7728,7728,1,0.9878918,214.3121668455348,77.91588977588015,774.3569791529462,-0.3270187939777362,3.599002770219485,0.3206956088542938,0.8475067615509033,-0.42294999957084656
7729,7729,1,0.9823423,221.1736329948692,78.83195185899316,774.3223097055701,-0.36968943276319277,3.22368631221672,0.35949867963790894,0.8053615093231201,-0.4713316857814789
7730,7730,1,0.99651635,222.46306114643576,77.12564366416457,754.0842866486822,-0.33886230400552053,2.9773303850967787,0.3671707808971405,0.7868985533714294,-0.495959997177124
7731,7731,1,0.99696416,231.62694322277687,75.63206571609346,755.0554248571322,-0.3045807935094914,2.780899919409441,0.3591005504131317,0.7666721940040588,-0.532222330570221
7732,7732,1,0.99689996,235.79230243090694,74.29288121586403,736.7745047863888,-0.2237957501887166,2.70252050972236,0.32669734954833984,0.7743781208992004,-0.5418554544448853
7733,7733,1,0.998657,257.1842791761458,76.60469412293865,768.3855895506764,-0.18107254468233763,2.8038377166750776,0.27452993392944336,0.7844449281692505,-0.5561290979385376
7734,7734,1,0.9981193,263.8914670515466,76.93754103555064,759.4811959967215,-0.05160165450429812,2.8010048783035564,0.20428583025932312,0.8005048632621765,-0.5634352564811707
7735,7735,1,0.9977186,279.3045013354967,79.4624924123333,781.8177141246921,0.020207631551642534,2.941760420126467,0.1435985416173935,0.814761757850647,-0.5617319345474243
7736,7736,1,0.99753666,276.7280091238366,81.3921771474973,758.5205342521236,0.12845567356591506,2.8884221677597135,0.0927324891090393,0.8219155073165894,-0.5620103478431702
7737,7737,1,0.9974681,279.2283036686593,83.44887046834071,759.8304971880974,0.23692489757058302,2.991107674586997,0.029387198388576508,0.834989070892334,-0.5494812726974487
7738,7738,1,0.9977985,276.3769260454426,82.0331368438305,756.3317129543472,0.3910197987199937,2.9971657419139808,-0.05029410496354103,0.8349700570106506,-0.5479922890663147
7739,7739,1,0.9979157,265.3135634146951,82.00538274427525,729.7876535124293,0.5066796020619648,3.001433308747759,-0.10210219025611877,0.8428457975387573,-0.5283806920051575
7740,7740,1,0.9972192,272.91731265441496,85.06199246499378,748.6244383293146,0.5482437302595907,3.0807825918521585,-0.12964044511318207,0.8391046524047852,-0.528296172618866
7741,7741,1,0.99478203,273.82019536929675,87.19185915980007,742.3010644717128,0.5645736182048117,3.0052258387507567,-0.14104129374027252,0.8311953544616699,-0.5377933382987976
7742,7742,1,0.99226886,290.6946953190223,91.24255468705167,785.0266101435499,0.5601575688153212,3.269970931050729,-0.1473291665315628,0.8397217988967896,-0.5226484537124634
7743,7743,1,0.992239,288.38605819464203,91.81842968206702,776.5098400188308,0.5718549117490143,3.360685340885873,-0.14982207119464874,0.8517100811004639,-0.5021388530731201
7744,7744,1,0.9919566,289.13592920883866,92.20455212190011,776.864416605593,0.5508417781271753,3.561973889111919,-0.13690081238746643,0.8713338375091553,-0.4712064862251282
7745,7745,1,0.9884201,290.76022656306776,92.23810416724245,785.635460808539,0.4459634242826698,3.683106878308452,-0.08809171617031097,0.8837507367134094,-0.45959168672561646
7746,7746,1,0.9909847,284.33291756320955,94.29046678505138,770.8111574618412,0.2772985920113895,3.6952574534502713,-0.004961085971444845,0.8945909738540649,-0.44685834646224976
7747,7747,1,0.99149007,285.06094872032054,93.95168155601705,762.1440478195319,0.07761053221597011,3.6463949025390776,0.08832507580518723,0.8924679756164551,-0.44237950444221497
7748,7748,1,0.99176145,296.65525161095337,95.41945513004748,778.3609190756152,-0.09761632979390558,3.606535147613963,0.15935465693473816,0.8771929144859314,-0.45292237401008606
7749,7749,1,0.9952624,296.72437032558554,94.90800623404009,771.0439901057579,-0.22618193028822203,3.5058559378926764,0.22232024371623993,0.8624246120452881,-0.4547499418258667
7750,7750,1,0.9955729,304.95655891660897,96.3300752314055,787.3482897316421,-0.36080418702057804,3.4368036621605262,0.27698323130607605,0.8393688201904297,-0.4676968455314636
7751,7751,1,0.99373925,313.1167472392261,96.32062201433655,803.7954628870392,-0.49067960200725486,3.3612760411900426,0.32789790630340576,0.8138720989227295,-0.47968241572380066
7752,7752,1,0.9945451,309.17782639093684,96.03477297671044,792.2001448236484,-0.5354011347067068,3.1120069061426365,0.368992418050766,0.7818255424499512,-0.5025867819786072
7753,7753,1,0.99495137,303.5763515685685,93.74851955298818,774.4700974593042,-0.5237025900964147,3.0374931278493773,0.3766554594039917,0.7792500257492065,-0.5008993148803711
7754,7754,1,0.996148,308.0283683100577,94.67402376170317,787.0870077048838,-0.5381167372355821,3.05346602337222,0.37596556544303894,0.7758110165596008,-0.5067219734191895
7755,7755,1,0.99617755,305.4492358028263,93.56167247766962,782.2849238858807,-0.5241640438772242,2.899951581224194,0.3845542073249817,0.7577546238899231,-0.527186930179596
7756,7756,1,0.99726033,305.5924478240135,93.5556222230128,782.5735693463406,-0.4888516979990925,2.960077009197413,0.36465978622436523,0.7708180546760559,-0.5223627090454102
7757,7757,1,0.99655354,315.51312319729686,95.6132755289467,804.5337899058992,-0.43681395229353515,2.972748398299075,0.329456090927124,0.7720420956611633,-0.5435160994529724
7758,7758,1,0.9960532,312.93539984862997,95.33753361832446,797.2622195413923,-0.2869915745488268,2.8065865382521027,0.27404892444610596,0.7661751508712769,-0.5812683701515198
7759,7759,1,0.9968928,313.81410299170324,93.95644121844846,807.7861603175255,-0.10360717597885119,2.655365210253745,0.18609564006328583,0.7524566650390625,-0.631804883480072
7760,7760,1,0.9924878,283.71544833295064,83.25630048609135,751.9298466795352,0.20388076957170337,2.171620922703859,0.062090858817100525,0.7049983739852905,-0.7064856886863708
7761,7761,1,0.995103,256.4234192782997,74.74467560335869,718.1347996320154,0.5127030626575234,1.7910129034281017,-0.10559923946857452,0.6299940943717957,-0.7693870067596436
7762,7762,1,0.98426926,242.7267735167328,68.52028195341447,709.7519901917832,0.683947141952478,1.4732652256133374,-0.21007183194160461,0.5318136215209961,-0.8203926682472229
7763,7763,1,0.97857124,229.7252135553546,65.55448723441168,685.4384313879723,0.7760436542485001,1.0650392295139195,-0.26887932419776917,0.39400190114974976,-0.8789007067680359
7764,7764,1,0.9799729,236.86748215240542,64.59698380665223,716.5328875603918,0.7871768571740596,0.8748136912589124,-0.2754768133163452,0.30378079414367676,-0.9120470285415649
7765,7765,1,0.9829542,232.1020059936818,63.92726106809937,705.6245234324782,0.8083514479043162,0.694156132776273,-0.28640326857566833,0.23348300158977509,-0.9292249083518982
7766,7766,1,0.99392796,248.04415847718292,69.29016713942694,755.5053452800577,0.8183513056828566,0.6273087446034998,-0.2940340042114258,0.1838541179895401,-0.9379454851150513
7767,7767,1,0.9855834,261.36574620934516,73.34281355241204,800.6073520992062,0.8364686320789895,0.6084908085013656,-0.3044775128364563,0.1601918786764145,-0.9389525651931763
7768,7768,1,0.9884553,244.38237206865486,69.59925172885913,752.7110229732361,0.8449667102654373,0.4392126978650979,-0.3036009669303894,0.10870523750782013,-0.9465778470039368
7769,7769,1,0.9904152,257.42780943469967,70.82164169845608,794.0535617463693,0.8537302804030464,0.3264402675647743,-0.30569887161254883,0.05914587900042534,-0.9502894282341003
7770,7770,1,0.98916364,250.8948186285903,70.59060258572491,775.3241423721255,0.8684820833130699,0.3109543304461044,-0.3135339319705963,0.05457683280110359,-0.948007345199585
7771,7771,1,0.99309856,242.0125541855646,68.62407929931338,750.663154318846,0.8736275105597153,0.1486033586898687,-0.3100106716156006,-0.003771755378693342,-0.9507256150245667
7772,7772,1,0.99434847,265.05053915422263,74.06237578150841,820.8742924729136,0.8763298108925827,0.03630730411853757,-0.30739372968673706,-0.04862931743264198,-0.9503390192985535
7773,7773,1,0.99554586,251.88632128694675,74.0255147977387,776.183176304596,0.8771908546129141,-0.0966244069192161,-0.3033794164657593,-0.0986422523856163,-0.9477503299713135
7774,7774,1,0.99536717,271.7597918806175,80.8426291464868,828.7541329754127,0.8704874750703719,-0.20982176439580216,-0.29774734377861023,-0.13662219047546387,-0.9448179006576538
7775,7775,1,0.9912471,276.70000335202116,84.42064899971966,840.3505556451873,0.8779233971798538,-0.2561452117146763,-0.30077457427978516,-0.15299510955810547,-0.9413433074951172
7776,7776,1,0.9914287,268.44125616998207,82.44905201286568,814.1135891381582,0.8516043776168833,-0.2577183721031977,-0.2862027883529663,-0.15637299418449402,-0.9453229308128357
7777,7777,1,0.995207,265.3312028528183,78.19663724483262,806.107593245959,0.8125981418252066,-0.18199845820589658,-0.2668907344341278,-0.1284949779510498,-0.955122172832489
7778,7778,1,0.9955818,268.8993917749897,78.3540124677794,813.6340843066127,0.7761911147050782,0.20698572160529533,-0.2621876299381256,0.0075396341271698475,-0.9649874567985535
7779,7779,1,0.99534976,254.75806439916244,80.65697347747893,775.7860959364734,0.7305167502532491,0.9836099503850153,-0.2432759553194046,0.3061622679233551,-0.9203702807426453
7780,7780,1,0.9918936,247.36172276938728,83.56699525948291,751.37849662613,0.6295589480906939,2.042755812693998,-0.16543135046958923,0.6585783958435059,-0.7341028451919556
7781,7781,1,0.99457526,249.2794257128512,86.31700572423385,745.6486185175585,0.5309522604594993,3.354262120852391,-0.09515222907066345,0.871117115020752,-0.4817686080932617
7782,7782,1,0.9962025,260.9298504669551,88.91308039224702,770.1574430110945,0.5009828184409459,4.4737050990399325,-0.08210761845111847,0.9345868229866028,-0.34612974524497986
7783,7783,1,0.99502015,260.10293713308477,91.92075575962433,757.4126460128726,0.5284303158732355,4.537514725857515,-0.09222882986068726,0.9389633536338806,-0.3314237892627716
7784,7784,1,0.9942364,266.8360049896005,95.21850185651205,772.4484335179706,0.5434520685429375,4.375717704711454,-0.10463099181652069,0.9268609881401062,-0.3605288863182068
7785,7785,1,0.99317086,261.2196667031485,94.28013313872782,753.9365899790392,0.5780917365839056,3.8445342027290894,-0.12219320237636566,0.9011915922164917,-0.4158394932746887
7786,7786,1,0.99411917,270.6725680413534,97.90378716487135,776.5085843271622,0.49547736080679305,3.884419169630524,-0.09240351617336273,0.8995280861854553,-0.4269787073135376
7787,7787,1,0.9953531,274.1142589204796,96.7621846758574,770.6872169042981,0.3093268382475242,3.840175290656003,-0.012021631933748722,0.9040696620941162,-0.4272160828113556
7788,7788,1,0.99258316,282.6320276919184,98.02863337350259,781.8869380441647,0.10492093987357048,3.836875494688511,0.07262559980154037,0.8994044065475464,-0.43104198575019836
7789,7789,1,0.99250233,289.9113153739237,97.05858641929109,785.8536592852546,-0.14729907678793752,3.7662050800033793,0.17976371943950653,0.8833285570144653,-0.4329153001308441
7790,7790,1,0.99367875,296.3304566239014,95.78642186052936,786.856566711203,-0.3238115146651564,3.436435854992263,0.2680594325065613,0.8414596915245056,-0.4691373109817505
7791,7791,1,0.99501085,297.7968913561469,94.72632291259083,780.5738719125569,-0.38879184602318445,2.9897796638061127,0.32556474208831787,0.7853832840919495,-0.5264796614646912
7792,7792,1,0.99414563,298.9553526630577,93.43114399155677,780.4887584889611,-0.468538245072937,2.777988892813484,0.375503808259964,0.7456663250923157,-0.550434947013855
7793,7793,1,0.99532217,292.7822483477353,92.23177625324179,762.5237106089708,-0.41906927000155497,2.7586207067516897,0.363288551568985,0.7551833391189575,-0.5456369519233704
7794,7794,1,0.99347526,298.3538248358218,92.62359891395124,777.6483009330583,-0.35855444896825617,2.870780054945347,0.3196338415145874,0.7743566632270813,-0.5460823774337769
7795,7795,1,0.9945496,292.7626235207747,92.2899552054301,761.5696937755434,-0.21463320801362668,2.9070603766993126,0.25572094321250916,0.8001934885978699,-0.542491614818573
7796,7796,1,0.9894979,287.88226198931756,93.35758583787914,763.8173645679708,-0.014035515081588464,2.8772975703487607,0.1590338498353958,0.8090870976448059,-0.5657617449760437
7797,7797,1,0.99456644,272.69402204735235,91.87222423133734,742.2048091669129,0.29984097101108287,2.866758778528573,0.003943748772144318,0.8246301412582397,-0.5656585693359375
7798,7798,1,0.9941591,286.4593856443067,96.58158680254265,792.6124680518741,0.48734930603621945,3.218570209360835,-0.10824419558048248,0.8346664309501648,-0.5400140285491943
7799,7799,1,0.9939002,284.5738479349845,98.342148568572,795.3775805336119,0.7112395984590248,3.404613191417087,-0.2101723998785019,0.8356946706771851,-0.5073873996734619
7800,7800,1,0.99709034,301.8009214474342,105.07117034916678,839.7649617260246,0.7345030758752328,3.6000146118815435,-0.2256912887096405,0.8320443034172058,-0.5067206025123596
7801,7801,1,0.9962489,292.62563059047494,102.31457673722203,817.3140619305469,0.7493716778087229,3.4917065999644303,-0.2298956960439682,0.830193281173706,-0.5078652501106262
7802,7802,1,0.9962071,295.40792242731055,105.13283020678374,826.9536097352149,0.7411243703645575,3.5599513076230545,-0.2258700579404831,0.8331078290939331,-0.5048902034759521
7803,7803,1,0.9976351,298.03607654851976,105.76539512907827,837.1211932823967,0.7510465456945932,3.696322029898319,-0.2270609438419342,0.8410102128982544,-0.4910653531551361
7804,7804,1,0.99726284,301.6988507217696,106.5916346177517,844.5608021121665,0.7491375241589301,3.9018206158475572,-0.22220918536186218,0.8558613061904907,-0.46703803539276123
7805,7805,1,0.9972379,311.18112181478455,108.1252503343954,872.2213175950009,0.7657374518522626,4.190406827523717,-0.2250864952802658,0.8664226531982422,-0.4456992745399475
7806,7806,1,0.99731714,306.76649761256016,107.99150375307427,859.9337589568089,0.7838673654163284,4.321664763737026,-0.22572511434555054,0.8780964016914368,-0.4218944311141968
7807,7807,1,0.99749976,301.8419454384713,106.63454851594925,844.7460067476513,0.8712305869128362,4.483734752293272,-0.2500101327896118,0.885468602180481,-0.39171460270881653
7808,7808,1,0.99746466,301.83977459099873,107.11555708499581,846.6665905481144,0.9408654329514965,4.620544239077073,-0.269605427980423,0.8864017724990845,-0.37630414962768555
7809,7809,1,0.9972391,307.4246308293235,108.99342928549918,859.0220780080703,0.9754792053807572,4.637759874311973,-0.28380903601646423,0.879925549030304,-0.38102957606315613
7810,7810,1,0.9969494,303.9973764957632,108.35457662886658,849.3562371250213,0.9953720177153795,4.208768717039126,-0.3066501021385193,0.8525325059890747,-0.4232659339904785
7811,7811,1,0.9968828,301.8450934702915,108.03586290044348,846.6720448341229,0.998552523941907,3.8228727712712742,-0.323695570230484,0.8211867809295654,-0.4699718654155731
7812,7812,1,0.99744487,288.8737420070175,104.77227295652506,808.0318998708772,0.9848124110838928,3.2698383315403183,-0.3396160900592804,0.780508816242218,-0.5248494744300842
7813,7813,1,0.9979165,301.44341981104225,107.47133478387127,841.3831269799765,0.9608191086799373,3.0805537130943366,-0.34364524483680725,0.7421377897262573,-0.5754472613334656
7814,7814,1,0.9979227,290.50656132777385,105.97226462295583,814.5488060332933,0.9424591396521802,2.76688419138886,-0.3460623323917389,0.7106150984764099,-0.612590491771698
7815,7815,1,0.9973787,303.2107187559424,109.59277576957929,847.7179664730378,0.9760011715274223,2.740975656904899,-0.36677172780036926,0.6826063394546509,-0.6320816278457642
7816,7816,1,0.99621236,302.2627208708677,107.88891588951135,843.4489456437396,0.9873182204345559,2.679788252101434,-0.37435010075569153,0.6730880737304688,-0.6378200650215149
7817,7817,1,0.9963033,300.6515619132529,108.65958788092827,836.0525765380854,0.9267864475646252,2.610018957957342,-0.3507595658302307,0.6722129583358765,-0.651995062828064
7818,7818,1,0.99676967,293.1961096173086,105.39089243682436,815.5409390569135,0.850949435161764,2.623388392951779,-0.3112558424472809,0.6977298855781555,-0.6452076435089111
7819,7819,1,0.99739194,292.89010234898234,106.17376941259748,814.1763592998758,0.7507606535457969,2.914123773771275,-0.2514321506023407,0.7583106160163879,-0.6014540195465088
7820,7820,1,0.99636465,292.24741210788414,103.76145076984956,809.2868825463438,0.5115622109541416,3.270001505313425,-0.12467991560697556,0.8291807770729065,-0.544898271560669
7821,7821,1,0.995327,289.6615640823272,104.31070615736279,799.670245270636,0.1934546433311153,3.541142211404577,0.03169109299778938,0.8698922991752625,-0.4922226369380951
7822,7822,1,0.9951316,296.3352696735534,106.06005293910471,797.6626104813798,-0.07553116375780843,3.7167187395715775,0.14537903666496277,0.8785327076911926,-0.4550222158432007
7823,7823,1,0.9943949,301.683354826064,102.87265195156412,779.5018134834683,-0.3720988244984733,3.7361666240075593,0.2681717574596405,0.8661260604858398,-0.4217933416366577
7824,7824,1,0.9941526,313.2839895346126,99.89797689836685,784.599350581245,-0.5401502905157755,3.4980450702592276,0.3416121006011963,0.8280245661735535,-0.444608211517334
7825,7825,1,0.99266595,324.28468996921083,101.24246917583794,803.7568356859578,-0.6220284792645582,3.2371944700306092,0.3824717104434967,0.7848179936408997,-0.4876229166984558
7826,7826,1,0.9951414,324.08676534146235,100.76354186313262,804.247794254864,-0.6507682685271273,3.009045604186842,0.41133785247802734,0.7507892847061157,-0.5168333649635315
7827,7827,1,0.99554473,314.41117744159175,99.94491954936997,782.5419986243747,-0.6052004704888491,2.901005969975534,0.41297951340675354,0.7467350959777832,-0.5213776230812073
7828,7828,1,0.9961676,315.7258809585647,100.30811165893711,786.2564464803551,-0.5544969682919243,3.023530780189986,0.38067296147346497,0.7699245810508728,-0.5121565461158752
7829,7829,1,0.99642843,318.7610760929627,99.66044508158218,794.6295697033329,-0.4638452730116121,3.257299714877483,0.32139822840690613,0.808544397354126,-0.49290895462036133
7830,7830,1,0.99492395,317.6143923145691,100.91065243819601,797.4292903519821,-0.2897331342282669,3.5346130953269888,0.22994548082351685,0.8529691100120544,-0.4685817360877991
7831,7831,1,0.99602866,314.9941391298353,104.39844665662856,807.3181740992756,-0.14887227126123784,3.907772013314772,0.1538112312555313,0.8887022733688354,-0.4319148361682892
7832,7832,1,0.9942204,302.20112513549293,103.38127019474634,788.7211678771856,0.15143685587975872,3.987493245665638,0.03279566392302513,0.9077074527740479,-0.4183199405670166
7833,7833,1,0.99692744,286.6682378685363,103.06068699121641,770.2898456962492,0.48102704562222937,3.9846293738530045,-0.09895490109920502,0.9066932201385498,-0.4100186824798584
7834,7834,1,0.99387395,295.46608742788965,105.81045107550096,808.6124523722489,0.6749937671821072,3.927869948295126,-0.18856719136238098,0.8768576979637146,-0.44222500920295715
7835,7835,1,0.9957163,294.27549837719886,106.22051363274575,811.2724903171816,0.6925760512658631,3.6929485166483045,-0.201362743973732,0.8555538654327393,-0.4769493341445923
7836,7836,1,0.9970855,302.5459741261743,109.80117385642609,832.5777851920656,0.6852659222119777,3.728417180403681,-0.2027103453874588,0.8498644828796387,-0.4864555299282074
7837,7837,1,0.9966684,300.2344357125135,109.40918743812888,828.6680373388141,0.6952649243771323,3.793330338096931,-0.20357142388820648,0.85643070936203,-0.4744313657283783
7838,7838,1,0.9969085,301.40881741398744,111.25842634792424,832.2246379182924,0.7103877903300829,4.02547345362639,-0.20425166189670563,0.8719220161437988,-0.4450092911720276
7839,7839,1,0.9961301,302.50244066658314,111.22897904143703,837.9157858900115,0.7150772439496677,4.144939939992708,-0.2032346874475479,0.8782546520233154,-0.4328562021255493
7840,7840,1,0.9944885,312.34765476102297,116.21969989089293,869.3504453049483,0.7257605106109899,4.403295127156636,-0.20606328547000885,0.8834218382835388,-0.42083707451820374
7841,7841,1,0.9946203,304.9892976639984,113.14441863161852,849.5831418823392,0.7769657822512042,4.398494190681877,-0.22104227542877197,0.8858182430267334,-0.40800297260284424
7842,7842,1,0.9943032,303.3126033024758,113.46601018408728,846.7143949318598,0.8267791228283679,4.4158838852207865,-0.2380504161119461,0.8835353851318359,-0.4033574163913727
7843,7843,1,0.9955715,300.6581723944748,113.56054459958335,842.5135215776417,0.8329756061827219,4.232023889698256,-0.2449609637260437,0.8724293112754822,-0.4229199290275574
7844,7844,1,0.995839,299.47911668220945,112.5756123073154,843.6674561535498,0.8191453302897286,4.013657384589272,-0.24598760902881622,0.8576431274414062,-0.45159533619880676
7845,7845,1,0.99493283,284.44402736022107,108.9883174464431,801.2817018127247,0.8193889917672509,3.7496765604761975,-0.24720996618270874,0.8526551723480225,-0.46028950810432434
7846,7846,1,0.9952108,284.2669596521741,108.39999802454615,802.9192486904038,0.8266848273712685,3.762886070347807,-0.24938039481639862,0.8526629209518433,-0.45910289883613586
7847,7847,1,0.99544203,285.1025573077733,107.57298956408154,800.7535819168547,0.8309248102023936,3.7480130131983174,-0.2524242103099823,0.8516845107078552,-0.4592554271221161
7848,7848,1,0.9943452,283.0304637928385,107.04341876897577,799.8162915261431,0.8226804270217041,3.7386440668557848,-0.2476736456155777,0.8525406718254089,-0.4602523148059845
7849,7849,1,0.99400795,286.21345591041785,108.29596356363835,803.9691022231483,0.8149369162699457,3.706790142187768,-0.24792252480983734,0.8483002185821533,-0.4678901731967926
7850,7850,1,0.99500114,279.4432819717929,105.99012298311054,787.9478604497791,0.8185229132044071,3.5421465639605434,-0.2513318657875061,0.8399772644042969,-0.4809059500694275
7851,7851,1,0.99528885,287.1902140578117,104.80599890114122,801.7295013842701,0.7356978066737739,3.5636618581864705,-0.21893414855003357,0.8445784449577332,-0.4886256754398346
7852,7852,1,0.9953751,285.9139332058623,103.34130649010815,789.6905813152508,0.5724018348301111,3.3242440614285607,-0.14895294606685638,0.839867889881134,-0.5219531059265137
7853,7853,1,0.996838,297.3311610899004,105.73452325997364,799.8226938343078,0.3506590768451854,3.107508668870426,-0.04978831112384796,0.8214131593704224,-0.5681563019752502
7854,7854,1,0.996953,313.98851085590786,105.70671881079868,820.2701322608035,0.11231863606405981,2.977120523444582,0.060173582285642624,0.7978949546813965,-0.5997856855392456
7855,7855,1,0.9967308,303.9182111991183,102.85940722905325,782.1277231973587,0.010575980715660174,2.54473463729317,0.14236226677894592,0.7471715211868286,-0.6492055654525757
7856,7856,1,0.99546355,293.97992285841434,99.22928401450838,757.7919497777756,-0.04252974705604151,2.2481136812796025,0.20053957402706146,0.7002891302108765,-0.685112476348877
7857,7857,1,0.99494886,295.9552265879977,99.96585392749932,761.6201204077103,-0.12900009136153628,2.150431454028868,0.25415098667144775,0.6699308156967163,-0.6975672841072083
7858,7858,1,0.9945168,297.71409609029615,100.91760408782518,767.4495430485595,-0.21034702276182524,2.139858487186303,0.29829511046409607,0.6566080451011658,-0.6927380561828613
7859,7859,1,0.9948462,299.79440618676523,101.577804228743,773.6179404584267,-0.2667292321439703,2.2687051899043023,0.3172336518764496,0.6761630177497864,-0.6649559140205383
7860,7860,1,0.9948084,301.613295424241,101.73861456664581,778.1660344815759,-0.2842589698785086,2.54041493952226,0.30537667870521545,0.7257353663444519,-0.6164847016334534
7861,7861,1,0.9950749,314.6426438261289,104.46641507783568,808.9866184621534,-0.30451068718281254,3.0136327713569155,0.26834648847579956,0.7860676646232605,-0.556855320930481
7862,7862,1,0.995551,314.0239857491676,103.97584134497704,807.9720144393019,-0.1933893058958568,3.4637034912829554,0.19318976998329163,0.8480689525604248,-0.49341338872909546
7863,7863,1,0.9961671,308.88019086127565,105.57098993094006,801.5985340199728,-0.01585733610213944,3.8220027608233114,0.10449837148189545,0.8890591859817505,-0.4457060694694519
7864,7864,1,0.9966169,294.88452323334735,105.34526520895082,788.0027170737707,0.274327886641311,3.940353682301529,-0.014636959880590439,0.903992772102356,-0.4272971749305725
7865,7865,1,0.99503136,289.80006129834175,104.21739144914079,792.7691836198857,0.5888926876707288,4.1195010881015515,-0.14461901783943176,0.9018129706382751,-0.4072084426879883
7866,7866,1,0.9971185,283.7767045025491,99.80777328815945,784.7102168922087,0.7000185977235441,3.714965681736545,-0.19651846587657928,0.8688541054725647,-0.4543931186199188
7867,7867,1,0.996923,290.5756597849889,101.54529744748363,802.1175842113695,0.6683497835879282,3.5961758586268693,-0.19032064080238342,0.8538885116577148,-0.4844094514846802
7868,7868,1,0.996406,291.5245514581906,102.26238810371656,802.454108582045,0.6681984810491397,3.405543674737221,-0.19628803431987762,0.8349206447601318,-0.5141775012016296
7869,7869,1,0.9949852,295.3436816959831,103.36190489445191,813.6416540398026,0.6509220646678237,3.2967990316854614,-0.19361692667007446,0.8193359971046448,-0.5396304726600647
7870,7870,1,0.9932996,300.23411755337156,105.0761850608633,824.8611652960013,0.6680166018862277,3.28454773906169,-0.20542103052139282,0.8105114102363586,-0.5485193729400635
7871,7871,1,0.9941912,291.9074957458898,103.96815649423984,807.2457808320122,0.6725822482008439,3.02149777385156,-0.20925597846508026,0.7861177325248718,-0.5815762877464294
7872,7872,1,0.99317825,295.3211538384032,105.89406772724921,816.7676345422404,0.6386063248639838,2.8724342743264955,-0.19859343767166138,0.7623922824859619,-0.6158885359764099
7873,7873,1,0.99326515,296.1176873718697,105.37495288854433,817.0876061936439,0.6574129653951521,2.776714947082329,-0.2113633006811142,0.7455366849899292,-0.6320606470108032
7874,7874,1,0.9936387,289.6231013308411,103.71539024629169,804.0277922709921,0.7046168768568195,2.8574294473294866,-0.22835099697113037,0.761184573173523,-0.6070041060447693
7875,7875,1,0.99059033,296.9511163932762,105.61117057684616,819.2525800924835,0.5376884183365166,3.043152081109635,-0.14498892426490784,0.7940254807472229,-0.5903403759002686
7876,7876,1,0.9945305,286.0500471825133,104.78621010758206,778.6618770288788,0.3495802455492411,2.9722257467655884,-0.03805026412010193,0.8149517774581909,-0.5782783031463623
7877,7877,1,0.9968362,306.41046572827935,108.67377389336131,811.9869305815024,0.16483260564793845,3.1470494469911428,0.03711497411131859,0.8227399587631226,-0.5672049522399902
7878,7878,1,0.995732,312.68806475801773,106.963727509989,807.9389769641981,-0.0027198648233422505,3.2318147385713334,0.1136157363653183,0.8322627544403076,-0.5426142811775208
7879,7879,1,0.9965299,325.77359611395815,108.91493527000863,827.3809113404865,-0.1325052788017701,3.3516417934119187,0.1587929129600525,0.8327270150184631,-0.5304248332977295
7880,7880,1,0.9962451,320.35529753388005,106.80806833283889,810.5848260237417,-0.22321182590032607,3.2167644856882807,0.21382711827754974,0.8183417320251465,-0.5334742665290833
7881,7881,1,0.9963192,321.95801506380656,107.70630534440579,814.04291616713,-0.3042421820986938,3.2466585978745806,0.24812905490398407,0.814017117023468,-0.5251744389533997
7882,7882,1,0.9959709,329.8866323679734,110.39093553983906,839.1405314446971,-0.2931260607861917,3.4873977997041425,0.22127588093280792,0.8326671719551086,-0.50764399766922
7883,7883,1,0.99512,310.5650336767613,107.23764812594654,795.0230279935449,-0.1650965035539209,3.478756486075023,0.1841030865907669,0.8549146056175232,-0.4850021004676819
7884,7884,1,0.9953011,318.092810608147,107.84723844096243,824.0878074652845,-0.0617697547700101,3.9753402239500946,0.11148109287023544,0.8916153907775879,-0.4388553202152252
7885,7885,1,0.99588627,299.79870643072064,105.27898371356349,792.6019800442529,0.26753685731004734,4.008709899603737,-0.0161601472645998,0.9069643616676331,-0.4208972752094269
7886,7886,1,0.997738,304.9886736785484,110.09296764323688,825.3588740239356,0.46648719949116146,4.3913628215608,-0.10196436196565628,0.9126176238059998,-0.39589443802833557
7887,7887,1,0.9922713,300.4591287978184,108.98772957326123,822.7761976523599,0.5576797960523652,4.504353237874043,-0.13289080560207367,0.9151947498321533,-0.3804716169834137
7888,7888,1,0.99272037,295.7595519121975,107.6069920605518,818.4609859911756,0.5814830862420107,4.3722011475945175,-0.14090071618556976,0.9086256623268127,-0.39312389492988586
7889,7889,1,0.99456394,293.37037733286365,107.85639007130298,815.3837442264413,0.598211545902007,4.275795639362109,-0.14761988818645477,0.9032036662101746,-0.4030279517173767
7890,7890,1,0.99306935,294.048130582394,109.14216416783972,819.6139144668806,0.607025193356523,4.3101630287059045,-0.15094290673732758,0.9032216668128967,-0.4017547070980072
7891,7891,1,0.99414116,290.35504614092986,108.1252636408929,813.954584605996,0.6433979100933035,4.27376032589647,-0.16352972388267517,0.9008433222770691,-0.4021683633327484
7892,7892,1,0.9947648,296.368091551898,109.65494817775341,832.8185234712905,0.6606271127269355,4.393203953606843,-0.17135101556777954,0.9005526900291443,-0.3995543420314789
7893,7893,1,0.99492234,286.44188932307446,106.76956700063677,805.3615046925305,0.6854346960188387,4.273152707582254,-0.17759670317173004,0.9008978605270386,-0.3960334062576294
7894,7894,1,0.9952537,288.891168553721,107.79478858737373,813.9993501266631,0.6935060406070277,4.354680311513177,-0.18028168380260468,0.9022395014762878,-0.3917427062988281
7895,7895,1,0.99545926,293.1737094727872,108.83612499105065,826.5039528934623,0.7083293892876013,4.523850849309168,-0.18440896272659302,0.9065514802932739,-0.3796811103820801
7896,7896,1,0.9947077,294.6495695838442,109.78354548136035,829.7593045959156,0.7222467001381542,4.6477008014729755,-0.1875280886888504,0.9108068943023682,-0.3677826225757599
7897,7897,1,0.99479043,298.68333463852775,111.13256146021679,841.4084958277367,0.7302589673307087,4.774963664354704,-0.18965424597263336,0.9130276441574097,-0.3611256778240204
7898,7898,1,0.9948754,290.8724531690024,108.56850572624641,818.7025003924397,0.7332173311100137,4.573273616921293,-0.19121195375919342,0.9095628261566162,-0.36896267533302307
7899,7899,1,0.9949739,291.5315080459524,110.12269068823186,821.1626055701981,0.7146861055080409,4.45836969316811,-0.18769071996212006,0.9039576053619385,-0.38423025608062744
7900,7900,1,0.99474937,290.32993225287845,108.22244369701009,815.4251279385144,0.6974879274491577,4.293029484732854,-0.18437477946281433,0.8977234959602356,-0.40012308955192566
7901,7901,1,0.9944634,299.1536443236437,111.77637251182757,838.1530214567915,0.6901224257221592,4.291514884658387,-0.18716755509376526,0.8901992440223694,-0.41534754633903503
7902,7902,1,0.9945042,292.3183598702198,109.09360816790839,820.4680155653713,0.693822365443666,4.098360487728162,-0.18913085758686066,0.8836988210678101,-0.42814236879348755
7903,7903,1,0.9942042,291.32190581292383,109.49117979870162,816.6543389384706,0.6983391274973223,4.00206718381224,-0.19303180277347565,0.8777685165405273,-0.438476026058197
7904,7904,1,0.9935823,291.6979673226029,108.96205176831758,816.8488538956182,0.6963681334677352,3.950253291183697,-0.19380265474319458,0.8740885257720947,-0.445432186126709
7905,7905,1,0.99440503,295.6492515239144,110.58186160155772,826.8349408213343,0.7109931546793651,3.974895881451837,-0.20177248120307922,0.8707068562507629,-0.44850578904151917
7906,7906,1,0.9937948,295.0532041105552,109.92043892448551,823.5438995301406,0.7178189013572828,3.9652264577436442,-0.20453788340091705,0.870646595954895,-0.4473687410354614
7907,7907,1,0.9933541,298.8499457870098,110.6250671050002,832.7241125507949,0.710997207780276,3.9896049260557818,-0.20341148972511292,0.8695058226585388,-0.4500926733016968
7908,7908,1,0.99216664,293.88995423372813,109.90191145791465,815.8848839236679,0.6549568673397493,3.9780113901179015,-0.17773467302322388,0.8792588710784912,-0.4419437050819397
7909,7909,1,0.99206674,294.3794720645961,110.28276361029158,814.8617720117496,0.4936215005641472,4.151180365019877,-0.10774821788072586,0.9012134671211243,-0.4197673499584198
7910,7910,1,0.99610484,301.60258714786545,108.93380692266514,815.5688966281864,0.2424180681077651,4.311884063672955,-0.009020833298563957,0.9175873398780823,-0.3974319100379944
7911,7911,1,0.99563473,317.11192189522677,110.95212361855543,835.3220961966526,-0.10611837709519577,4.6748292080399185,0.10939307510852814,0.9264870285987854,-0.36007630825042725
7912,7912,1,0.9959883,324.03756656770923,111.82950360381723,844.9581476852844,-0.3687121978303127,4.8539186690776415,0.19274595379829407,0.9209864735603333,-0.3385747969150543
7913,7913,1,0.9959518,330.7566376510617,113.44265886156926,861.8854624651354,-0.5483417812276083,5.049200284516694,0.23948390781879425,0.9154972434043884,-0.3232835829257965
7914,7914,1,0.99579275,328.35378102379315,112.31443897166086,857.1261937699534,-0.545028513107053,5.098919172226314,0.2377050817012787,0.9185896515846252,-0.31573620438575745
7915,7915,1,0.99544936,321.05336556771596,112.51578166084863,846.2164897437174,-0.40024950526566827,5.070640737764277,0.19671861827373505,0.9277591705322266,-0.31711941957473755
7916,7916,1,0.99638414,312.93461665761345,112.00450618247176,836.1814596193161,-0.08321738629053581,5.094267504953784,0.09331420063972473,0.9434358477592468,-0.31815293431282043
7917,7917,1,0.99584275,310.9294985308771,115.11388584075583,851.0546378365319,0.30663729236467674,5.2690970337078324,-0.04295382276177406,0.94734126329422,-0.31733185052871704
7918,7918,1,0.99568105,302.3153226761521,114.76780709957927,845.9321230721562,0.6608303456560124,5.281576290646726,-0.15751789510250092,0.936150848865509,-0.314340204000473
7919,7919,1,0.99539053,292.68399281561466,110.82918997930001,837.6175280464864,0.8118835486317344,5.114701003870836,-0.2054235339164734,0.9235092401504517,-0.32393181324005127
7920,7920,1,0.99467707,291.4520077439184,109.80223653073335,835.3193567647068,0.8942708955989926,4.980080038816363,-0.2360125631093979,0.9123453497886658,-0.33455049991607666
7921,7921,1,0.9943638,298.9042383500285,111.98226394746239,855.5600807984614,0.9569972494898589,5.09446812136709,-0.2567075788974762,0.9067935347557068,-0.3344050943851471
7922,7922,1,0.99446255,293.9090705520293,110.13303566672677,841.5480471811017,1.0023784904157242,4.925424487316523,-0.27486440539360046,0.8986933827400208,-0.3417598605155945
7923,7923,1,0.99381554,299.3049466899401,111.89328141134251,857.9510287629593,1.035659011028483,4.9960694837037005,-0.28551149368286133,0.8945956826210022,-0.34377580881118774
7924,7924,1,0.99527943,299.06545763229366,112.00470099294483,862.4168375435733,1.1049146031987263,5.126791999528246,-0.3017614185810089,0.8934822082519531,-0.3326103687286377
7925,7925,1,0.9940111,299.58556722333583,114.22889069672055,865.3126839671336,1.2664846840425354,5.379988725406864,-0.3395629823207855,0.8884064555168152,-0.30891910195350647
7926,7926,1,0.9936094,296.4747085634213,112.68132310156697,863.0605264333957,1.4459024825714377,5.802375347241446,-0.3678716719150543,0.8894885778427124,-0.2710728645324707
7927,7927,1,0.9941399,294.3081456224832,113.79206120045473,857.124988878387,1.4701158804674503,5.830868467383486,-0.37229424715042114,0.8892440795898438,-0.2657855153083801
7928,7928,1,0.99394953,291.2082346725221,111.75662167347294,847.9068289205237,1.29979037845113,5.274545805360589,-0.3498660624027252,0.8848205804824829,-0.3077113628387451
7929,7929,1,0.9934187,298.97053772948,114.59647693859284,870.3420154790607,1.1529486534235562,4.971533658336472,-0.32275015115737915,0.8789414167404175,-0.35113292932510376
7930,7930,1,0.99401546,300.57653260659,113.59215440441635,871.2528135193847,1.0733243553230414,4.686200757952549,-0.310078501701355,0.870564341545105,-0.3820589482784271
7931,7931,1,0.9934558,298.04392970901284,114.02388292992566,866.6366201121094,1.028608817552822,4.499957278175371,-0.30165883898735046,0.864954948425293,-0.4010672867298126
7932,7932,1,0.9933595,290.4527279406587,111.74706123589834,845.8956504227446,1.0239830816590718,4.293339126357231,-0.305136501789093,0.8584014177322388,-0.4123575985431671
7933,7933,1,0.99483323,297.53804778217426,113.96733353836753,861.1496460393481,1.0948403207827357,4.465292464110265,-0.3257615566253662,0.8568774461746216,-0.39955031871795654
7934,7934,1,0.995501,302.20902659649613,116.16405748388648,877.0530987134126,1.2251603868846206,4.861448885548185,-0.35138118267059326,0.8627296090126038,-0.3636329174041748
7935,7935,1,0.99520004,303.13984768392567,115.5176721069757,880.7067164742958,1.319983459311086,5.374169670517629,-0.35595381259918213,0.8792589902877808,-0.31654471158981323
7936,7936,1,0.9954893,302.04206202258865,115.89397215490207,879.3836756051451,1.465868326997142,6.099789012669762,-0.36243829131126404,0.8955703973770142,-0.2580546438694
7937,7937,1,0.9954727,299.160799674845,115.24265837266388,872.7554024084674,1.6436392742722103,7.075518151368654,-0.36322909593582153,0.9112786054611206,-0.19399996101856232
7938,7938,1,0.9961416,296.3462389733758,114.5672135034269,869.0566772770047,1.6158697903110129,6.915477144241243,-0.3622087240219116,0.9101092219352722,-0.2012612521648407
7939,7939,1,0.99570674,299.71679580644303,116.08672239829467,870.8348573095751,1.4610693653169555,5.8946651044577205,-0.36942073702812195,0.8896644711494446,-0.26837557554244995
7940,7940,1,0.99599165,290.21906793875854,113.53393377105085,844.2426043717488,1.3081921442218256,4.883607745294184,-0.3707599639892578,0.8639435768127441,-0.3407911956310272
7941,7941,1,0.9956735,302.07772711977833,116.47696198664339,877.6595128608468,1.2257137960980977,4.528694259355004,-0.3672013282775879,0.8407929539680481,-0.39778199791908264
7942,7942,1,0.9949827,299.91051377304103,116.17676768938993,870.3886912060975,1.1410429897192735,4.174887208885029,-0.35595282912254333,0.8262391686439514,-0.4366079568862915
7943,7943,1,0.9943796,300.80424938890377,116.45037903622847,873.1843371321211,1.0936727153762116,4.1047066176496125,-0.3432214856147766,0.8251197338104248,-0.44874992966651917
7944,7944,1,0.996009,303.1725321795872,117.36705157706149,877.1159933099862,1.075450047923859,4.164386737080313,-0.33538714051246643,0.830514132976532,-0.4447041451931
7945,7945,1,0.9966276,296.736134091341,115.84519405249034,864.1494662523727,1.0591558363965565,4.147131463398041,-0.32726144790649414,0.836249589920044,-0.4399847686290741
7946,7946,1,0.9964462,298.7338656263054,116.71416630908821,867.046452185873,1.075560072401041,4.131221357950072,-0.33499324321746826,0.8315946459770203,-0.4429783523082733
7947,7947,1,0.9968274,299.92498038859907,116.9067211683506,870.4739299288516,1.1208153138855592,4.0597047230887195,-0.3547050654888153,0.8187164664268494,-0.45153921842575073
7948,7948,1,0.99732745,303.5659084071885,119.00026973043536,879.513906193892,1.2113049386677694,4.036518254176351,-0.3885243833065033,0.8011681437492371,-0.45516863465309143
7949,7949,1,0.9975514,306.16806250156134,119.51357797921814,885.4517667568994,1.2640632860048495,4.041213312965348,-0.4066651463508606,0.7922388315200806,-0.4549517333507538
7950,7950,1,0.9976955,304.189855705691,119.84560458287278,880.5933852251845,1.3020751566510582,4.050999142521619,-0.41796955466270447,0.7896507382392883,-0.44916945695877075
7951,7951,1,0.99661404,299.78507398442554,118.95328806821446,861.2108853681542,1.2899417146926466,4.135027403564223,-0.40915200114250183,0.8052262663841248,-0.4291914999485016
7952,7952,1,0.99715734,288.30334404452566,113.28395812378108,828.7016475708712,1.1912010939638182,3.940344918547612,-0.38217347860336304,0.8139764070510864,-0.43747678399086
7953,7953,1,0.9968515,299.45952936214036,114.93546925227155,852.3137002766534,1.0647099327479719,3.8149860790329693,-0.34795933961868286,0.8091066479682922,-0.47357237339019775
7954,7954,1,0.9969728,302.13137523313986,115.25786396306871,854.7642005415142,0.8394554631655221,3.595075995186636,-0.2707231342792511,0.8124892115592957,-0.5163044333457947
7955,7955,1,0.9969368,311.07705901953085,118.0794472674233,878.4187454950157,0.6015937936831905,3.612410458322822,-0.17353768646717072,0.8256604671478271,-0.5368142127990723
7956,7956,1,0.996897,308.67906809961806,118.18112881188272,870.0518128612695,0.3834059890425766,3.7637996901013593,-0.07340426743030548,0.856060266494751,-0.5116372108459473
7957,7957,1,0.9965495,304.94410281566996,115.16922015552531,851.7634212728368,0.10340056310174925,4.0986171266424485,0.04869325831532478,0.8929766416549683,-0.44746133685112
7958,7958,1,0.9975841,317.09831553379206,114.46210685853458,862.0365957000618,-0.2504580267312627,4.697216325381256,0.1610897332429886,0.9149556159973145,-0.37000858783721924
7959,7959,1,0.99786574,338.5164695963742,117.89835208285903,899.8740081751044,-0.6145496718269142,5.383623754815597,0.23954716324806213,0.9189082980155945,-0.3134082853794098
7960,7960,1,0.9974591,329.9581829181872,116.28593670091153,869.8592842001804,-0.7468178419123742,5.254304735875061,0.2914749085903168,0.9076941013336182,-0.3018836975097656
7961,7961,1,0.9973214,341.8962211416094,117.69616344240474,898.232857241709,-0.8700302020824243,5.3370648459130345,0.3150533437728882,0.8982979655265808,-0.30627143383026123
7962,7962,1,0.997134,334.69978990062424,117.8098930398104,877.7034967571958,-0.749108187167422,5.018597302478423,0.301513135433197,0.8954581022262573,-0.3274822235107422
7963,7963,1,0.9969643,327.9312667602587,115.45373134689531,861.2860737716641,-0.49181468056864097,4.4824872291874716,0.24959956109523773,0.889316976070404,-0.3831649422645569
7964,7964,1,0.997072,331.90833683838804,116.3680598549796,872.564845070338,-0.19308062717465202,4.040703724091596,0.15162241458892822,0.8754069805145264,-0.4589916169643402
7965,7965,1,0.99668413,316.5753463243041,114.0700421334365,848.3752178224754,0.14535790481499417,3.434398132383707,0.0316782109439373,0.8382245898246765,-0.5444043278694153
7966,7966,1,0.9968485,309.902692540833,115.05099591075668,848.1109754219393,0.3842966010995021,3.085502033196521,-0.07800668478012085,0.7910904884338379,-0.6067048907279968
7967,7967,1,0.99581856,305.91252551046216,116.67031681634309,852.6469987547772,0.5445770308601695,2.9557891181333056,-0.15674930810928345,0.7603131532669067,-0.6303598880767822
7968,7968,1,0.9964199,307.6377830997781,118.76903341282848,857.3542490881968,0.6574703243300906,2.9336200526699043,-0.21488483250141144,0.7437188029289246,-0.6330140829086304
7969,7969,1,0.99624974,304.10165737822143,116.82941918844479,846.94336700525,0.6983749807483189,2.91325617269336,-0.23332662880420685,0.7425736784934998,-0.6278080940246582
7970,7970,1,0.9956364,310.1328140240364,117.3786408076548,861.8095096222179,0.7036160981953163,3.0076405001728417,-0.23653358221054077,0.7484682202339172,-0.6195540428161621
7971,7971,1,0.99519867,313.8547436972997,119.34638541089089,872.2455079043674,0.7033376235724808,3.0868284589901047,-0.2362545132637024,0.7540891766548157,-0.6128078103065491
7972,7972,1,0.9955735,311.7768604694154,118.6078577275265,867.4436393334969,0.7048607666018117,3.0794450994607585,-0.23587849736213684,0.7555862665176392,-0.6111062169075012
7973,7973,1,0.9955728,314.13609612995555,119.99276286429468,876.0200861325266,0.6899856574603812,3.1073894955999544,-0.2292885035276413,0.7564467787742615,-0.6125480532646179
7974,7974,1,0.99581736,306.25467031250514,117.35266109671709,855.1026821649575,0.6720565949148459,3.022138724917803,-0.21841184794902802,0.757418155670166,-0.6153162121772766
7975,7975,1,0.9958902,300.5360821213878,114.20592531930595,840.150586222482,0.6501261309025101,2.9504806734184075,-0.20572005212306976,0.7579036355018616,-0.6190810799598694
7976,7976,1,0.99491656,302.8866475979391,114.89158424520042,847.1543026892905,0.6422721837511441,2.990080245444427,-0.20227670669555664,0.7606856226921082,-0.6167994737625122
7977,7977,1,0.9944402,307.2410112116316,117.68938033643967,862.1206402994585,0.6326253333098385,3.0325432743783853,-0.19916893541812897,0.7592598795890808,-0.6195612549781799
7978,7978,1,0.99478143,306.24692056394775,116.52710855939135,855.8628473549788,0.6283418896313725,2.9432568097557676,-0.19885900616645813,0.7498248219490051,-0.6310451030731201
7979,7979,1,0.9945741,307.43656092801183,116.05268945977097,858.3665617239185,0.6346546108696592,2.8595506494472547,-0.2047175019979477,0.7350005507469177,-0.6464247703552246
7980,7980,1,0.9943621,303.327888096409,115.14735214866533,848.7304294263266,0.6435263136567514,2.758461171116927,-0.20887574553489685,0.7230513691902161,-0.6584585309028625
7981,7981,1,0.9933964,301.92466519671984,116.09757868303741,842.8842071286817,0.6596075258480405,2.732899730858409,-0.2173493206501007,0.7196510434150696,-0.6594404578208923
7982,7982,1,0.9942002,305.39244663043115,116.78444407845474,856.2142780404706,0.6787090103915808,2.8196939045100873,-0.22614800930023193,0.7251550555229187,-0.650390088558197
7983,7983,1,0.9944247,314.706765201981,119.3636645097259,879.3049043736669,0.6858811258342613,2.9752315740740416,-0.23103384673595428,0.7360526919364929,-0.6362781524658203
7984,7984,1,0.9943615,311.38003754232784,118.09309872565059,870.065946904729,0.6840635373573366,3.008425720259085,-0.2273225337266922,0.746436357498169,-0.6254256367683411
7985,7985,1,0.994206,309.09599185472484,117.02158168053661,865.6511140636875,0.6922706681023224,3.0323178286589196,-0.2289184331893921,0.7519050240516663,-0.6182518601417542
7986,7986,1,0.9942047,312.7797296617925,117.53596221930013,871.5304804662404,0.7024102876290899,3.0808646735565017,-0.2348484843969345,0.7545418739318848,-0.6127909421920776
7987,7987,1,0.9941451,312.19611753690907,118.14790679143034,872.522617476207,0.7314696059546046,3.0925310997413296,-0.24743039906024933,0.7526165246963501,-0.6102021336555481
7988,7988,1,0.99478096,309.9959319535674,116.77169930199523,867.3168964651462,0.7480716141432152,3.0672058373011355,-0.25448358058929443,0.7503511309623718,-0.6100912690162659
7989,7989,1,0.99559516,303.92029412503103,116.25028977122145,853.1174082972044,0.7449645141936688,3.005832082245054,-0.2516581416130066,0.7491344809532166,-0.6127526760101318
7990,7990,1,0.9967193,306.115298788913,115.38220734999766,858.0086193642361,0.6465593938760146,2.9501578038472203,-0.20710216462612152,0.7486937046051025,-0.6297352910041809
7991,7991,1,0.9964886,307.46757528363617,115.8975548524253,855.1423648581131,0.44376983489680144,2.8824811099948318,-0.10705480724573135,0.7549652457237244,-0.6469674110412598
7992,7992,1,0.99644,300.91915715608525,113.09229584109056,831.937774153626,0.21992697891946586,2.8038570146248634,0.0190983098000288,0.763325572013855,-0.6457316875457764
7993,7993,1,0.99718875,318.61365572479787,112.84967366559901,859.6928677004368,-0.035359146981281224,2.913339382974394,0.13230769336223602,0.763940155506134,-0.6315774917602539
7994,7994,1,0.99726176,328.7007233810905,113.46878955709165,870.9296618312179,-0.23294950689629138,2.885359426283745,0.22139085829257965,0.7449429631233215,-0.6293219327926636
7995,7995,1,0.9968964,330.781692528884,115.19039870631475,869.4110011712474,-0.3768658514278616,2.8649405714406218,0.2893539369106293,0.7304637432098389,-0.6186251640319824
7996,7996,1,0.9960736,337.4766302292198,112.99388655469947,887.0563859969907,-0.49020243572661193,2.8768387420251726,0.3301841616630554,0.7164783477783203,-0.6145219802856445
7997,7997,1,0.9945569,329.0739036206755,111.9075533836811,861.3618931994315,-0.4817259665924466,2.7588809752727346,0.34568142890930176,0.707104504108429,-0.6168529987335205
7998,7998,1,0.99455184,320.3093602374344,110.76392751078293,835.7045801560902,-0.45742585982036005,2.687360717160345,0.352005273103714,0.7067744135856628,-0.6136466860771179
7999,7999,1,0.9959745,327.07822934120117,111.7742372888855,852.708908412939,-0.4928200712590213,2.7575782299409433,0.35410162806510925,0.7088494300842285,-0.6100364923477173
8000,8000,1,0.99680364,333.7913124099453,113.3445225159702,869.9343485048472,-0.5040092292756334,3.056464857520067,0.3310112953186035,0.7482739686965942,-0.5749066472053528
8001,8001,1,0.9962412,332.69221243188514,114.3280183247209,865.0908242158744,-0.4781486455106098,3.4532637633963343,0.2973105013370514,0.8031077980995178,-0.5163568258285522
8002,8002,1,0.9948974,332.9253385005289,113.15022961280927,869.6780826344657,-0.4097683289055965,4.22840321088148,0.22769436240196228,0.8777081370353699,-0.42164409160614014
8003,8003,1,0.99688405,316.3996788098688,109.80182191040137,846.5446243915734,-0.2814292533332034,5.131213044143777,0.15744397044181824,0.9359773993492126,-0.3148931860923767
8004,8004,1,0.99728787,314.71025981445445,111.81719515370052,850.82981521216,0.0723299967128989,5.0328915040913325,0.03827528655529022,0.9409492611885071,-0.33637693524360657
8005,8005,1,0.99594927,304.8516519664965,110.86702877628763,843.7377386518427,0.4617669548521181,4.851880454024868,-0.0953981876373291,0.9299497008323669,-0.35509535670280457
8006,8006,1,0.9966097,298.6001111279235,110.59125237684799,838.2886721734006,0.6026718543204416,4.4495960460057855,-0.14932622015476227,0.9056214094161987,-0.3969275653362274
8007,8007,1,0.99636495,297.4653429377969,110.10488065673717,840.5442834297038,0.6040832095163292,4.410614887692242,-0.14960144460201263,0.9029273390769958,-0.40291640162467957
8008,8008,1,0.99680567,293.80608066362896,109.27653642522529,835.8567534327499,0.6491543261577875,4.440224684332574,-0.16388282179832458,0.9035105109214783,-0.39599400758743286
8009,8009,1,0.99660826,299.64574300773546,111.48450254077743,850.8235162103401,0.6471785496223709,4.593523694338355,-0.163700670003891,0.9071187973022461,-0.38773390650749207
8010,8010,1,0.99654704,292.76533057853146,108.89129402469894,835.8431390126984,0.6332021753679568,4.397453535541712,-0.1577964872121811,0.9022990465164185,-0.40119412541389465
8011,8011,1,0.9966217,295.9473171850102,110.80075483068845,842.573124017941,0.5827743351632456,4.322349229602312,-0.14165575802326202,0.8985369205474854,-0.41540947556495667
8012,8012,1,0.99609816,294.5885357489641,109.42775902402275,834.507827671433,0.46393902483634375,4.3126809213205695,-0.09348860383033752,0.9065731167793274,-0.4115641713142395
8013,8013,1,0.9956806,292.22037379966264,108.32225871132304,821.3447640653006,0.2693729503097341,4.3203344190153485,-0.01283038966357708,0.9162564277648926,-0.4003868103027344
8014,8014,1,0.9971244,299.0418877477892,108.86398796902837,825.5670379987918,-0.0891128874985836,4.7081060369833825,0.11497197300195694,0.9297041893005371,-0.3499022424221039
8015,8015,1,0.99638855,312.4995217314972,109.59565837971064,842.9001019104795,-0.4391113245923336,5.07729755440523,0.21438860893249512,0.925503134727478,-0.3122203052043915
8016,8016,1,0.9961045,317.13700690246003,110.32274730297381,852.2816177286303,-0.6422206509221385,5.12896325432421,0.27347591519355774,0.9121128916740417,-0.3053866922855377
8017,8017,1,0.99566454,323.6012336567316,111.30674395802937,861.8641843206525,-0.7695138908557675,4.815962737349306,0.3253646492958069,0.8846229910850525,-0.3340359926223755
8018,8018,1,0.9965546,322.36464592044337,111.72027367672536,856.7872467363958,-0.7520565946085832,4.174914193420841,0.36046022176742554,0.8440601825714111,-0.3970276117324829
8019,8019,1,0.99669516,318.9311921437895,110.38661060361035,849.8482000410419,-0.7294580301207058,3.9573950327219585,0.3700012266635895,0.8295945525169373,-0.4181770384311676
8020,8020,1,0.9972011,321.24245218219846,110.55575366236087,854.185765915869,-0.7450321655566641,3.8956441368740866,0.37758684158325195,0.8215712904930115,-0.4271402657032013
8021,8021,1,0.9973226,319.43894905791535,110.16824609616695,848.1432179661307,-0.6908755699632646,3.795904895070921,0.36736589670181274,0.8197705149650574,-0.4393388330936432
8022,8022,1,0.9973254,317.53228099872865,109.6769140602183,843.3317774046903,-0.6397029270985265,3.7737579820140534,0.3522259294986725,0.8245136737823486,-0.44284769892692566
8023,8023,1,0.9974195,317.50819062989666,109.57681526618012,843.4300606934117,-0.6130952714069424,3.7459079320003337,0.34429311752319336,0.8247915506362915,-0.4485322833061218
8024,8024,1,0.997874,316.80760376759423,109.09041662191841,842.9769675106853,-0.5611131447279704,3.602909432391967,0.3345872461795807,0.8163250684738159,-0.47081294655799866
8025,8025,1,0.9978637,319.0775292534185,109.73755049791623,849.3664284694327,-0.5169352342392478,3.504508122545852,0.32132115960121155,0.808822512626648,-0.49250268936157227
8026,8026,1,0.99760985,312.58758469106994,108.86364389538687,832.763718294454,-0.44515374743759345,3.372578739872019,0.3075833022594452,0.806071400642395,-0.505609929561615
8027,8027,1,0.997265,319.5277988371615,110.78544881641908,851.8428849988969,-0.43503263546581245,3.4327490116823536,0.2920381724834442,0.8080137372016907,-0.5116909146308899
8028,8028,1,0.99708074,317.19918996639586,109.82836372377388,846.7106218388855,-0.41661406033828824,3.431166616733235,0.28675127029418945,0.8112367987632751,-0.5095769166946411
8029,8029,1,0.9963515,317.3499291157231,110.33336771093111,847.5760206532292,-0.382144481500029,3.5051952753026567,0.26784059405326843,0.8220511674880981,-0.5024871826171875
8030,8030,1,0.9962425,316.29028152491173,110.15911586320614,843.2549836281137,-0.3276528107217825,3.5238357663612327,0.24501976370811462,0.8300414085388184,-0.5009955763816833
8031,8031,1,0.9957837,314.4905364346411,108.89563103495999,839.2726825881067,-0.2713404054631285,3.511876976488512,0.22300341725349426,0.8346781730651855,-0.5035690665245056
8032,8032,1,0.99577785,321.1551124726636,110.24696879157597,856.1252762853163,-0.2757906548490249,3.6131763385791205,0.21310746669769287,0.8391404747962952,-0.500428318977356
8033,8033,1,0.99671507,321.66192755816246,110.95373098630883,856.0724236984775,-0.2694320886666039,3.591997559539939,0.21109499037265778,0.8374043703079224,-0.5041754245758057
8034,8034,1,0.9965922,325.5101518436388,112.38724649070109,863.8721985294915,-0.27092748379377246,3.6177147284444247,0.2069086879491806,0.8372600078582764,-0.5061467289924622
8035,8035,1,0.9964862,322.810534953908,111.91516575089467,858.5169192712923,-0.2750690576995706,3.6437546298617267,0.21004003286361694,0.8411558270454407,-0.4983372986316681
8036,8036,1,0.9964941,323.14986680326655,111.34469611315915,859.3181534556602,-0.3175461218375331,3.711617791767384,0.22421278059482574,0.8445207476615906,-0.48632633686065674
8037,8037,1,0.99660254,320.2556476023327,111.45568202714054,852.3400036795643,-0.3446973617742546,3.713795927623555,0.23829080164432526,0.8445379137992859,-0.47955521941185
8038,8038,1,0.9974704,324.57263840317205,111.73330694052805,863.2552068218162,-0.3985178639831811,3.7811638156265146,0.252322793006897,0.8435211777687073,-0.4741363525390625
8039,8039,1,0.9975339,324.90387389184235,113.59845078391628,864.3145541606287,-0.4105031819384445,3.82951093463633,0.2545008361339569,0.8461991548538208,-0.46816280484199524
8040,8040,1,0.9975473,319.59238512660596,112.12766745448933,851.3831003868369,-0.405265907609452,3.7581489160728334,0.2613087594509125,0.8437224626541138,-0.4688817858695984
8041,8041,1,0.99735045,321.98821017002217,113.11707482663087,861.6255742337793,-0.4459914779706331,3.8385584651999904,0.2703528106212616,0.8444461822509766,-0.4624067544937134
8042,8042,1,0.9969308,321.0993017418144,113.00669165798445,857.7493699840032,-0.4706068230127509,3.8719048642405505,0.27906662225723267,0.846280038356781,-0.45379725098609924
8043,8043,1,0.9967642,320.2869758786082,112.17551561874215,855.525796393219,-0.45892124484472024,3.85635685307068,0.2760879099369049,0.8466755747795105,-0.4548802673816681
8044,8044,1,0.9975581,317.6450720578182,111.18305906125484,851.612262931966,-0.4507958475916205,4.18035004289763,0.2573312222957611,0.8740235567092896,-0.41214507818222046
8045,8045,1,0.9959254,310.4205236406757,111.5143536580887,843.5947125029512,-0.37483264440419406,4.493346548098699,0.21960780024528503,0.9007421731948853,-0.3747478127479553
8046,8046,1,0.99516547,309.38155415917595,111.01587564297908,844.3761399089717,-0.27659644437739417,5.031273399517651,0.1639227420091629,0.9319999814033508,-0.32327282428741455
8047,8047,1,0.9971848,303.7320874281396,111.78599041702853,840.7278589299343,-0.07408875874531609,5.750715231625235,0.08176100999116898,0.961313784122467,-0.2630416452884674
8048,8048,1,0.9974475,304.0524730921693,111.91731816027671,853.0570058477597,0.3545979960330096,6.015188297081393,-0.053669944405555725,0.9654684662818909,-0.2549317479133606
8049,8049,1,0.9969536,299.4176240457866,112.4265459767983,849.8389263130288,0.5507899355521296,6.0205679870845294,-0.11034832894802094,0.9608734846115112,-0.25405794382095337
8050,8050,1,0.99637043,300.8925903350211,112.95260657409669,861.4387062226261,0.6041413776844484,5.562561064585853,-0.1330396682024002,0.9453431367874146,-0.2977025806903839
8051,8051,1,0.995559,301.4115553376089,112.66100531582316,864.3073109877733,0.6881538950952738,5.143283294023441,-0.16790719330310822,0.926176130771637,-0.3376461863517761
8052,8052,1,0.9954862,296.7685214756895,111.40929592589544,852.4833648361933,0.7212044613558852,4.84765741786176,-0.18296504020690918,0.9147093296051025,-0.3603202700614929
8053,8053,1,0.994961,299.61540806006855,112.97657780280457,859.7223495658905,0.7362046915542301,4.672601174899982,-0.19424602389335632,0.9028204083442688,-0.38364550471305847
8054,8054,1,0.9946589,295.19907573501115,111.2868571128069,849.394464235947,0.7436708300352859,4.373718159098802,-0.20202907919883728,0.888697624206543,-0.4115833044052124
8055,8055,1,0.9940236,287.8219794794965,108.83153091156662,827.9676038405922,0.7610808305075787,4.005196596308721,-0.2149813175201416,0.8698078989982605,-0.4440915286540985
8056,8056,1,0.9940064,293.8205521118153,111.2365079077851,843.1898417233092,0.7711287330396972,3.7612434622072706,-0.23040993511676788,0.8422966003417969,-0.48728612065315247
8057,8057,1,0.99433315,290.0474252732306,109.68504532231941,831.7786621742713,0.7551494742750616,3.4783898006662963,-0.23045854270458221,0.8211860060691833,-0.522055983543396
8058,8058,1,0.9943515,298.7157034028825,112.25151771068705,851.1968969274767,0.6703440395180513,3.4950347307813163,-0.1979988068342209,0.8214203119277954,-0.5348505973815918
8059,8059,1,0.9965922,302.09051751354235,111.30482752648601,852.8544949351148,0.5588819072988124,3.5667599135456762,-0.14894823729991913,0.8367395401000977,-0.5269548296928406
8060,8060,1,0.99751616,297.336705132224,109.47180843920273,829.1356147605967,0.39314687579560753,3.6260627436302237,-0.0694044753909111,0.8612332344055176,-0.5034484267234802
8061,8061,1,0.995479,307.5262936818201,111.64595377126858,843.3414080104711,0.16220891393807021,3.8380794983787503,0.025505295023322105,0.877622127532959,-0.4786740839481354
8062,8062,1,0.995421,307.6135174054612,109.35759370441114,842.1441866537339,0.06185427259110074,3.927033302311059,0.06771023571491241,0.8844294548034668,-0.46173569560050964
8063,8063,1,0.9959978,310.7250781243922,110.54000951139318,848.8214016400349,0.0500096642713591,3.9399431490526218,0.06987818330526352,0.8828937411308289,-0.46434441208839417
8064,8064,1,0.99617517,312.7530121576438,110.49263708274584,855.0258135452265,0.1472531032281341,3.9414525708319714,0.02608940191566944,0.8818793296813965,-0.4707528352737427
8065,8065,1,0.99810153,302.1678932587802,111.27719860841597,840.2717874226761,0.38544573149793,3.814027830699878,-0.0692046731710434,0.8728653788566589,-0.48302870988845825
8066,8066,1,0.995067,296.6684105270781,110.41114045133982,836.2729915471691,0.5704007699117093,3.709644112528309,-0.14798855781555176,0.8564082980155945,-0.49463552236557007
8067,8067,1,0.9942941,292.4906827727754,110.6280559282507,835.9657316514985,0.698824724409527,3.7587696022119363,-0.19940988719463348,0.851464033126831,-0.48502033948898315
8068,8068,1,0.9941764,297.1473985374999,110.52654357709935,854.5420374733206,0.7854647595675631,3.873688923319186,-0.23412412405014038,0.8467181921005249,-0.4777596890926361
8069,8069,1,0.99421704,297.72176146146455,112.61314417183371,859.1153421906429,0.8242749195950162,3.9421824313509424,-0.2477722018957138,0.8467795252799988,-0.4707157611846924
8070,8070,1,0.9945574,296.97150821089616,110.76504971586824,854.5459268948633,0.8282904213022692,3.9890967971986697,-0.24730521440505981,0.8522372245788574,-0.4610117971897125
8071,8071,1,0.9931772,296.3396382253957,110.43190522468394,853.990481205462,0.8011284821823097,3.948724593466684,-0.2374154031276703,0.8518913984298706,-0.4668136537075043
8072,8072,1,0.9928999,287.1837090797225,108.51326367308742,828.3906593502669,0.7660389063672219,3.7144037159927916,-0.22542807459831238,0.8453319668769836,-0.4843512177467346
8073,8073,1,0.9930728,291.71091813167305,108.15258365491225,839.2981316677968,0.7482967833764067,3.7067939756969737,-0.22069692611694336,0.8418958783149719,-0.49244725704193115
8074,8074,1,0.9933362,292.2926873343367,108.70923568699841,842.2564316558529,0.7445351712250557,3.667853828113724,-0.2205602079629898,0.8373301029205322,-0.5002314448356628
8075,8075,1,0.9944694,293.4131577509528,109.61175934654814,845.1566781126054,0.7266589301758626,3.665918396802193,-0.21374064683914185,0.837363064289093,-0.5031282305717468
8076,8076,1,0.99449944,291.9745018634158,108.99715418978849,839.0173887576898,0.67699023458144,3.677309712173955,-0.19123932719230652,0.8453294038772583,-0.4988444149494171
8077,8077,1,0.9955597,291.0470552896813,108.83606019425712,832.7763057983242,0.5190333619100996,3.753211986681696,-0.1198708787560463,0.8655356168746948,-0.48629117012023926
8078,8078,1,0.9951486,294.84575102597313,108.6683465199048,835.3799564706683,0.27132297708706066,4.010231678827235,-0.013568376190960407,0.8928114175796509,-0.4502262771129608
8079,8079,1,0.9957046,304.01088213418456,108.79321395854315,834.8467534189693,-0.042031712728019706,4.352253276373178,0.10306088626384735,0.9115639328956604,-0.3980322778224945
8080,8080,1,0.99720687,313.6129958698966,109.18230549276495,842.2283510775363,-0.2455382473892367,4.601357575395413,0.1654709279537201,0.9153475165367126,-0.36709436774253845
8081,8081,1,0.995389,324.28153257312016,111.37551798004715,862.9115402234598,-0.3091702884260653,4.646951604366122,0.17884741723537445,0.9103055596351624,-0.3733060657978058
8082,8082,1,0.9952585,320.3268401203646,111.352194207572,854.5066159530223,-0.12822458954743948,4.099058781109938,0.13247458636760712,0.8878672122955322,-0.4406158924102783
8083,8083,1,0.9974381,314.18159433539694,113.09447207597303,850.8422484587545,0.14018530210371827,3.550205596151993,0.03426431119441986,0.8491951823234558,-0.5269662737846375
8084,8084,1,0.9952679,302.4554744532825,108.44981737415378,826.9843395699328,0.38790890307610126,3.2920400717034144,-0.07259968668222427,0.8285319805145264,-0.5552152991294861
8085,8085,1,0.9944614,306.04436590508993,112.71806788368094,846.3059212185941,0.537119531997915,3.2984840879212567,-0.14753304421901703,0.8108749389648438,-0.5663177371025085
8086,8086,1,0.9937075,304.32802886620254,112.35601973848763,842.3016331864178,0.6342993413703731,3.237555973472646,-0.1937372386455536,0.7977197170257568,-0.5710597038269043
8087,8087,1,0.99397224,301.7374082445123,110.17906894877575,837.609662358965,0.6708612454244566,3.2664318293173165,-0.20800919830799103,0.8009762763977051,-0.5613993406295776
8088,8088,1,0.99349,303.4010911495876,111.2015132515305,840.1386392255603,0.6754000138122997,3.278922153253931,-0.21111449599266052,0.8004250526428223,-0.5610262751579285
8089,8089,1,0.9940545,306.39907424520135,112.34884208390552,847.5330285868621,0.6799518118101656,3.329432801210166,-0.21376699209213257,0.8021900057792664,-0.557489812374115
8090,8090,1,0.9948953,303.93692709284477,112.46418207445664,844.1618156992162,0.6939205940393627,3.3055145370373378,-0.21911263465881348,0.799709141254425,-0.5589767098426819
8091,8091,1,0.9946333,306.56298777388173,113.74910423054494,853.6278568598937,0.6975070089626605,3.3691023198566006,-0.2202921211719513,0.8022663593292236,-0.5548333525657654
8092,8092,1,0.9965597,308.8035424813763,113.92620664775227,856.8761799184358,0.687383615998986,3.434986734177468,-0.21542572975158691,0.8091046214103699,-0.5467553734779358
8093,8093,1,0.99688905,304.74178066061376,115.05321857281672,853.9222512885359,0.6996104023936507,3.4237577348471997,-0.2182736098766327,0.8081218600273132,-0.5470792651176453
8094,8094,1,0.996527,307.33665362235405,115.74756268474596,857.1857553468935,0.6702530746177143,3.4553389260262795,-0.20621231198310852,0.8125079870223999,-0.5452588796615601
8095,8095,1,0.9966384,305.958343925125,114.69478901980797,853.0176993777882,0.641646184441507,3.3724905069734965,-0.1944858580827713,0.8078303337097168,-0.5564041137695312
8096,8096,1,0.99705493,302.92973664213605,115.01881046516088,843.6710270792837,0.6294229135402646,3.3008029166885846,-0.18889020383358002,0.8046036958694458,-0.562968373298645
8097,8097,1,0.997322,307.972737590563,116.58075411167113,855.4912921974515,0.6166919087856204,3.3621088071257175,-0.18502500653266907,0.8068887591362,-0.5609780550003052
8098,8098,1,0.9972875,303.5669938780615,115.30467021790957,844.3091365721224,0.6493396405248845,3.3048445484350744,-0.1986299306154251,0.8028776049613953,-0.5620798468589783
8099,8099,1,0.99679846,304.51106113825637,115.95205679292197,845.1995411080862,0.6712423905677479,3.280493185291435,-0.2102949619293213,0.7971786260604858,-0.5659348964691162
8100,8100,1,0.9966671,301.0544612001575,114.17834411526444,837.828543027576,0.6849873009435481,3.161851909637336,-0.2175971418619156,0.7850672602653503,-0.5799318552017212
8101,8101,1,0.9962441,306.3447997583027,114.88102268814534,849.7679953375788,0.6981104164086184,3.0717069372391506,-0.22982436418533325,0.7652226686477661,-0.6013444066047668
8102,8102,1,0.99680746,303.11351720058525,114.30494848986149,842.0277809348354,0.695617369987415,2.994214637044875,-0.22894224524497986,0.7585291266441345,-0.6100975871086121
8103,8103,1,0.9966618,304.88810634127043,115.56691252860382,846.4494375063737,0.6758613775848372,3.0383408576760087,-0.21937493979930878,0.7641615271568298,-0.6065738797187805
8104,8104,1,0.9966298,306.4675450188958,113.97672037768648,847.0213955665234,0.6436529305673526,3.1530862626620455,-0.2019602507352829,0.7831563353538513,-0.5881142020225525
8105,8105,1,0.99702924,308.29601898374614,114.83026171690813,848.2450897314735,0.6023797804126565,3.383589918904024,-0.17862798273563385,0.814002513885498,-0.5527132153511047
8106,8106,1,0.9970657,303.62243275307725,113.15579908481608,837.1984774271208,0.5637883698431326,3.545977443310284,-0.15415845811367035,0.8396917581558228,-0.5207235217094421
8107,8107,1,0.99690443,305.9442245131254,112.72164303300322,840.0022178534368,0.5150148781690113,3.6524955115270092,-0.1320105344057083,0.8519795536994934,-0.506659746170044
8108,8108,1,0.9970246,301.25896812831087,111.77774367945499,831.4235221506033,0.48959684458452213,3.662224758113189,-0.11676928400993347,0.8582285642623901,-0.4998086988925934
8109,8109,1,0.99701524,302.16196165490146,111.98836370859046,832.0694735903882,0.4874196816275378,3.6748464033768067,-0.11638689786195755,0.8591157793998718,-0.49837151169776917
8110,8110,1,0.99736565,304.53519417727233,112.20191186728381,837.8683261462817,0.5077113519856482,3.7176158006676703,-0.12667615711688995,0.8593326807022095,-0.49548009037971497
8111,8111,1,0.99726784,301.26568190518566,110.90369304506164,829.4142396747889,0.5519290019519101,3.755041135375619,-0.14332561194896698,0.8634395003318787,-0.4836631715297699
8112,8112,1,0.99714583,305.54016885669654,111.85079758571096,842.2677028433664,0.5849568209916317,3.846863388104384,-0.15881504118442535,0.8637242913246155,-0.47828665375709534
8113,8113,1,0.9952676,303.6668771956019,112.11032506383327,838.8461159301811,0.6082020600016719,3.8128779755186275,-0.16823875904083252,0.8605606555938721,-0.48076099157333374
8114,8114,1,0.99590826,303.3625590863209,111.0404029585785,835.1794846309409,0.5126369611986276,3.873573766658143,-0.12572035193443298,0.8733152151107788,-0.470653772354126
8115,8115,1,0.9950439,307.3306393071581,112.04619278329847,845.0718929041274,0.31891329727874035,4.0989999466895775,-0.04423299431800842,0.8939873576164246,-0.4459036886692047
8116,8116,1,0.9951192,305.84431796731303,111.77164592490664,838.1235992583919,0.09751950627778139,4.314442264001716,0.04665105789899826,0.9110521674156189,-0.40964338183403015
8117,8117,1,0.99577135,319.01236516531543,112.7186227122541,863.4908739823633,-0.19905519310565709,4.873170887612162,0.13534332811832428,0.9255183935165405,-0.3536917567253113
8118,8118,1,0.99472165,320.15336901181786,110.65003696229725,860.9142221114254,-0.40777588081455307,5.304180419762004,0.18994738161563873,0.9336363673210144,-0.3037155270576477
8119,8119,1,0.99552995,318.63456805312006,110.6138984934366,853.6792665993958,-0.5265472320142813,5.405531601652615,0.22429759800434113,0.9313408732414246,-0.2868706285953522
8120,8120,1,0.99631244,323.2834274923644,111.98240309282448,864.3323760764738,-0.630501039476425,5.231535929418009,0.2609463036060333,0.9161150455474854,-0.30436867475509644
8121,8121,1,0.9962204,322.1404279723574,111.99505750771289,862.6051044692773,-0.5618770374878856,5.028411034567604,0.24980051815509796,0.9123545289039612,-0.324359267950058
8122,8122,1,0.99630153,320.5824844357547,111.47538944224107,859.3905839420736,-0.36627118558940414,4.4412966581900655,0.21087244153022766,0.8957566022872925,-0.3913475275039673
8123,8123,1,0.9960162,309.5874942967339,111.01448202551171,841.7849085286881,-0.08517212391530651,3.804311178575883,0.1334904134273529,0.8704449534416199,-0.4738204777240753
8124,8124,1,0.995972,303.2069402446924,110.51185461025621,830.6487901007976,0.16310037061361285,3.603190509335464,0.032605163753032684,0.8624564409255981,-0.5050800442695618
8125,8125,1,0.9963463,303.9516797565904,111.66095289783185,845.6630442421147,0.35809134283477845,3.610810014680917,-0.05864357575774193,0.853948712348938,-0.5170421004295349
8126,8126,1,0.9965348,299.12597672469536,112.0705262483802,844.6131172877208,0.5285334738310972,3.661799529107597,-0.13183926045894623,0.8510946035385132,-0.50818932056427
8127,8127,1,0.9972705,303.49219135880656,112.61320816840976,863.4327413153765,0.6595500476061072,3.8361928570836743,-0.18769121170043945,0.8500646352767944,-0.492099791765213
8128,8128,1,0.9967025,295.2477959166868,110.33870828674416,840.2020177104264,0.7096459405828,3.779111530208611,-0.20527538657188416,0.8505291938781738,-0.48421287536621094
8129,8129,1,0.9958871,300.5034835506896,111.74550219398485,854.4123820760898,0.7105550363572072,3.8482111708716564,-0.2069217711687088,0.8505557179450989,-0.4834650158882141
8130,8130,1,0.99583554,297.20331072767186,110.10980565783932,845.9752288532562,0.7149925771505949,3.867384111340476,-0.2060961127281189,0.8554630875587463,-0.4750865697860718
8131,8131,1,0.9957866,302.70569952013426,112.28276779705664,860.9283799794654,0.7050968168260586,3.9594611982415797,-0.2029070109128952,0.8577438592910767,-0.47233909368515015
8132,8132,1,0.99560946,299.63679286463497,111.84796877256632,852.3204647896824,0.7038446659030443,3.874832731774741,-0.2029106318950653,0.8542004227638245,-0.4787159264087677
8133,8133,1,0.99559265,296.8833222546945,110.58053082052946,844.3175133760375,0.7071602877264073,3.806567311207443,-0.20446081459522247,0.8514452576637268,-0.48294591903686523
8134,8134,1,0.9957282,296.2986064207923,110.78899796238001,849.6508268968051,0.7012940811453645,3.8778840367737355,-0.1992177814245224,0.8562602996826172,-0.4765821695327759
8135,8135,1,0.9956096,298.546193839022,111.91454335404626,854.9690288377564,0.7060813302167207,3.9801740570949407,-0.19996269047260284,0.8618988394737244,-0.4659886062145233
8136,8136,1,0.99493694,297.87331076262626,110.8982879902408,852.9814174943717,0.6949976678412734,4.24091283089732,-0.18836741149425507,0.8826248645782471,-0.43068671226501465
8137,8137,1,0.9942569,297.0650850493774,110.97232295553692,850.3515948313226,0.6866637381383554,4.590640097805655,-0.17657312750816345,0.9048515558242798,-0.38738301396369934
8138,8138,1,0.9939839,297.96637065031877,112.33888584001728,856.4025126862692,0.7364896782514618,5.050185507236961,-0.18433833122253418,0.921460747718811,-0.34194955229759216
8139,8139,1,0.99369496,294.7759001308766,111.63764969507868,848.4718037349603,0.7558313827159304,5.644762997821842,-0.1760108917951584,0.9427645802497864,-0.28322264552116394
8140,8140,1,0.99565214,296.91226034307783,110.30479358598085,855.3978807345094,0.6861220164544959,5.715832045633888,-0.15401418507099152,0.947257399559021,-0.2810393273830414
8141,8141,1,0.99603844,290.13155411793986,109.26291458477714,838.8036579250692,0.6997881113370763,5.397220789093182,-0.16034561395645142,0.9406938552856445,-0.29897212982177734
8142,8142,1,0.99625707,290.805822950863,109.10472490931672,843.887392346316,0.7129786454941234,5.232029440502498,-0.16812577843666077,0.9334430694580078,-0.3168877065181732
8143,8143,1,0.99804664,290.6207328249875,107.62912751790724,848.0698489842899,0.7077213698772222,4.958418521368565,-0.17153331637382507,0.9225060343742371,-0.345772922039032
8144,8144,1,0.99726284,288.3391150678682,106.84219690242088,842.5204373108894,0.661953751613986,4.788216071017217,-0.15736809372901917,0.9194261431694031,-0.3604036867618561
8145,8145,1,0.9968803,281.78068262868436,105.67665352654207,831.201009084772,0.6676827434635464,4.719710175436248,-0.15660147368907928,0.919385552406311,-0.36084094643592834
8146,8146,1,0.99700373,280.68815993819965,105.06860072734555,833.6360158888834,0.6754286253443446,4.662190852942201,-0.15964443981647491,0.9158204197883606,-0.36849245429039
8147,8147,1,0.9960438,281.94351208924564,104.65620705794214,844.867966715207,0.6821774819917419,4.606948850412363,-0.16358304023742676,0.9098413586616516,-0.3813520073890686
8148,8148,1,0.9954739,283.93145456041464,104.22728303061722,848.9316421808853,0.6751409926936064,4.521222736408517,-0.1638578176498413,0.9046019911766052,-0.39350464940071106
8149,8149,1,0.99591225,281.8221312104625,104.99122403752521,847.6919464467757,0.6853244257645722,4.652162168001395,-0.16365818679332733,0.9111961722373962,-0.37807077169418335
8150,8150,1,0.99464744,285.129589824983,102.7182696642315,858.6024568462003,0.7593776568242945,4.953101111170515,-0.18493828177452087,0.9178163409233093,-0.3512990176677704
8151,8151,1,0.99282503,279.3528454227327,100.37885182654604,842.4671985674671,0.8745716399209291,4.855231111372651,-0.2237406224012375,0.9095514416694641,-0.35022327303886414
8152,8152,1,0.99117017,286.71978580546505,99.28096712768134,872.9675589438962,0.9450968431108346,4.753656994454801,-0.2536452114582062,0.8908808827400208,-0.3768227696418762
8153,8153,1,0.9904998,277.97077000072545,97.65943124659579,863.6913444675228,1.0238759530364316,4.4805758714885,-0.2851370871067047,0.8713728785514832,-0.39925697445869446
8154,8154,1,0.99035686,284.73185872017757,97.73402593877263,878.1373627818076,1.0397623981926052,4.511231278314016,-0.2925707697868347,0.866992175579071,-0.4033943712711334
8155,8155,1,0.9912384,281.5639563542914,98.10171708765508,867.0071598486861,0.9951789721961005,4.500301717876389,-0.27661922574043274,0.8739442229270935,-0.39962899684906006
8156,8156,1,0.9898475,281.6190598626716,98.06378272125977,861.4782893418907,0.8943438360318348,4.585105725390248,-0.23889310657978058,0.889616847038269,-0.3892453908920288
8157,8157,1,0.98933965,280.3659302628077,98.18657269837945,854.7231823077526,0.8246091788809138,4.627361972919091,-0.21251289546489716,0.8994536995887756,-0.381865531206131
8158,8158,1,0.98868775,274.9468264330066,98.16482960747679,832.2445856603936,0.7865063670863408,4.655532161330887,-0.1956396847963333,0.9098352193832397,-0.36595767736434937
8159,8159,1,0.98193216,282.88334625165663,98.31592254044101,851.5373479506787,0.788016039651325,4.6314016931719,-0.2011970430612564,0.9028736352920532,-0.3799196481704712
8160,8160,1,0.9827738,283.8256398731734,99.54209721912991,851.7449738910718,0.7851198005180609,4.469316773300964,-0.20524130761623383,0.8938449621200562,-0.39864417910575867
8161,8161,1,0.99114907,285.89358169433916,101.90518699246716,856.732506322936,0.791093714264594,4.273729844723076,-0.21438077092170715,0.8792598247528076,-0.42537400126457214
8162,8162,1,0.98976594,273.2935351981407,99.53281361921377,818.0215069061951,0.709079165483099,3.9088096921078326,-0.18435071408748627,0.8738648295402527,-0.44986119866371155
8163,8163,1,0.99140054,273.71770500350283,99.25402690759506,815.9696022005791,0.5813962800632617,3.910662947908151,-0.130563884973526,0.8835054039955139,-0.4498569369316101
8164,8164,1,0.9931901,282.4677697391449,102.68195963505468,830.8666012135026,0.3423203540816993,4.1419112212721005,-0.034357551485300064,0.9027881026268005,-0.4287111461162567
8165,8165,1,0.9961534,281.5305729162252,99.7572318290931,792.823653728165,0.016601137933617807,4.217206371395838,0.10099711269140244,0.9169868230819702,-0.3859207332134247
8166,8166,1,0.9908886,285.36214126154067,101.12764100347813,790.7010623958753,-0.3005446677893961,4.416923998422539,0.21488404273986816,0.9121140837669373,-0.3491027355194092
8167,8167,1,0.99493486,305.10770415115593,103.31328580351135,833.24929680718,-0.6788289216470107,4.975024652110795,0.2997336983680725,0.9041268825531006,-0.30449020862579346
8168,8168,1,0.9967237,310.8683577876109,103.44871854746941,839.7665393783291,-0.9439775233734247,5.236265822046479,0.35873013734817505,0.8920323848724365,-0.27493801712989807
8169,8169,1,0.99660337,306.4170236326318,102.0685925534229,825.3972449883701,-0.8897270886976295,5.388144496130991,0.33795443177223206,0.9053621292114258,-0.2571113407611847
8170,8170,1,0.99640155,309.6728013810493,103.04455941406802,831.3071070428481,-0.714042317520283,5.597700415483261,0.27599650621414185,0.9277136921882629,-0.25134289264678955
8171,8171,1,0.99501413,302.5937512298798,104.20233621664194,820.3809513717998,-0.41208426649731933,5.442962055534045,0.1972222775220871,0.9433143734931946,-0.2669483423233032
8172,8172,1,0.99418855,298.9012596510493,104.686327661468,817.984854503843,-0.010127298357093382,4.802941587362424,0.0833757221698761,0.9380291104316711,-0.33637765049934387
8173,8173,1,0.9958824,281.08023433181785,102.6159298947927,793.1815633938526,0.4378602966161234,4.387752436573054,-0.07286931574344635,0.9245554804801941,-0.3740150034427643
8174,8174,1,0.9923023,280.51212681456377,100.31799875936711,811.4420806920594,0.6676143822654151,4.479352909233151,-0.1607106626033783,0.9133358597755432,-0.3741520345211029
8175,8175,1,0.99482816,285.5575451259895,102.19337829042524,837.3847327518374,0.7877722169962699,4.552356252475081,-0.20633631944656372,0.9012948274612427,-0.380910724401474
8176,8176,1,0.9958261,277.66979548585846,101.1254398482684,814.9692588662193,0.9028337141722346,4.498219936500476,-0.24567168951034546,0.8953999876976013,-0.3713546395301819
8177,8177,1,0.9963934,276.1834286156125,99.96307546940727,823.2065322405202,1.0195747681146345,4.551131454908227,-0.2832561731338501,0.8856611847877502,-0.3679269552230835
8178,8178,1,0.99516183,283.1473092028059,100.90354678830325,850.0802389486516,0.9823700991950284,4.694450363913303,-0.26782140135765076,0.8898295760154724,-0.36942532658576965
8179,8179,1,0.9854375,281.03595775560063,100.95783354054021,852.7242720005247,0.8673986256688602,4.818305188482625,-0.222975954413414,0.9058189988136292,-0.3602411448955536
8180,8180,1,0.99079716,281.29575550636656,100.32581899214374,868.7805423808836,0.7416543107328286,5.197559648397098,-0.1706215739250183,0.9273805618286133,-0.3329468071460724
8181,8181,1,0.98811996,281.6874929333737,99.96271863908794,882.5713805082219,0.632071788542186,5.699746024154837,-0.12716273963451385,0.9467207193374634,-0.29588761925697327
8182,8182,1,0.992874,277.46307492522664,98.17676318171043,868.203445846135,0.599644912486519,5.8383600274715395,-0.11330322176218033,0.9543038010597229,-0.2765260338783264
8183,8183,1,0.99094045,275.919561694028,97.84826425609697,876.1210019683581,0.5677333588423424,5.799303467998717,-0.10285595059394836,0.9533466696739197,-0.28381478786468506
8184,8184,1,0.9898605,278.03914059328446,100.32093506692132,879.2221145351623,0.5665446218140248,5.597267342113508,-0.10568378120660782,0.9471740126609802,-0.30280739068984985
8185,8185,1,0.98366517,277.1460777557931,99.63104108251527,877.9830892268209,0.6570993027416878,5.13823906517969,-0.14041952788829803,0.9283055067062378,-0.3442837595939636
8186,8186,1,0.9835865,278.4073901019963,101.12102310301157,882.9341645944104,0.7164454182675761,4.732461574409469,-0.1689862310886383,0.9055213928222656,-0.38919755816459656
8187,8187,1,0.98740935,279.0377693442072,100.35711449256569,884.302547052142,0.7332864223190902,4.49019943554874,-0.18051613867282867,0.8907731175422668,-0.4170578718185425
8188,8188,1,0.99028045,273.83428587548775,95.92414338606268,864.4845467121783,0.7209881317772135,4.338942047481812,-0.17614217102527618,0.8891238570213318,-0.42241305112838745
8189,8189,1,0.98983675,285.5569197998871,100.26353170556975,891.3824852488597,0.6904580108904538,4.761313557776335,-0.1634984165430069,0.9058902263641357,-0.3906804621219635
8190,8190,1,0.9899511,294.3470675904989,101.02681939687591,919.6952023296716,0.7051833741495503,5.425664204332613,-0.16076882183551788,0.9266554713249207,-0.3397985100746155
8191,8191,1,0.9936306,287.4124771565384,97.89086972409541,894.7463069847505,0.7009187924535818,5.717550439703114,-0.1509445607662201,0.9417808055877686,-0.3004406988620758
8192,8192,1,0.99430627,285.3702070809819,95.37851777660323,879.5394813617851,0.6730360826061809,5.858174277274982,-0.1393737494945526,0.9496727585792542,-0.28052908182144165
8193,8193,1,0.9929068,290.8917108426644,97.89618024532433,897.610852720887,0.6637790342178519,6.038676666262753,-0.13698720932006836,0.9512984156608582,-0.2761627435684204
8194,8194,1,0.9934018,290.6930274442872,97.72242373352094,896.56666605306,0.6656188338742102,5.82877354323024,-0.14036469161510468,0.9460094571113586,-0.292170912027359
8195,8195,1,0.99388474,285.67349409675325,96.94009571122915,878.4195604713246,0.6457894190960158,5.318277124416017,-0.1390448361635208,0.9348788857460022,-0.32660070061683655
8196,8196,1,0.993002,282.86667599995496,97.40507257631562,870.2193239375894,0.6104419091593213,4.844405775272563,-0.13241316378116608,0.9198638796806335,-0.3692116141319275
8197,8197,1,0.98913586,283.31643706787116,96.87920723999703,880.6454403511061,0.6157597033819856,4.615482001429754,-0.13760632276535034,0.9059492349624634,-0.40040045976638794
8198,8198,1,0.98916453,283.53087786177605,96.7808721263108,884.1451827176534,0.6114353456966404,4.602968654529902,-0.13620546460151672,0.9046090245246887,-0.4038942754268646
8199,8199,1,0.98864007,284.6893209692405,96.87448697939521,887.5046036209488,0.5958240588389503,4.650583476708681,-0.13046672940254211,0.9069514274597168,-0.40052154660224915
8200,8200,1,0.98950386,280.1160615354292,98.35862971553543,872.4373500924954,0.6140614458172602,4.591905766037972,-0.13555285334587097,0.9070042967796326,-0.39870867133140564
8201,8201,1,0.9882013,287.18899171785273,97.45508325091164,900.3721189241975,0.602486919172588,4.709016361094053,-0.1333557367324829,0.906093418598175,-0.4015108644962311
8202,8202,1,0.98855877,298.66923899305,100.11633905323094,943.6091107115277,0.5836932881435113,4.845304490128649,-0.1311371773481369,0.9019735455513,-0.4113961458206177
8203,8203,1,0.990119,295.1789743396101,99.33985504364199,929.511009389631,0.6077307581853809,4.691307610106591,-0.1399456262588501,0.896493136882782,-0.4203752279281616
8204,8204,1,0.9903336,298.1290583664991,101.18442444244708,940.2345408123047,0.5646484475165718,4.872585885037464,-0.12398179620504379,0.905015766620636,-0.4069090485572815
8205,8205,1,0.99064505,294.5448728153901,101.16410039950169,931.1283932440318,0.46959360809891404,5.081764246958347,-0.08708179742097855,0.9209347367286682,-0.3798631727695465
8206,8206,1,0.98925275,285.79784787290527,98.78424411934907,902.8672617286501,0.31581548496687356,5.252375069398835,-0.029147831723093987,0.93792724609375,-0.34560510516166687
8207,8207,1,0.99330103,268.02412598201107,96.05186227586402,811.5901562608015,0.09788933594787422,4.8132288767760345,0.06460806727409363,0.9412351846694946,-0.3315148651599884
8208,8208,1,0.9943904,260.4298711133902,93.82176000714863,770.9965023436431,-0.13647187660341875,4.656941426541705,0.1615293323993683,0.9353933334350586,-0.31455937027931213
8209,8209,1,0.99083894,273.6785306613597,96.20303776477779,784.769453504491,-0.3553647679722254,4.734078881746578,0.22714568674564362,0.9237354397773743,-0.30841150879859924
8210,8210,1,0.99215734,280.07219948084986,96.82137370798146,787.4531329389323,-0.47999042784083656,4.549796224808432,0.2753787636756897,0.905328094959259,-0.32333818078041077
8211,8211,1,0.99523985,287.52819214313064,96.51295917663064,798.2772323396331,-0.5400453477266997,4.707601879021373,0.2814873456954956,0.9073659777641296,-0.3121728003025055
8212,8212,1,0.9955318,289.4210804670136,97.9998847978411,794.7423803909309,-0.4757109467236101,4.832076842979588,0.2528674304485321,0.9193495512008667,-0.30142077803611755
8213,8213,1,0.9949242,291.3185768637025,98.7789366006895,796.0781854607336,-0.3320495885485048,4.849591811452944,0.2021855264902115,0.9301633238792419,-0.30645912885665894
8214,8214,1,0.99489343,294.88453073071605,99.69742407144703,809.540881875701,-0.1533388664244279,4.836396529574691,0.13706012070178986,0.9365993738174438,-0.3224843442440033
8215,8215,1,0.9953507,293.9836265577471,101.26413519314117,812.2712020241567,0.15214897009755685,4.71242795947834,0.027911275625228882,0.9381085634231567,-0.3452147841453552
8216,8216,1,0.99463826,282.2567801331595,102.45218938887274,807.6048262727871,0.5114285057022865,4.699590290819838,-0.09972351789474487,0.9322198033332825,-0.34788137674331665
8217,8217,1,0.9956455,281.75539775533866,102.90220096576793,814.8385370616711,0.7396900390957707,5.011113255337456,-0.1764650046825409,0.9308975338935852,-0.3198278844356537
8218,8218,1,0.99492055,289.71914074630376,103.34596603690822,841.2411818101709,0.7815161436276338,5.18437701975588,-0.19070574641227722,0.9285869598388672,-0.31836697459220886
8219,8219,1,0.99074286,295.04976192633234,103.643512876214,864.3069527115309,0.7798680443020125,5.3202162718599135,-0.18942558765411377,0.9286785125732422,-0.31886395812034607
8220,8220,1,0.9900219,286.44656174170274,102.34355166404468,834.8386333015801,0.7735278844875912,5.0499535999939384,-0.18930628895759583,0.9257129430770874,-0.32744258642196655
8221,8221,1,0.9908708,285.9660236120032,101.5191093931121,835.9303042775451,0.7438856290842504,4.9214262466070045,-0.18168795108795166,0.9223684072494507,-0.3409193456172943
8222,8222,1,0.9928582,292.4805758487093,101.1517870016806,854.2089405665027,0.7266273448883963,4.839396393468116,-0.18097463250160217,0.9152138233184814,-0.3600442707538605
8223,8223,1,0.99288046,280.75375498789384,98.9119704611165,826.0675946753832,0.719071308036898,4.594911531467352,-0.1768767386674881,0.9122676253318787,-0.36943525075912476
8224,8224,1,0.99270177,273.26417030410414,96.67440923479116,805.1412821288486,0.7235364833303831,4.425779195868083,-0.17792236804962158,0.9096871614456177,-0.3752504289150238
8225,8225,1,0.9934782,289.1994703509804,101.418663597144,854.5607403434582,0.7496817041806244,4.6544463734694554,-0.19133198261260986,0.9049363732337952,-0.3801082670688629
8226,8226,1,0.9935428,276.13870057976123,97.84219708568783,817.7169704024273,0.7673258580979487,4.611340917040058,-0.19129769504070282,0.9123728275299072,-0.3619129955768585
8227,8227,1,0.993718,276.0365122547305,99.77823650195194,820.6770140319219,0.7683466079884232,4.747018463818728,-0.18831557035446167,0.917789101600647,-0.3495718240737915
8228,8228,1,0.99380046,278.69768845738,100.61269713597399,830.3842993420243,0.7082253188838816,4.98177579863324,-0.1633772850036621,0.9290725588798523,-0.3318614661693573
8229,8229,1,0.9945353,280.28636304749944,101.71843649750637,833.7960338520843,0.5689037292892913,5.08849420731118,-0.11430332809686661,0.9391966462135315,-0.32379692792892456
8230,8230,1,0.99573094,282.93892278659945,103.773869322415,834.6617802967593,0.3285739745965327,5.0586752263302905,-0.03174546733498573,0.9447643160820007,-0.32620951533317566
8231,8231,1,0.9958931,292.1679505641141,104.51727894395653,826.2071143582986,-0.027441827388542752,5.093257087329865,0.08735936880111694,0.9461379051208496,-0.31175535917282104
8232,8232,1,0.9964309,288.1617880948905,102.26165247613865,808.0559379244364,-0.2505830475983188,5.140934675460273,0.16519282758235931,0.9427143931388855,-0.2898291051387787
8233,8233,1,0.9948047,306.1666025749832,105.880065726679,847.5045611959318,-0.4695780403326233,5.579737049010159,0.20681020617485046,0.94044429063797,-0.2698037922382355
8234,8234,1,0.9951728,305.38642039665706,104.52171283577017,839.9959075413611,-0.5094288635877985,5.718293494423243,0.21382111310958862,0.9434086084365845,-0.25349706411361694
8235,8235,1,0.995274,303.3754754000134,103.58167151701541,833.6610797923598,-0.4270542548653332,5.828152819549006,0.18676406145095825,0.9516462087631226,-0.2439030259847641
8236,8236,1,0.99534154,310.35471722065995,105.7388913902043,854.192245335932,-0.2941903342743665,6.076038815022977,0.13617847859859467,0.9610653519630432,-0.24043457210063934
8237,8237,1,0.9954093,295.03981314592437,103.1445321461435,821.6585183579544,0.07285604107697068,5.738394366079754,0.040736619383096695,0.9661860466003418,-0.25460755825042725
8238,8238,1,0.9957878,288.7524046227067,102.58043969130983,812.3489609861459,0.4770060926648213,5.700776508281724,-0.08402608335018158,0.9628201723098755,-0.25674301385879517
8239,8239,1,0.9937028,288.2082549411698,104.7948129215025,833.1207281294272,0.6322037441263044,5.512117943639885,-0.1351413130760193,0.9489420652389526,-0.28503647446632385
8240,8240,1,0.9956269,287.965480586169,103.85861960055003,846.3514432558254,0.6156128538758324,5.192469003752105,-0.13376010954380035,0.9374522566795349,-0.32138994336128235
8241,8241,1,0.99516726,283.27207881950335,102.7069301618942,840.3991342952214,0.6587875471103601,4.950625526007925,-0.14955870807170868,0.9279158115386963,-0.34147393703460693
8242,8242,1,0.9943644,283.1949483029101,104.02072986332014,842.6180596840309,0.6900738358101873,4.918022949970427,-0.1611405313014984,0.9241926074028015,-0.34626826643943787
8243,8243,1,0.9941619,283.4623102964614,101.54976773357062,848.4138893165699,0.7006406085472386,4.900195815551125,-0.16489991545677185,0.921762228012085,-0.3509450852870941
8244,8244,1,0.99385047,282.1498588658904,101.65527694020517,847.1015850059745,0.7044298104926544,4.923967782240598,-0.1649487316608429,0.9229543209075928,-0.3477746844291687
8245,8245,1,0.99440813,287.06503119058067,102.34287804914193,863.8052148883729,0.7110796404930596,5.117349319510127,-0.16602012515068054,0.9263224005699158,-0.33817771077156067
8246,8246,1,0.9954265,284.7124093987414,101.47088938497598,856.3038104360412,0.751793494839128,5.099005650080468,-0.17879720032215118,0.9249948859214783,-0.335284948348999
8247,8247,1,0.99359894,281.10360677371244,99.81442298874781,849.4254788162375,0.7547282378083933,5.0646475438455365,-0.17833441495895386,0.9253994822502136,-0.33441391587257385
8248,8248,1,0.99217004,283.7878466789636,97.82823412709088,856.5982597926704,0.7412587728499762,4.992804510840724,-0.17652855813503265,0.9217473864555359,-0.345281720161438
8249,8249,1,0.9931879,283.55867267724415,99.60562572732529,856.1817075303748,0.7416957647162435,4.864518955284168,-0.1795467585325241,0.9160974621772766,-0.3585086166858673
8250,8250,1,0.9913015,291.9226494595331,99.95152825822122,884.539865977943,0.7338902424510909,4.9659437542117075,-0.17887835204601288,0.913909912109375,-0.36437782645225525
8251,8251,1,0.9885902,290.25019696090675,100.49208990469178,886.8015321128379,0.76594701739535,5.017206411881591,-0.18749569356441498,0.9137688279151917,-0.3603774905204773
8252,8252,1,0.9883945,286.38949649916384,100.31947939755895,888.3010190062429,0.8359082441477237,5.1014116897290815,-0.20621143281459808,0.9128836989402771,-0.3523070216178894
8253,8253,1,0.98930526,284.31319798919714,99.57011755904534,875.3265677113086,0.8738496926565539,5.082080324771026,-0.21840238571166992,0.9123317003250122,-0.3463398814201355
8254,8254,1,0.9889607,286.8907152098538,100.33891697828328,887.4430158780073,0.8736805481258583,5.0641433685524175,-0.21992246806621552,0.9086313843727112,-0.35499733686447144
8255,8255,1,0.9929938,286.6805687950006,101.24030272838358,885.3572589333083,0.8615907878910932,4.957545130060599,-0.21894945204257965,0.9049776196479797,-0.3647966980934143
8256,8256,1,0.99275357,285.9135195839268,101.63006070161309,885.3771358380956,0.7776023908108813,5.1211597198179835,-0.18650810420513153,0.9181530475616455,-0.34958508610725403
8257,8257,1,0.99243915,292.74740493795065,102.42967796585872,905.5668457987041,0.6545453969869497,5.51545507210007,-0.142877995967865,0.935042142868042,-0.3244720995426178
8258,8258,1,0.99338984,286.64981332632993,101.62791472583685,878.5237043580564,0.4744022240661821,5.699380951370187,-0.08101113885641098,0.9525423049926758,-0.2934286296367645
8259,8259,1,0.9955568,274.7168176739304,97.84443408116029,809.4272351029276,0.1882552487796835,5.563729056387547,0.01804289035499096,0.964716374874115,-0.26267242431640625
8260,8260,1,0.9954922,267.4705279064168,96.88296327253886,764.3361274257267,-0.07846003535836805,5.632425872584278,0.10767411440610886,0.9680957198143005,-0.22626757621765137
8261,8261,1,0.99575895,295.05575849520943,105.64191852026632,828.5726151998209,-0.30692803666109303,6.4284362865442555,0.13908196985721588,0.9692887663841248,-0.20281891524791718
8262,8262,1,0.9963193,293.6146191917947,105.28071870699371,822.3686350794361,-0.28688006925994836,6.5148525518030995,0.13218171894550323,0.9719418287277222,-0.19456905126571655
8263,8263,1,0.9946254,291.71874091761396,104.53482528787727,818.4661131518923,-0.07703656922353687,6.109318835419363,0.08252125233411789,0.9713535904884338,-0.22285069525241852
8264,8264,1,0.99615866,286.625998303018,105.33211679469666,813.2489682224726,0.2447054722018026,5.543159221780558,-0.007631456013768911,0.9632354378700256,-0.268550306558609
8265,8265,1,0.99330103,272.5580330741826,102.60298294465703,797.7776369625232,0.5476418179965232,5.1848467895183425,-0.10170526057481766,0.9505751132965088,-0.29336491227149963
8266,8266,1,0.9966684,285.7026782126649,104.94390044482866,877.0924754467151,0.6536359250024305,5.159081346233109,-0.14484673738479614,0.9282581210136414,-0.3425731062889099
8267,8267,1,0.99522215,286.0228128267556,105.444347582197,900.7802301048242,0.7823609693038156,4.961002818379239,-0.19155706465244293,0.9069409370422363,-0.3751852810382843
8268,8268,1,0.99567515,290.01379224611634,105.85114985388277,922.0410492681807,0.8731590898959238,5.126986087697086,-0.21890750527381897,0.903226375579834,-0.36913633346557617
8269,8269,1,0.99575883,284.63785115666695,107.46024414625639,910.9278602785731,0.9508269632575338,5.155026354608713,-0.24053719639778137,0.9015024304389954,-0.35977110266685486
8270,8270,1,0.9952496,283.4423746522555,107.47046663214716,907.0765728600345,0.9807552408236596,5.1873880566681,-0.24851322174072266,0.9015650749206543,-0.35414910316467285
8271,8271,1,0.99426275,280.22330167258013,105.60059978401044,896.1300502838582,0.949626813453097,4.989080791699119,-0.24307133257389069,0.8976200819015503,-0.3676881492137909
8272,8272,1,0.9945281,282.0825700493462,102.86230411165202,904.2863819767181,0.8304425691094992,4.92096840017839,-0.20578211545944214,0.9016619324684143,-0.3803413212299347
8273,8273,1,0.99478984,280.3653950923793,106.29873100574969,897.2211283858901,0.7299873912961145,5.088216936717259,-0.1678307205438614,0.9172846674919128,-0.3611394762992859
8274,8274,1,0.99410784,288.634861097336,107.00003230263872,919.9349465043894,0.6626707522802909,5.862651347370229,-0.13798053562641144,0.9428647756576538,-0.30326125025749207
8275,8275,1,0.9928483,285.9377489232919,104.99756160300166,882.95529271402,0.5278840345736112,6.3915279343804805,-0.09224081039428711,0.9655157327651978,-0.24345646798610687
8276,8276,1,0.9971865,285.19143822279574,104.58053766189386,832.2550748449738,0.3223526708214452,6.193156722713047,-0.03328634053468704,0.9727094769477844,-0.22962644696235657
8277,8277,1,0.9946367,289.58641440110665,104.7085245330134,820.440685086027,0.14804606167078438,5.929290957199745,0.018302304670214653,0.9704732894897461,-0.24051326513290405
8278,8278,1,0.99669826,294.4624987056557,105.93548785807525,819.5554295295706,0.0040095571589484685,5.972584868752028,0.059082578867673874,0.9702381491661072,-0.2348344326019287
8279,8279,1,0.996557,306.9210086218384,106.58573981667001,843.4146739974495,-0.10041356738604072,6.278514309151911,0.07765941321849823,0.9714179039001465,-0.22431281208992004
8280,8280,1,0.9960995,307.03662861930457,108.13286344162744,844.549101697251,-0.17927136335137644,6.424836323463801,0.09727967530488968,0.9719877243041992,-0.21395450830459595
8281,8281,1,0.99653685,317.3986883969635,108.63591978921654,869.6320591894882,-0.3686503938767243,7.081464558264463,0.12797972559928894,0.974619448184967,-0.1836792677640915
8282,8282,1,0.9977239,317.6208024969723,111.85119311703399,870.0152388026258,-0.5220518411892373,7.5759148799275895,0.15364062786102295,0.9757281541824341,-0.1560421586036682
8283,8283,1,0.9961725,314.33138669017416,111.51868060043823,863.3469449930993,-0.5622495900686227,7.757805312697772,0.1599276214838028,0.9765870571136475,-0.1438778042793274
8284,8284,1,0.99470747,318.2749134621262,113.77170674569832,875.7710512468892,-0.6120594361255278,7.962078344862761,0.1644267439842224,0.9764828085899353,-0.13944600522518158
8285,8285,1,0.994605,295.5059616235948,110.08642632270312,823.179333120701,-0.2697631751431426,6.515564973837553,0.1268031746149063,0.9724209904670715,-0.19575071334838867
8286,8286,1,0.99497557,297.0035872553302,111.16343469500123,831.3489874731554,0.0684304743012823,5.851281449272389,0.03958506137132645,0.9668503403663635,-0.2522566020488739
8287,8287,1,0.9956548,303.3170175365479,113.85955795958218,850.6861689174498,0.3759456777951428,5.799754695108617,-0.06035441532731056,0.960681140422821,-0.27101486921310425
8288,8288,1,0.9952421,302.8932375750738,114.85175277385865,856.9158006504781,0.47558449545992093,5.989663176155095,-0.08992337435483932,0.9613631367683411,-0.26018214225769043
8289,8289,1,0.99500555,294.33723000513413,112.13517200039236,834.572231923221,0.5831480863052453,6.32307850364849,-0.11412657797336578,0.9677978157997131,-0.22437147796154022
8290,8290,1,0.9952218,297.3435926476447,112.92593615954793,843.5535227973874,0.6016744923587792,6.8446311999101335,-0.11536745727062225,0.973874032497406,-0.19560104608535767
8291,8291,1,0.994283,297.9282283504674,113.92123972045495,843.5750786700488,0.5580215419837067,6.515871916543254,-0.10700756311416626,0.9704841375350952,-0.21612483263015747
8292,8292,1,0.99529666,307.2586057969093,117.41580651716538,870.0071128786581,0.7200925422318533,6.539967512145504,-0.15622414648532867,0.9609112739562988,-0.22856850922107697
8293,8293,1,0.9970511,296.7971546483035,114.95887774118944,858.4570001885007,0.9757803084947292,6.2616761984881455,-0.2267896831035614,0.9436060786247253,-0.2411928027868271
8294,8294,1,0.9980459,290.8268749927617,115.02650087264556,869.0368420614553,1.241275540284037,6.215438072586083,-0.29590490460395813,0.922431468963623,-0.24811393022537231
8295,8295,1,0.99627656,292.18468573219366,114.86435465416623,888.3041730597851,1.3697901641519477,6.264254834835076,-0.32681897282600403,0.910621166229248,-0.2529001832008362
8296,8296,1,0.992781,280.7607797319403,110.12157786695167,859.4433350088635,1.296427384953417,5.87599808800148,-0.3175486922264099,0.9100003242492676,-0.2665750980377197
8297,8297,1,0.9972421,288.4043877393356,114.42863230184717,882.6863153444777,1.1980809960729306,5.926804133809174,-0.2925560772418976,0.9154508709907532,-0.2763344347476959
8298,8298,1,0.9969023,284.1094386535312,113.53709567262501,866.4751172929227,1.0568344391988813,6.060405745799035,-0.24770280718803406,0.9334529638290405,-0.2594395875930786
8299,8299,1,0.99723285,293.2488107176846,119.56306530318908,887.7192891622173,0.8478350379264886,6.447736869238258,-0.18538536131381989,0.951845645904541,-0.24417638778686523
8300,8300,1,0.99789447,302.15522992077587,116.81956258638,883.1196307703975,0.5346767698433373,6.436379305875799,-0.10304512828588486,0.9648565649986267,-0.24173015356063843
8301,8301,1,0.9983612,306.2338248694302,119.63329059239986,879.546778434029,0.20531834884994632,6.486434403596619,-0.011828064918518066,0.9720802903175354,-0.23435014486312866
8302,8302,1,0.9959359,305.33657683244184,120.58429461868212,873.6793245165978,0.10417615150348736,6.522366601266214,0.017056168988347054,0.9735344052314758,-0.22790327668190002
8303,8303,1,0.9954367,302.72767837397214,118.63574051964616,864.7578990113606,0.034478773912849044,6.586191897317733,0.037359122186899185,0.9752227663993835,-0.2180478423833847
8304,8304,1,0.9953519,309.71622726099525,120.67622800993821,881.5553880932484,-0.030082209431715808,6.796979608598599,0.04885232076048851,0.9759804606437683,-0.21231019496917725
8305,8305,1,0.9956886,304.3361080232457,120.41238654211016,869.7966845885929,-0.026508706569216868,6.835289845547971,0.05019388347864151,0.9776438474655151,-0.2041887491941452
8306,8306,1,0.99647933,308.35286086024826,120.93004760006893,881.196411566231,-0.029973535395732772,7.058140989620283,0.04627934470772743,0.9794335961341858,-0.19638760387897491
8307,8307,1,0.9966198,309.4716903182835,121.14009959158732,886.631845894162,0.003901280597057756,7.080143006476378,0.03664064034819603,0.9794922471046448,-0.1981220543384552
8308,8308,1,0.99812657,313.5869149269039,122.03299949370638,902.552241354268,-0.0204408451137442,7.233024868909979,0.03921663388609886,0.9797068238258362,-0.1965618133544922
8309,8309,1,0.9975641,307.5822055328162,121.91236520038922,886.012580636254,-0.03284943085385542,6.9877374298813875,0.04827306792140007,0.9780102968215942,-0.2028929442167282
8310,8310,1,0.9975103,308.4052714597286,121.79593180552108,889.683167994595,-0.10316267367202574,6.984719868931676,0.06633878499269485,0.9767464995384216,-0.20387603342533112
8311,8311,1,0.9964562,304.42576630798914,120.5194119759268,871.1497551573297,-0.13805838541512996,6.738386308333592,0.08168770372867584,0.9744439721107483,-0.2092513144016266
8312,8312,1,0.99660504,312.1343208792345,123.19595486731039,886.5060053005546,-0.20615129585935693,7.018186150279953,0.09086786955595016,0.9757652878761292,-0.19906069338321686
8313,8313,1,0.9971426,314.36143818171763,123.50329405398365,891.5454059647715,-0.21794949026677504,7.418539301207843,0.08584818989038467,0.9801139831542969,-0.17890390753746033
8314,8314,1,0.99676114,314.08705275274264,118.79505131411247,888.4786716978782,-0.17708284842038918,7.588441297651616,0.07322723418474197,0.9829215407371521,-0.1688283085823059
8315,8315,1,0.9981025,315.0099200969444,121.65036234852266,908.6041657948111,0.15405626359187805,7.679507712312166,-0.008032002486288548,0.9842045307159424,-0.17685288190841675
8316,8316,1,0.99778724,307.9294943124474,120.69333894850075,897.2680251878542,0.5254219719543405,7.697898106876711,-0.09406771510839462,0.980326235294342,-0.17352725565433502
8317,8317,1,0.99760544,308.27568317998987,123.99498583636209,919.1030817289953,0.8400054200655874,7.642221837866082,-0.1692325919866562,0.9676010012626648,-0.18737299740314484
8318,8318,1,0.9959124,291.3945287563893,116.83155139678547,887.9205939141146,0.9131592397121715,6.219971336997152,-0.20705926418304443,0.9431869387626648,-0.2598555386066437
8319,8319,1,0.9956286,289.96127514500904,116.78848609782158,890.7419559442619,1.0104000732904517,5.8671869544584645,-0.2428186982870102,0.9265209436416626,-0.2873987555503845
8320,8320,1,0.99527055,291.33677717808615,116.72375472685049,897.5691197485393,1.0825195561809722,5.88319182543548,-0.2632281184196472,0.9204534292221069,-0.2889230251312256
8321,8321,1,0.99544597,294.76259004782077,119.54654896061174,911.0528989409705,1.0603114853279823,6.131169292399646,-0.2512359023094177,0.9273121953010559,-0.27743950486183167
8322,8322,1,0.9949174,298.32866878890945,119.56765209667974,920.2133547421162,0.929017304692052,6.387516055205947,-0.2104460597038269,0.941241443157196,-0.264153391122818
8323,8323,1,0.9935794,296.3692352156972,119.72078998684786,913.0972983030838,0.69828533302248,6.292533331590285,-0.14757287502288818,0.9520393013954163,-0.2680361568927765
8324,8324,1,0.99181175,295.33351521430285,117.78281913411236,910.4389559440125,0.5122690700271673,6.326869621938271,-0.0935642421245575,0.960112452507019,-0.26349541544914246
8325,8325,1,0.99563676,292.538585262729,115.94593282076687,881.9977314923221,0.3336838433047218,6.278469329319226,-0.040751293301582336,0.967110276222229,-0.2510716915130615
8326,8326,1,0.996774,297.93631975921267,115.19917735448261,869.5788560633713,0.1481629464925634,6.351874944005988,0.009864777326583862,0.971367359161377,-0.23737764358520508
8327,8327,1,0.9972167,298.63280565800443,114.79520941175929,864.9569708959876,-0.007881264473340647,6.490440459728701,0.052524883300065994,0.973307728767395,-0.2234126776456833
8328,8328,1,0.99757975,302.8147027012073,115.6348508417518,873.8870567346161,-0.14406658087089103,6.677941581023677,0.08498093485832214,0.9731802940368652,-0.21377161145210266
8329,8329,1,0.9974675,298.09026128621804,113.67560000403148,861.9233123460207,-0.1771983834880689,6.605447570626999,0.09785014390945435,0.9724392294883728,-0.21163016557693481
8330,8330,1,0.99618524,304.22652424512404,117.32704600519287,879.6650424886469,-0.17171493061158485,6.780065028544409,0.08987689763307571,0.9735665917396545,-0.20997685194015503
8331,8331,1,0.9938642,297.574628082466,116.48644045697654,861.9608235949164,-0.08515700617431649,6.719987688232207,0.07109448313713074,0.9759276509284973,-0.20618148148059845
8332,8332,1,0.9946498,299.3382676863038,115.5752514892405,867.0685921384712,0.013848956275516989,6.898846221238554,0.041050344705581665,0.9791333079338074,-0.1990295946598053
8333,8333,1,0.9974287,299.34293016941297,118.69928017236111,882.484503107957,0.0737429396183505,7.287114013896585,0.021623989567160606,0.9825065732002258,-0.18496821820735931
8334,8334,1,0.99787223,297.7996221057174,116.3573560513983,879.6968857451558,0.1860311305682995,7.4116097922360025,-0.0067055425606667995,0.984035313129425,-0.17784711718559265
8335,8335,1,0.99618125,298.87117196419507,120.2295802242432,895.1038789038777,0.4397437165541243,7.468322081476493,-0.07029437273740768,0.9803860783576965,-0.18412446975708008
8336,8336,1,0.9950819,285.24260368986785,113.92097773996977,875.4977284372962,0.860059036433027,7.308677131274337,-0.16887319087982178,0.9680759906768799,-0.18523147702217102
8337,8337,1,0.99802065,291.45058526093527,115.89944598567304,906.6973950131286,1.2911102427238124,7.795510248457146,-0.2601059675216675,0.9497802257537842,-0.17396092414855957
8338,8338,1,0.9983429,290.1716014044611,114.34551441539658,916.0502091619786,1.5224676636449035,7.4863160114405884,-0.31783798336982727,0.9284006953239441,-0.19248677790164948
8339,8339,1,0.9985341,291.3811364934395,114.01094088403222,924.3802026197909,1.6572380134357267,7.153177506371905,-0.3581898510456085,0.9091094136238098,-0.21265026926994324
8340,8340,1,0.99873036,287.4775292307359,115.02522898698795,912.5201941246243,1.6313053494848977,6.5731648506612155,-0.3738672733306885,0.8955096006393433,-0.24142462015151978
8341,8341,1,0.9984125,280.2337228255512,111.59806432684216,885.855659614973,1.5348484609698805,6.182093031425814,-0.3648223876953125,0.8954281210899353,-0.2551726996898651
8342,8342,1,0.99780554,284.740097391563,113.56076399135536,902.783476676548,1.322628611745991,6.09152476665903,-0.31682533025741577,0.9083803296089172,-0.27288618683815
8343,8343,1,0.99749714,276.0696789394366,108.31062947948273,870.4451010642689,1.0164015019963575,5.582107966738486,-0.24506881833076477,0.9222814440727234,-0.2988949716091156
8344,8344,1,0.997664,285.6206023104631,111.7777121991599,895.4799473484518,0.7467304248377103,5.8233382293919345,-0.16320189833641052,0.9416692852973938,-0.29431965947151184
8345,8345,1,0.9970822,296.69236838501223,117.82305612775309,901.0068624538558,0.5043825521995897,6.1677247050042725,-0.0932968407869339,0.9581964015960693,-0.2704724967479706
8346,8346,1,0.9974578,296.9082374229276,114.27617381238531,892.2852602861243,0.34953486899001435,6.40403431958091,-0.04759623110294342,0.967785120010376,-0.24723784625530243
8347,8347,1,0.9967595,295.30874610795496,115.13322212188605,866.0317443140838,0.190387040457304,6.395806760318105,-0.0011792569421231747,0.9724801182746887,-0.23298291862010956
8348,8348,1,0.9971523,298.28075880954844,114.49215876046487,861.453885491137,0.06975160593409971,6.378191695910735,0.03203926235437393,0.9725989103317261,-0.23027122020721436
8349,8349,1,0.9981254,305.04146742685293,116.75525068863529,881.0549922080576,0.00491907949477077,6.511079428521172,0.045198313891887665,0.9719933271408081,-0.2306210994720459
8350,8350,1,0.99730456,302.00496453007145,116.5596862111693,870.0962174996671,-0.03852406883314112,6.4156943830131485,0.060485269874334335,0.9711087346076965,-0.23084482550621033
8351,8351,1,0.99748117,308.71392434492117,116.98823474371879,889.4766993934863,-0.11189167991987994,6.876560063711284,0.06996182352304459,0.9752589464187622,-0.20970292389392853
8352,8352,1,0.9968867,303.9849068285311,117.0887401017546,876.4711198393746,-0.03037202795665535,6.913817918807634,0.0502767339348793,0.9780369997024536,-0.20227684080600739
8353,8353,1,0.9970131,300.2552530141522,117.61447281316383,880.7529359256326,0.19399188170885434,6.731045551046671,-0.0066941287368535995,0.9758325815200806,-0.21841683983802795
8354,8354,1,0.99649495,299.45927339067447,118.31598680565666,902.4795286925811,0.7120157594259596,6.559386081687645,-0.14916923642158508,0.958325982093811,-0.243638813495636
8355,8355,1,0.99777204,298.33255982833276,118.88947711722285,927.1754984754944,1.1129728453980139,6.262813823048679,-0.26263174414634705,0.9248282313346863,-0.2751677632331848
8356,8356,1,0.997677,283.81765214870524,111.93579233808418,901.7710074389815,1.3513401802674005,5.580815599836789,-0.3437427878379822,0.8861956000328064,-0.3106418251991272
8357,8357,1,0.9976374,284.04219129609885,114.97127026635803,910.7437103732326,1.5060595527539198,5.2871633900932045,-0.39849409461021423,0.8533167839050293,-0.3362334668636322
8358,8358,1,0.99734265,278.3046956059242,111.2785323557958,892.9637793946845,1.6085401151952645,5.008365597973018,-0.4375015199184418,0.8294960260391235,-0.3471725583076477
8359,8359,1,0.997526,280.20576216282603,112.34063438634047,901.634295284245,1.6951928493647586,4.9420326192756185,-0.46374836564064026,0.8120749592781067,-0.35421988368034363
8360,8360,1,0.99699485,273.8383635121066,111.18026669762394,884.3773542009521,1.7598426278935184,4.932999956310918,-0.47892051935195923,0.807784914970398,-0.34368401765823364
8361,8361,1,0.99704117,277.8043514883511,111.85854170182138,904.0793658258253,1.845864315220504,5.234049044089807,-0.4829912483692169,0.8126842379570007,-0.3259811997413635
8362,8362,1,0.9968374,281.4559617968039,114.51375175406675,918.8272666767512,1.8840336397474704,5.450524879062046,-0.4809875190258026,0.8179352283477783,-0.3156469464302063
8363,8363,1,0.99552506,282.7890189430786,115.61045811965238,911.8803481940713,1.833458158540974,5.294285925732377,-0.4791441857814789,0.8150261044502258,-0.3258119225502014
8364,8364,1,0.9955591,282.8129762185952,113.90865142477594,918.5531286066447,1.80346028560806,5.197281989319462,-0.47635167837142944,0.8118364810943604,-0.33765462040901184
8365,8365,1,0.9949992,288.19741913564553,114.50349549594664,930.1668519330354,1.751762165673936,5.136584010687745,-0.4686741530895233,0.811063826084137,-0.35002854466438293
8366,8366,1,0.99489576,283.6105495755633,112.62831045596448,916.5956480410272,1.5229268295647151,4.963288024574795,-0.417752742767334,0.8312904834747314,-0.3666590452194214
8367,8367,1,0.9965725,276.0550831408509,113.35563083523901,891.5438570823517,1.2265515611653963,4.870597384377779,-0.33462581038475037,0.8656337857246399,-0.3724294602870941
8368,8368,1,0.99505264,282.6492866966468,114.02339924636401,910.2650876030357,0.9067049432609907,5.2310933951825636,-0.2240527719259262,0.9079405069351196,-0.3541812300682068
8369,8369,1,0.9953366,288.42407753487396,113.21881355157872,875.544942681781,0.4579929598908639,5.3193311949022055,-0.07947341352701187,0.9414380192756653,-0.32768645882606506
8370,8370,1,0.9958032,289.34365091417084,113.27282096841527,853.7325162412935,0.049061647759055804,5.627983963021689,0.05339972674846649,0.957703709602356,-0.2827579975128174
8371,8371,1,0.99593866,293.3043746762075,111.73238294940559,844.9055966013515,-0.2108675094800005,6.167160411002452,0.11963371187448502,0.9655068516731262,-0.2312668114900589
8372,8372,1,0.99535745,302.0545615024877,112.30453768417821,862.2298551704844,-0.3398257902810613,6.480790420637682,0.1430467814207077,0.9656944870948792,-0.21672983467578888
8373,8373,1,0.9956321,301.3491499459869,113.57405465298764,859.37694231243,-0.2606526009223641,6.204744709373347,0.12854598462581635,0.9633176922798157,-0.2355736643075943
8374,8374,1,0.99614465,303.015676794172,114.76973612031492,864.4952548427045,-0.10666066890834396,5.941635681568705,0.08822363615036011,0.9613322019577026,-0.2608773708343506
8375,8375,1,0.99686986,298.751207946277,115.96916771786395,860.7808220162451,0.019771787576863726,6.0464107041220565,0.050725311040878296,0.9660680294036865,-0.25325778126716614
8376,8376,1,0.99702555,300.721184513001,115.58394276002166,866.479172889582,0.15493097312703147,6.165734362760485,0.007793121039867401,0.9684035181999207,-0.24926677346229553
8377,8377,1,0.99726856,301.00674660976364,115.2211323830827,883.674600318321,0.3683041903995108,6.348433591752218,-0.05534752085804939,0.9674250483512878,-0.24703335762023926
8378,8378,1,0.996788,297.8359223168724,115.88647439706126,904.1096310157945,0.8614756200604475,6.190362192753812,-0.19609911739826202,0.9426372051239014,-0.27014851570129395
8379,8379,1,0.9970137,288.83339324868626,115.32108444715504,902.5001898173854,1.2076752699152995,5.737777403026436,-0.3013189136981964,0.9046903848648071,-0.3012346029281616
8380,8380,1,0.997163,288.8368783489904,116.06368216402859,920.5861259218958,1.4260623848016445,5.276884960844134,-0.3793517053127289,0.858761191368103,-0.34441477060317993
8381,8381,1,0.99549603,276.5329415601671,112.33333796565553,889.9490652741496,1.5931857293042813,4.84383757309777,-0.4418705105781555,0.8212114572525024,-0.3610571622848511
8382,8382,1,0.9949964,280.74184557220366,112.1395193141085,907.0601212125503,1.6804313397138748,4.943251883187301,-0.45960113406181335,0.8130017518997192,-0.35748425126075745
8383,8383,1,0.9954188,276.67009734639606,112.4835077963395,897.2982187994215,1.7753637604648522,5.113443237172323,-0.47305363416671753,0.8149139881134033,-0.33486634492874146
8384,8384,1,0.9955551,272.73944143577137,110.89447503816648,886.8483859458588,1.693970944502178,5.013370535711423,-0.4570886194705963,0.8215380907058716,-0.3408009111881256
8385,8385,1,0.99514836,277.4247082550618,112.05228710572227,901.7483728779806,1.4392418512873548,4.708696983750927,-0.40536046028137207,0.8285686373710632,-0.38620850443840027
8386,8386,1,0.9940989,279.43602192149325,111.2080973482003,911.4106985512523,1.2156459990086048,4.5465417255375025,-0.34524551033973694,0.8410244584083557,-0.41651350259780884
8387,8387,1,0.99562305,285.0079785901905,107.58495560974728,913.333092917749,1.0412579573025431,4.624381974760542,-0.2877671718597412,0.8637920618057251,-0.41358596086502075
8388,8388,1,0.9975077,280.01479651998517,104.74519712154029,883.9728146009692,0.9044943683567809,4.766152974188996,-0.2352939397096634,0.8926992416381836,-0.38434988260269165
8389,8389,1,0.9959139,279.2207943825991,98.227777879876,850.4591750173637,0.7879706008305974,4.803929970868773,-0.19439300894737244,0.9121275544166565,-0.36088046431541443
8390,8390,1,0.9933628,256.9795673785849,87.91296331755457,767.8398244457884,0.7094016122381225,4.4033472673586145,-0.16186465322971344,0.9217700958251953,-0.3523346185684204
8391,8391,1,0.9979073,261.73790043618436,84.4244348642993,767.052467547427,0.6731773505907159,4.35686500427193,-0.15182217955589294,0.9219438433647156,-0.35632801055908203
8392,8392,1,0.99834204,256.28922060527344,82.46612839379137,737.4683990119421,0.6306624035766425,3.9709781136276208,-0.1385577768087387,0.913070023059845,-0.38354256749153137
8393,8393,1,0.99847585,264.39859835211473,82.23517608434271,750.2210778899392,0.5927597246820016,3.8616235057682644,-0.13005337119102478,0.9041787981987,-0.4068744480609894
8394,8394,1,0.9977647,265.77223899100113,81.64197866229549,747.7763857094409,0.5371348628438498,3.853996477573587,-0.10683628916740417,0.9075404405593872,-0.406148225069046
8395,8395,1,0.99713933,267.22237886025226,84.0493274117592,748.7165323128088,0.45580395039360566,4.076474994823384,-0.07093384116888046,0.9231566190719604,-0.3778230845928192
8396,8396,1,0.9950736,272.02311301441233,86.0872565010776,766.3100282233996,0.3926479694047218,4.293168085232399,-0.047564052045345306,0.9305825233459473,-0.36297914385795593
8397,8397,1,0.9958264,262.867821665108,85.1959865577583,749.0841879648166,0.41493400043589246,4.274946085486869,-0.04983228072524071,0.9340711832046509,-0.3535926938056946
8398,8398,1,0.9962035,265.518136289129,86.58332819334521,766.4437759074995,0.42987466661612633,4.536989696604329,-0.0572761707007885,0.9403021335601807,-0.3354867398738861
8399,8399,1,0.9965076,252.348401479027,87.51611625921657,745.3528557745866,0.46855706178120127,4.562743315326361,-0.06295786052942276,0.9455079436302185,-0.31945428252220154
8400,8400,1,0.99453837,257.135234196226,89.66404533291363,766.6752667552282,0.4627297017646641,4.7582505175451875,-0.06332013756036758,0.9476267099380493,-0.31304025650024414
8401,8401,1,0.99720854,263.78143730030735,90.79243212182762,797.4539010492884,0.44390009823569554,4.895907090441835,-0.06021307036280632,0.9460446834564209,-0.31839266419410706
8402,8402,1,0.99764293,261.06436489744357,90.55103290675974,800.1979000316541,0.4152217409363349,4.7054702102948385,-0.047930508852005005,0.9393215179443359,-0.3396729826927185
8403,8403,1,0.99715483,266.8640263088135,92.34409416862594,823.6751120955687,0.3973807470025104,4.530272981550998,-0.04506698250770569,0.9262657761573792,-0.3741666376590729
8404,8404,1,0.997581,264.8857378944073,90.62624110971812,818.8577063483218,0.40774772585494373,4.532566121798164,-0.047642942517995834,0.9275903701782227,-0.3705485761165619
8405,8405,1,0.9979102,266.6063348038099,92.07692232314052,836.9657674881754,0.4622887704822246,4.643647711461803,-0.06926427036523819,0.9264393448829651,-0.37001708149909973
8406,8406,1,0.99772125,260.51359862781106,91.9963076838241,822.4838525436539,0.491508177327038,4.557969160976558,-0.07667957991361618,0.9254950284957886,-0.3709166944026947
8407,8407,1,0.99394184,257.7651398812758,92.09631595169661,828.2184875037497,0.492572778496159,4.547538737446642,-0.07503889501094818,0.9236621856689453,-0.37578895688056946
8408,8408,1,0.9916693,260.1149827912216,91.05233451879288,848.1796035968674,0.495186588389663,4.48116858341979,-0.07760949432849884,0.9151387810707092,-0.3955979645252228
8409,8409,1,0.99527186,252.7039004976438,87.4377423842469,825.8413925718963,0.5194767935884279,4.2113634162093065,-0.08361972123384476,0.9065614938735962,-0.4137076735496521
8410,8410,1,0.99380445,253.52262068946746,86.07773447455402,824.2084070966406,0.5203028749742244,4.046091986808488,-0.08565573394298553,0.8970114588737488,-0.4336284101009369
8411,8411,1,0.99792635,253.44886521817202,85.23584551933159,809.1973703265136,0.5616406648166046,3.8420838425652413,-0.10546945035457611,0.8860955834388733,-0.4513433575630188
8412,8412,1,0.99786216,252.32517986729624,83.29313567292324,806.8026432424555,0.5819189295704547,3.733529037082603,-0.11462797224521637,0.8781195878982544,-0.4645066559314728
8413,8413,1,0.99854445,249.92692770681867,82.44226787945443,790.4913850993897,0.5773481281896814,3.6623535065942434,-0.1120847538113594,0.8788316249847412,-0.46378010511398315
8414,8414,1,0.998073,255.59488131088332,83.69475409339731,798.482130896056,0.5660309397959419,3.726970021607113,-0.11078842729330063,0.8809903860092163,-0.4599802494049072
8415,8415,1,0.9974928,254.34157457776845,82.71218368967347,786.5558379233198,0.5384579098610534,3.753771248925898,-0.0975463017821312,0.8887659907341003,-0.44786134362220764
8416,8416,1,0.99754864,246.86569506300043,81.50203588966889,752.2080713423878,0.5150387746875145,3.6246695284931136,-0.08257609605789185,0.8928816318511963,-0.44265517592430115
8417,8417,1,0.99744344,251.8098555609563,81.56117327894403,752.1333833726743,0.47557473338788736,3.5766008423901456,-0.06869564205408096,0.8906021118164062,-0.44956517219543457
8418,8418,1,0.99693847,251.6128947270782,81.42919280634054,744.0599183013306,0.47563582834762064,3.565159433619223,-0.06880888342857361,0.8926541209220886,-0.4454592764377594
8419,8419,1,0.99593794,261.26332552274283,84.45913000660484,764.2913315009338,0.42176424218980885,3.813972536552258,-0.05146917328238487,0.904231607913971,-0.4239294230937958
8420,8420,1,0.9974801,263.2256900475302,84.27167701878636,763.6947252805426,0.3567529159717183,3.9548837892128548,-0.02454901486635208,0.914720892906189,-0.4033399224281311
8421,8421,1,0.9964923,256.558350747351,84.57003902750164,739.6175585871811,0.23290024688208757,4.034633398720748,0.03417462855577469,0.926883339881897,-0.3737906217575073
8422,8422,1,0.9968035,261.37108890840653,84.529872574808,754.1986359602715,0.10305720437731068,4.121321739219526,0.0836067944765091,0.9254216551780701,-0.36960071325302124
8423,8423,1,0.9956155,260.2296509620588,85.39730344384712,755.7582455184101,0.05312257404499507,4.0543962892966485,0.10744201391935349,0.9196913242340088,-0.3776559829711914
8424,8424,1,0.99629503,252.4992945639402,83.11407219696326,737.0493205333588,0.04166244223183012,3.9998077094364777,0.12072305381298065,0.9210912585258484,-0.370157927274704
8425,8425,1,0.9947566,253.12974338009008,83.23856118732267,745.5431895417101,0.032461986182108486,4.0581787512232355,0.12185192853212357,0.9216083884239197,-0.3684970438480377
8426,8426,1,0.99538773,254.42309076658208,83.17335852079523,755.3436530434192,0.03023716162266833,4.288801878928022,0.11401574313640594,0.9307540059089661,-0.3474152386188507
8427,8427,1,0.99529356,248.46973231276283,81.26740216256621,742.6671166230557,0.006317829725776124,4.446456769676968,0.12317706644535065,0.9394556879997253,-0.3197661340236664
8428,8428,1,0.99542844,250.62252109567325,81.3837053848937,751.4604538739804,-0.0570408557598122,4.6742849830427415,0.13790971040725708,0.9439552426338196,-0.29988232254981995
8429,8429,1,0.99345917,252.3376716070088,82.0644125097115,751.3956792791472,-0.11385366586735447,4.720701182229765,0.15595059096813202,0.9431115984916687,-0.2936323285102844
8430,8430,1,0.99416167,253.24734614663524,82.65932243561205,753.3189311449001,-0.14500139438350057,4.66824431400111,0.16859908401966095,0.9391841292381287,-0.2991780638694763
8431,8431,1,0.9945681,253.12451525049656,82.49793757769022,748.8029661187184,-0.10166127781199447,4.342498628314117,0.1653568297624588,0.9286724328994751,-0.3320009708404541
8432,8432,1,0.9927926,245.19356331138079,81.44374468600945,725.2584083894498,-0.022472795691377282,4.018470784866626,0.15333029627799988,0.9217408299446106,-0.3562072515487671
8433,8433,1,0.9924436,250.66233136698636,83.26979496773197,737.893204872603,0.0407974981237858,3.8762945523079595,0.12685203552246094,0.9134373068809509,-0.38670510053634644
8434,8434,1,0.99359256,250.481711171509,82.54619902801302,739.289657527267,0.10018656426761255,3.8937462900193265,0.10032378882169724,0.9164385199546814,-0.38739585876464844
8435,8435,1,0.99429274,248.63825356926887,81.12271089402337,735.6739848399366,0.17336744876509957,4.0033536217190795,0.0670173391699791,0.9256576895713806,-0.3723795711994171
8436,8436,1,0.9958916,242.07220319602962,79.04689601442034,719.0976289141241,0.18841544515574393,3.9639693977115824,0.0670236200094223,0.9284718632698059,-0.3653051257133484
8437,8437,1,0.9961008,243.2543684509716,80.16742053941981,727.27183786083,0.15361094837912337,4.1573975293959835,0.07622179388999939,0.9350095987319946,-0.3463340699672699
8438,8438,1,0.99431723,248.02576063615098,81.67053222576655,748.72282377902,0.0955044652538274,4.336971480077727,0.0913710966706276,0.9363949298858643,-0.3388449251651764
8439,8439,1,0.9950086,244.92894876646415,81.60871024589453,749.7964441264647,0.02206333520859794,4.29370314454788,0.12437251955270767,0.9313845634460449,-0.34213200211524963
8440,8440,1,0.9833714,241.38218412259917,81.5393828806122,749.4203371447608,-0.09689679712562266,4.355958011033803,0.17144082486629486,0.9281429648399353,-0.33039167523384094
8441,8441,1,0.98245,247.1377296284384,83.05798272524368,773.971385516345,-0.1739136583861835,4.3626360601567,0.19544123113155365,0.9186115264892578,-0.34344667196273804
8442,8442,1,0.9825549,251.31396936909778,82.81990228043011,789.0614693564908,-0.2582638209754254,4.479290637986603,0.21758684515953064,0.9159601926803589,-0.33715417981147766
8443,8443,1,0.98205525,244.34978598125042,81.28281455621031,762.6035695995951,-0.1856825790701442,4.226461180413469,0.2085416316986084,0.913205087184906,-0.35009557008743286
8444,8444,1,0.9828997,245.41536584834284,82.1187598195329,772.9754436702846,-0.3772898091960927,4.571191637810358,0.25985389947891235,0.9139410257339478,-0.31174951791763306
8445,8445,1,0.9892418,243.21444175831994,79.9592315910984,773.6228324377643,-0.45674989542128985,4.625255457036792,0.2848830223083496,0.9095007181167603,-0.30273759365081787
8446,8446,1,0.9896458,244.5885765918725,80.69815950840254,780.2616822821063,-0.4755460290591225,4.7297158444673615,0.2841876745223999,0.911794900894165,-0.29642435908317566
8447,8447,1,0.98813754,243.1085673842864,79.39070957265757,771.8214425755281,-0.6386629850501503,4.649260418737147,0.3422257602214813,0.8935595750808716,-0.29057326912879944
8448,8448,1,0.98776907,246.0198199516063,80.47593741064419,782.0531547370883,-0.9003299758849009,4.595978100796431,0.42131510376930237,0.859950602054596,-0.2880599796772003
8449,8449,1,0.9830436,236.6573292373481,79.3575619676767,750.4603742510764,-1.2224524615789034,4.559782335620539,0.5148701667785645,0.8189946413040161,-0.25329145789146423
8450,8450,1,0.9850662,242.78216928886977,82.17213422846305,764.1408339641252,-1.0608772240885629,3.592325685006432,0.5493564009666443,0.7552229762077332,-0.35755544900894165
8451,8451,1,0.9779985,248.27856291218276,79.54966620344236,777.8160332262408,-0.6922306010865701,3.0786220690859274,0.4737703204154968,0.7489374279975891,-0.4632866084575653
8452,8452,1,0.9854779,245.8570029225506,77.83373524098498,763.4301674863373,-0.6477994511992154,2.844007302700855,0.4820441007614136,0.726976215839386,-0.4890185594558716
8453,8453,1,0.9929945,252.193282623183,77.35006041195935,779.0642181934741,-0.8708282678176983,2.8425898541477697,0.5502529740333557,0.6892249584197998,-0.471371054649353
8454,8454,1,0.9917265,248.73499670637023,75.04959602057075,759.5666851343859,-0.9244294285962352,2.744324212461141,0.5810564160346985,0.6704428195953369,-0.46138909459114075
8455,8455,1,0.9899895,247.06667723841827,74.70879534574077,746.4047829390302,-0.7400136797244051,2.388517622896307,0.5579245090484619,0.6427431106567383,-0.5249777436256409
8456,8456,1,0.9907939,249.2407319247338,74.80263292419981,746.3485215348824,-0.4542138959656596,1.957057522714778,0.48061037063598633,0.5973303914070129,-0.6420359015464783
8457,8457,1,0.99626523,254.75897018045194,74.09292133253163,759.8665452526684,0.0007940330001617897,1.5512915898105946,0.24985332787036896,0.5336774587631226,-0.8079366683959961
8458,8458,1,0.99371827,246.6573347185737,72.91818635859079,734.0426321604956,0.3168943595997794,1.1842655094354637,0.05720902979373932,0.43277016282081604,-0.8996872305870056
8459,8459,1,0.994823,240.2414633618198,66.0700338945198,736.1165803652513,0.5280578488921626,0.7842631571200581,-0.08658620715141296,0.27520352602005005,-0.957478940486908
8460,8460,1,0.9906144,243.4082251893337,65.21003802348808,759.0694482027219,0.6411044499361046,0.6084534088493219,-0.16679708659648895,0.19137181341648102,-0.9672411680221558
8461,8461,1,0.9917325,239.8031453510156,59.69156731837632,763.3251736909806,0.7139491676218941,0.39187184117924967,-0.20679554343223572,0.10763567686080933,-0.9724454283714294
8462,8462,1,0.9918385,229.830133363565,54.02718428354774,735.3910321089412,0.7822174534176495,0.21756307530122573,-0.24357970058918,0.04583365097641945,-0.9687973260879517
8463,8463,1,0.99120355,225.42087017538765,53.167162155282114,719.8121328233332,0.8052003583044843,0.12677224525882552,-0.25558024644851685,0.010176940821111202,-0.9667342901229858
8464,8464,1,0.9945798,235.82661190462818,57.735157012882645,745.5794487803369,0.8069180064752433,0.080449305437083,-0.25949469208717346,-0.014364799484610558,-0.9656376838684082
8465,8465,1,0.9921972,246.92000306666822,63.89249833922484,773.6094984890423,0.8194911521129473,0.040460252380603204,-0.269987016916275,-0.03669276833534241,-0.9621645212173462
8466,8466,1,0.9940811,239.35420761459784,61.71378951374843,746.5686863486636,0.7992659047617716,0.14880271970521672,-0.2610456645488739,0.007144407369196415,-0.9653000235557556
8467,8467,1,0.9881732,234.82916105893605,58.98383168139929,729.33626070394,0.7979239905717258,0.13703597761474137,-0.25988662242889404,0.006368180271238089,-0.9656181931495667
8468,8468,1,0.98633134,243.10990199808,59.585637740497276,749.5659779640772,0.7772318908966678,0.1375787509580448,-0.24992942810058594,0.006093819625675678,-0.9682448506355286
8469,8469,1,0.99087614,241.02390945179107,61.2017708283171,740.5531310219317,0.7350430943620361,0.2301554180133577,-0.2248792052268982,0.042159002274274826,-0.9734742045402527
8470,8470,1,0.9937203,244.0471962189092,62.65514529266127,751.8355761992146,0.7015098126361814,0.4021810945632565,-0.20728400349617004,0.10983841866254807,-0.9720951318740845
8471,8471,1,0.9946772,241.16738790858253,62.196008148750586,740.2382864239844,0.6382482622649197,0.5974433414092002,-0.16561494767665863,0.1960722655057907,-0.9665026068687439
8472,8472,1,0.9934176,232.12973175803677,60.99234770611949,710.8184413526845,0.6083566568333371,0.882972228690638,-0.14059634506702423,0.3289492428302765,-0.9338228106498718
8473,8473,1,0.9959721,233.01269367883674,62.541030171224634,701.8979304300382,0.5756737937073444,1.1166588840912246,-0.12030254304409027,0.42707347869873047,-0.8961783051490784
8474,8474,1,0.99199635,237.96078974400874,65.8571495137279,699.1107822633063,0.5164816097912548,1.3480197962293465,-0.08415067195892334,0.5138595700263977,-0.8537371158599854
8475,8475,1,0.98911524,246.89369477631575,68.32782782243912,713.2796039099999,0.472351321969529,1.5949919077527148,-0.06422381848096848,0.5852060914039612,-0.8083373308181763
8476,8476,1,0.99381703,256.0337048690348,70.4942682489896,728.5634384072849,0.4182251398374963,1.7837950098333446,-0.03875701129436493,0.6301095485687256,-0.775538444519043
8477,8477,1,0.99621385,263.5854417357547,70.9585327961969,735.8957446269142,0.3131043727214726,1.9432940537570036,0.02097126469016075,0.6691663265228271,-0.7428167462348938
8478,8478,1,0.99274325,269.21823602531714,70.77743092992866,748.2073463987432,0.20813392426182414,2.144211072529896,0.0769575759768486,0.7080146670341492,-0.7019920349121094
8479,8479,1,0.99712014,275.5153813538074,68.23221414694171,749.593130311542,0.014733050509126405,2.231354313750092,0.18438296020030975,0.7200558185577393,-0.6689713001251221
8480,8480,1,0.99750024,280.648496953151,65.77757522026288,756.5174205664213,-0.1939955689435181,2.2246412100868307,0.29594895243644714,0.6999099254608154,-0.6500310301780701
8481,8481,1,0.99583566,289.01782811112577,63.68254578005466,763.3731528376844,-0.3895050468034177,2.160390533280802,0.390622079372406,0.6636881232261658,-0.6379126906394958
8482,8482,1,0.9967259,297.45986754718484,63.706396068670244,775.4109078380153,-0.5166399454203313,1.95361817962961,0.4550023674964905,0.5978189706802368,-0.6599888801574707
8483,8483,1,0.99800867,302.0813578257708,62.59058963928032,775.810945648618,-0.5257117773690971,1.7130064245717482,0.4721231758594513,0.5390816330909729,-0.6974889039993286
8484,8484,1,0.99746907,304.48637577099566,62.59997944741175,779.0480291840977,-0.53393738364733,1.6185815081124122,0.47899872064590454,0.5122343897819519,-0.7128648161888123
8485,8485,1,0.997303,316.44894585494393,62.31581374814031,799.4481576125149,-0.5856167530944193,1.615056790189978,0.4845675826072693,0.5002971291542053,-0.7175633907318115
8486,8486,1,0.99736834,308.0483352340629,62.407637419169625,772.2824187691996,-0.5327612854157455,1.6008888092077858,0.47908568382263184,0.5114756226539612,-0.7133510112762451
8487,8487,1,0.99730116,315.048622683271,62.24120062170662,778.62135397906,-0.5787125883833384,1.6979664825790093,0.4849996268749237,0.5311089754104614,-0.6947651505470276
8488,8488,1,0.996234,307.6721891890588,61.21596414699413,755.4674288142384,-0.5675903300508135,1.7489592356352364,0.4908245801925659,0.5539430975914001,-0.6724867224693298
8489,8489,1,0.99719524,310.52195443301815,58.77024255763905,758.9604901463939,-0.5942697544963911,1.8071092228347891,0.49388378858566284,0.5661109089851379,-0.6599979400634766
8490,8490,1,0.99663335,313.08335857663,59.53975654743808,764.5808253990016,-0.5948482754925937,1.8714352689473235,0.48537033796310425,0.5796341300010681,-0.654553234577179
8491,8491,1,0.99700457,307.91669381684903,58.40709805160545,752.3427138043459,-0.5625497118014281,1.8243648371366317,0.4828804135322571,0.5770931243896484,-0.6586273908615112
8492,8492,1,0.9971553,308.34277630446513,58.88082095149277,756.0439811808287,-0.5669812372332608,1.7814689834120225,0.4866217374801636,0.56402188539505,-0.6671421527862549
8493,8493,1,0.99775666,308.83711663382064,58.9614432150208,756.4934876532592,-0.5880878159575028,1.7599887518683734,0.4970795214176178,0.555539608001709,-0.6665491461753845
8494,8494,1,0.99632984,313.1488342335728,59.9504306689736,769.8198813819786,-0.6051017375817217,1.7279421377327981,0.4987431466579437,0.5401645302772522,-0.6778478026390076
8495,8495,1,0.995729,315.92534032933787,61.12727930965175,777.0569980788663,-0.6004495298329245,1.7375003656763273,0.4914088249206543,0.5402278900146484,-0.6831334233283997
8496,8496,1,0.9955148,320.8544378582422,60.89069865620328,788.7426103122945,-0.6181363497824041,1.783167072680606,0.48757219314575195,0.5463375449180603,-0.6810203194618225
8497,8497,1,0.9951191,313.5693169046503,61.77427327239201,770.7596109689571,-0.5692819624821935,1.7560643779104435,0.48066359758377075,0.5505122542381287,-0.682567834854126
8498,8498,1,0.9952408,308.2905498325728,60.65001596199503,758.2219564673009,-0.5375148022155373,1.7463942300938815,0.4756386876106262,0.5568968057632446,-0.6809066534042358
8499,8499,1,0.9946292,303.97972750080675,60.68683910601202,747.7867021524353,-0.48383666720682444,1.7040410396762393,0.4611267149448395,0.5563411712646484,-0.6912645697593689
8500,8500,1,0.99406034,306.0992489080533,61.25001569503538,749.0597511935002,-0.4647812487340428,1.6831948168707067,0.45114096999168396,0.5529249906539917,-0.7005325555801392
8501,8501,1,0.9927452,311.8894655733725,61.75657092018272,757.9518050752621,-0.47898057827481366,1.6411727730151502,0.4525771737098694,0.5370016098022461,-0.711901068687439
8502,8502,1,0.99084854,306.60581215081,61.96201536377307,743.5357348276716,-0.46756984006828345,1.5704157130585992,0.4623149037361145,0.5235061049461365,-0.7156859040260315
8503,8503,1,0.99140704,312.8592963788937,60.320127954335625,754.5558690827601,-0.4913943492493726,1.5837768408748414,0.4625658392906189,0.5225536823272705,-0.7162196636199951
8504,8504,1,0.9913839,307.7491980351452,59.636130984682325,737.6770735092676,-0.4755513162354668,1.5447400883241025,0.4686216413974762,0.5200976729393005,-0.7140673398971558
8505,8505,1,0.99622726,322.42336641505887,63.95100386480582,764.7797294047446,-0.5656479695089903,1.6585084298668116,0.4811801016330719,0.528799295425415,-0.699168860912323
8506,8506,1,0.99282974,320.19141410669596,66.32909357446479,757.3649470740369,-0.59293024445031,1.6659980305452473,0.49852100014686584,0.527655303478241,-0.6877912878990173
8507,8507,1,0.99226815,313.9211374457181,68.27030599899757,743.426780767922,-0.5768638504850255,1.6503219081941307,0.5037448406219482,0.5278895497322083,-0.6837937235832214
8508,8508,1,0.9938869,320.35414002022435,68.40893968573785,755.4741280024564,-0.5922665099403019,1.7253095977981077,0.495111882686615,0.5425992608070374,-0.6785648465156555
8509,8509,1,0.99305665,326.92981307316387,69.00797780118968,773.5001276844969,-0.6000376016499611,1.7608220758843216,0.4839541018009186,0.544800341129303,-0.6848219037055969
8510,8510,1,0.9943452,321.08281492724035,68.25789529077399,764.6455221696616,-0.5440219976638012,1.6319225613182846,0.4753996431827545,0.5205138325691223,-0.7092676162719727
8511,8511,1,0.9960562,322.84872266745975,70.11644913492096,771.0451827137446,-0.5048531657671083,1.6072233489002543,0.45478951930999756,0.5147421360015869,-0.7267786264419556
8512,8512,1,0.99662673,331.64972625048296,71.4924871691628,791.5453405605232,-0.5323637767634377,1.5856302537722087,0.45400217175483704,0.4979340434074402,-0.7388800978660583
8513,8513,1,0.9964824,331.94717524587946,71.07080253830206,793.3384008524117,-0.5263106205956005,1.5743942693703574,0.45071840286254883,0.4951561391353607,-0.7427471876144409
8514,8514,1,0.99564135,331.34909869924536,70.16226586986195,794.9350451617661,-0.4819642943131461,1.5387034596066107,0.4308142066001892,0.4898281991481781,-0.7579363584518433
8515,8515,1,0.9954407,334.95479692879366,68.4517197789438,807.8675607888714,-0.44647601599705405,1.4737250025175148,0.4078071713447571,0.4713861346244812,-0.7819772958755493
8516,8516,1,0.99350584,328.3760289200587,66.51600556038805,797.7519162146492,-0.35360798309373326,1.3102904557885484,0.376376748085022,0.4344703257083893,-0.8182762861251831
8517,8517,1,0.99764544,317.92133764097923,65.82209295909452,782.1423578880054,-0.26033870525842556,1.162394588822439,0.346372127532959,0.3982378840446472,-0.8493720889091492
8518,8518,1,0.9943445,303.9136139978884,60.44070402589872,753.4784541389848,-0.17451922108816448,1.0208368242927859,0.3252117931842804,0.3695286810398102,-0.8704515099525452
8519,8519,1,0.9963827,315.72407313052287,56.563865161695865,790.7467626961592,-0.17551590003732184,0.9862506269303943,0.29923489689826965,0.3478390872478485,-0.8885192275047302
8520,8520,1,0.99631554,303.30277744789026,54.62881524267781,765.3163585867719,-0.11480187630817573,0.9510676046895793,0.28497281670570374,0.3485439419746399,-0.8929208517074585
8521,8521,1,0.9966344,304.05775256454194,51.565508488610305,776.0789383496179,-0.10899830939234359,0.9930744193645684,0.27505767345428467,0.3632354140281677,-0.8901703953742981
8522,8522,1,0.99837554,294.23017038763265,49.275056459713475,762.7055858233401,-0.053687335301868366,0.9970951662367458,0.25475168228149414,0.3740904629230499,-0.8917163014411926
8523,8523,1,0.9983918,292.75573853926966,48.002110332612666,771.2383327983457,-0.012975559413348079,0.9986224294709183,0.22683930397033691,0.3735821545124054,-0.8994333148002625
8524,8524,1,0.99826247,287.7408354569112,46.40784069798175,769.7546686785591,0.04211434895280904,0.9601199621589137,0.19728422164916992,0.3629324436187744,-0.910691499710083
8525,8525,1,0.99891984,281.92153286008994,47.54950505619075,780.8178689797296,0.09238291153647057,0.9070708241498017,0.1693095862865448,0.33752283453941345,-0.9259657263755798
8526,8526,1,0.9985592,271.74477536623414,47.55823572471369,762.7814672402483,0.16322100188225208,0.8582110217452736,0.13772423565387726,0.32638415694236755,-0.9351499676704407
8527,8527,1,0.9943772,268.080911824386,49.7843010075482,769.3333838975173,0.23129891203294328,0.8271664860881558,0.0936417505145073,0.3086227774620056,-0.9465638399124146
8528,8528,1,0.9962775,261.13465395428125,51.965604296167236,759.6037378688275,0.2399751640248149,0.8715061265049674,0.09723787754774094,0.32684326171875,-0.9400628805160522
8529,8529,1,0.99688476,270.8351334232886,55.86528074005048,801.6123259683113,0.17462623061527913,1.1117168662339927,0.11948986351490021,0.39296838641166687,-0.9117554426193237
8530,8530,1,0.9973429,265.75449218691944,58.63869309284445,794.2646958860987,0.1211707286890919,1.3546656905949488,0.15636774897575378,0.4745933711528778,-0.8662045001983643
8531,8531,1,0.99446684,262.18880359246924,63.08163924863933,798.5485798746134,0.09322276024322697,1.5775316690577645,0.1710565835237503,0.5357739925384521,-0.8268529772758484
8532,8532,1,0.99575233,258.4811625029696,61.72734850831713,788.1049997632598,0.10895255479616263,1.6995005230438562,0.1626328080892563,0.5777185559272766,-0.7998698949813843
8533,8533,1,0.9970284,257.3065826941713,62.22629726920729,784.9171895389513,0.15145445510585825,1.7771477616747537,0.13479512929916382,0.6015167832374573,-0.787405788898468
8534,8534,1,0.9974322,257.1877188508528,62.85855853350717,787.7430760506337,0.19645793336164552,1.834566372036316,0.10421545058488846,0.6155045628547668,-0.7812127470970154
8535,8535,1,0.9959176,256.61360885921414,64.9544786625497,784.1767740793201,0.2617267515992591,1.9189727616786751,0.061519067734479904,0.6380520462989807,-0.7675317525863647
8536,8536,1,0.99673563,260.1892227736468,67.1048751055817,794.9802371046934,0.29789037964536647,2.0373881358529347,0.03162055462598801,0.6586480736732483,-0.7517864108085632
8537,8537,1,0.9959353,257.0012315839496,67.2351845684954,782.9537950583109,0.3556605921225741,1.9988770322553777,1.0586738426354714e-05,0.6556279063224792,-0.7550841569900513
8538,8538,1,0.9968214,261.4383116662488,66.9071059799421,789.2767332503867,0.3885973314168003,1.995031521803108,-0.025905746966600418,0.6502582430839539,-0.7592714428901672
8539,8539,1,0.998086,247.64599794568014,66.07962170920892,742.3924534610547,0.4442632092897624,1.891982087153063,-0.04574861004948616,0.6521971225738525,-0.7566676735877991
8540,8540,1,0.9964097,256.6374916541056,68.0308142343577,757.2522564387624,0.45222892913693136,1.9236176633457989,-0.061680570244789124,0.648793637752533,-0.758460521697998
8541,8541,1,0.99625564,261.7375538863307,70.59214210527936,761.063754411785,0.4770972383529044,2.0194964935575896,-0.08394616097211838,0.666242241859436,-0.7409955263137817
8542,8542,1,0.9985134,264.6504224676883,72.2536399747451,755.6555431786024,0.5083439139883521,2.1752449158961884,-0.10701412707567215,0.7010365724563599,-0.7050501108169556
8543,8543,1,0.9988502,267.6475383595975,71.95466698037413,752.0213214265368,0.48842729805986784,2.323824125652031,-0.09763441979885101,0.734326958656311,-0.6717376112937927
8544,8544,1,0.9981552,268.26530468868026,71.14742740804644,751.7246880099698,0.46447893796020856,2.415888689229965,-0.08347892016172409,0.7532907724380493,-0.6523682475090027
8545,8545,1,0.99750984,266.9283005830238,72.28635676438337,739.8883706034148,0.41525767867744373,2.4037392044272883,-0.0530581921339035,0.7597358226776123,-0.6480635404586792
8546,8546,1,0.99662507,270.8212045550255,74.36596245024457,746.8482953197536,0.36919519693560277,2.4185235120335316,-0.029557334259152412,0.7590172290802002,-0.6503993272781372
8547,8547,1,0.99762243,276.89157960088096,76.91690447678225,759.2358224858376,0.3725835047417754,2.4922352367219895,-0.0386519618332386,0.763484001159668,-0.6446691155433655
8548,8548,1,0.99761283,278.2706855051935,76.79093374203018,758.6993566118612,0.3908566617929643,2.572181935500458,-0.051183100789785385,0.7764025926589966,-0.6281555891036987
8549,8549,1,0.99772507,280.0134229806408,77.5756439162294,762.1215485644431,0.41178294481999694,2.5849918614505296,-0.06510001420974731,0.775309145450592,-0.6282179355621338
8550,8550,1,0.99779713,280.28505604533524,77.80003423890962,761.5611227260157,0.42977108322270774,2.618969023705665,-0.0756993368268013,0.7800360321998596,-0.6211388111114502
8551,8551,1,0.9976774,278.0972947046582,77.39028660026749,756.7746780059615,0.4607509294408201,2.5141212824569834,-0.09190049022436142,0.7641019821166992,-0.6385158896446228
8552,8552,1,0.9980896,273.12769004117354,76.28927945117981,746.946963524249,0.5562521633414875,2.0933586178088635,-0.14897428452968597,0.6810857057571411,-0.7168883681297302
8553,8553,1,0.9954188,257.432627611316,67.07350947272961,718.0357157897315,0.6273776281814152,1.557435247804387,-0.18710193037986755,0.5586065053939819,-0.8080543279647827
8554,8554,1,0.99547994,255.09698341822937,58.94174264917549,730.1945862840099,0.6486183036199358,1.2193557376653101,-0.19804859161376953,0.44555461406707764,-0.8730738162994385
8555,8555,1,0.9921644,252.5353213767105,57.76080564502586,729.137980558587,0.6906348256501047,0.8800767757111883,-0.22429858148097992,0.3161928057670593,-0.9217983484268188
8556,8556,1,0.9900517,257.6988682433723,59.64454087739358,744.2215521837246,0.7149899346191078,0.6791324764375927,-0.2417108118534088,0.2260461449623108,-0.9436519742012024
8557,8557,1,0.9909713,250.04479784521325,62.43917860599394,723.6041151472305,0.7440492252509762,0.5492694269619254,-0.25656527280807495,0.17340534925460815,-0.9508442282676697
8558,8558,1,0.98986036,244.85874364601034,62.139142265491294,717.5268798645801,0.7851343097616112,0.466368714985877,-0.2784554064273834,0.1385020911693573,-0.9504103660583496
8559,8559,1,0.9948931,261.2372695982335,61.75583152556467,772.6993483751176,0.7720689486203044,0.4847039875352951,-0.2711999714374542,0.1364165097475052,-0.9528069496154785
8560,8560,1,0.9939971,258.13582547314087,62.245158221793425,761.3847342929092,0.7004270224690814,0.6201495500852584,-0.22648747265338898,0.19535331428050995,-0.9542224407196045
8561,8561,1,0.99535036,249.37126283820328,62.613930619026746,736.1460985279303,0.6378040045342988,0.7130061262655542,-0.17929914593696594,0.2439560443162918,-0.9530673027038574
8562,8562,1,0.9955621,249.3954921510608,62.079022124931875,731.7722125090045,0.5359751010922109,0.8610082620229135,-0.10696852952241898,0.3128059506416321,-0.943774402141571
8563,8563,1,0.9881174,250.73599082390805,62.80919970033028,726.2725840657778,0.4674358868930348,0.9994066935711273,-0.05943534895777702,0.3733808994293213,-0.9257721900939941
8564,8564,1,0.9935634,268.8081539115988,66.09507398905792,758.8299366622238,0.3886177956834432,1.2470199932626729,-0.02781825326383114,0.44800806045532227,-0.8935966491699219
8565,8565,1,0.9979576,271.8268751989653,68.91508240772554,756.6435551402196,0.3032403589231711,1.4138618467653565,0.02652030996978283,0.5057471990585327,-0.8622739911079407
8566,8566,1,0.9982906,279.5901754538499,70.92910282829703,766.7252780662716,0.24246896676185747,1.5474736536058915,0.055586401373147964,0.5414859056472778,-0.8388702273368835
8567,8567,1,0.99884254,284.90274515646223,66.2567468523473,770.4607343559092,0.20612857833727563,1.644395687147646,0.07070992141962051,0.5727384686470032,-0.816682755947113
8568,8568,1,0.99751294,290.6415674936317,65.97144197880506,784.1687087190245,0.17873812976975767,1.7111591205128434,0.07892362773418427,0.5840522050857544,-0.807870090007782
8569,8569,1,0.9973476,291.42758413243513,66.41848175026585,783.0991784422849,0.1780434908909717,1.7475333828473014,0.07756505161523819,0.5944018363952637,-0.8004187345504761
8570,8570,1,0.9987948,303.3371075276643,70.00446313932768,810.9317558710286,0.1419288349018493,1.866247359103669,0.08124946057796478,0.6073846220970154,-0.7902420163154602
8571,8571,1,0.99875844,310.49284265042957,70.90107956073575,829.5933741235746,0.1161693799699883,1.8575387744631895,0.08764959126710892,0.5941687226295471,-0.7995505332946777
8572,8572,1,0.998439,304.63072581453827,69.84722908061113,810.2903322064813,0.14821943526047088,1.7761124466826341,0.07809773832559586,0.5842516422271729,-0.8078061938285828
8573,8573,1,0.99732745,310.3624759104003,69.6903768695134,826.0521509007867,0.14144507208654414,1.7916687122199597,0.0740017369389534,0.5799472332000732,-0.8112859725952148
8574,8574,1,0.9974414,310.7439373458749,69.39151479558234,828.6988127119666,0.1403409818410708,1.8118283550921932,0.07355441898107529,0.5840678811073303,-0.8083653450012207
8575,8575,1,0.9983211,304.0023944784751,68.65029988797916,813.7103061599338,0.15833667890471137,1.8577058747394475,0.07014656066894531,0.6047500371932983,-0.7933201789855957
8576,8576,1,0.99849045,302.6246062817044,70.31245393024751,817.802968537315,0.166762080024221,1.9692297038933775,0.06370113790035248,0.6290795803070068,-0.7747264504432678
8577,8577,1,0.9976261,294.6274647970649,70.80884895200835,802.6614969585453,0.17872082599275874,2.122467718121634,0.06282562762498856,0.6726484894752502,-0.7372903227806091
8578,8578,1,0.99810445,281.8472601544165,72.02360484858242,782.0611067540017,0.18408277005593845,2.3382521760681905,0.06980320066213608,0.7275730967521667,-0.6824696660041809
8579,8579,1,0.9948996,279.3219056476436,77.0620891895267,788.2378028012066,0.1637451629852545,2.675578030543988,0.07514390349388123,0.7796593904495239,-0.62167888879776
8580,8580,1,0.996121,280.82078830424365,79.230630814268,793.1167188536783,0.12043935068424191,3.130782572924871,0.0838610902428627,0.8362691402435303,-0.5418683290481567
8581,8581,1,0.99695766,272.8327587180874,80.33597162884652,776.0556414389084,0.12509672505372857,3.33131576320407,0.08419318497180939,0.8635542988777161,-0.4971775412559509
8582,8582,1,0.9962811,274.89200763761744,80.99107785474153,786.2898668508956,0.1089428560574821,3.476844447357796,0.08567269146442413,0.8725115656852722,-0.4810236990451813
8583,8583,1,0.99442446,273.48546221967956,84.02312301115249,783.4095048898265,0.04773438438845694,3.668366799930765,0.1097627580165863,0.8867607712745667,-0.4490072727203369
8584,8584,1,0.99438006,270.907585147373,83.22581849625915,780.6738572699127,-0.0127191706702624,3.6682328546956176,0.1391403079032898,0.8851081132888794,-0.4440986216068268
8585,8585,1,0.9944448,274.3406528570193,84.35229358489607,792.977317090796,-0.11089596503033418,3.78924103507419,0.17366839945316315,0.8852718472480774,-0.4314314126968384
8586,8586,1,0.994197,271.5923907858999,83.14515640859088,784.7252904563838,-0.19637969657612045,3.797285051189618,0.21188843250274658,0.8826302289962769,-0.4196036756038666
8587,8587,1,0.99543935,265.28870537229653,80.76635287255269,767.047481794178,-0.2412445785452578,3.6983310708336594,0.24178729951381683,0.8762874603271484,-0.41672444343566895
8588,8588,1,0.99675435,271.58602952469465,81.3179567872687,788.6208208519747,-0.342544017375958,3.684797093961663,0.2773367166519165,0.860496461391449,-0.42735257744789124
8589,8589,1,0.99621695,269.67640650303764,81.00297399341333,784.5077126626956,-0.36934265525756566,3.440379105319486,0.3055517375469208,0.8362873196601868,-0.45526012778282166
8590,8590,1,0.99669063,271.24471846329646,82.27923690415498,794.3889942503016,-0.4081535380262275,3.5065886666556905,0.3148529529571533,0.835498034954071,-0.45034509897232056
8591,8591,1,0.9962451,267.6103253023594,83.05913264728309,785.2329753513736,-0.4261022187844175,3.5902664025389748,0.3203974664211273,0.8433484435081482,-0.43140336871147156
8592,8592,1,0.9957274,271.75712090343774,83.17853140145401,792.9062209977055,-0.45523587318283654,3.605833287109298,0.32680732011795044,0.8401824235916138,-0.432770699262619
8593,8593,1,0.99603707,266.36814489962455,81.58496040185571,773.0186796359861,-0.43984730126737576,3.613906610774792,0.3261706829071045,0.8476986289024353,-0.4183535873889923
8594,8594,1,0.99514705,270.9546741610116,83.94131297153778,784.1765785915271,-0.47825762956764584,3.8067406728507165,0.32385849952697754,0.857374370098114,-0.4000312089920044
8595,8595,1,0.99469286,275.7693883489978,85.36396506868245,796.145755993114,-0.4606812654021134,3.7403054119733268,0.3171645402908325,0.8510716557502747,-0.4184301197528839
8596,8596,1,0.9922051,269.36182452046273,85.10379235680257,776.9640916264651,-0.4030147624743541,3.800737178509913,0.2976350784301758,0.8662250638008118,-0.4013322591781616
8597,8597,1,0.99153554,275.94691383747266,86.20262470021798,786.089195825592,-0.4022823522678828,4.004656915546946,0.2794792056083679,0.8802125453948975,-0.3835587501525879
8598,8598,1,0.99284667,276.6305408202466,86.16583889480013,785.5533506296671,-0.4098534130511902,4.051792864005252,0.2791014015674591,0.8830587863922119,-0.3772394359111786
8599,8599,1,0.9926086,271.9930069683695,86.08999700638545,768.9482263236729,-0.4009870887796726,4.053505650199939,0.28029659390449524,0.8873574137687683,-0.3661019206047058
8600,8600,1,0.9927291,272.6984595628728,87.81553586574626,770.6595634882564,-0.4696633398076805,4.170524893615123,0.2982477843761444,0.8878117203712463,-0.35048341751098633
8601,8601,1,0.9950782,273.85013669790277,89.84979742295877,765.9232458744236,-0.5425078248240949,4.369813853329098,0.31162118911743164,0.8937234878540039,-0.3227236270904541
8602,8602,1,0.9967489,279.62693884339075,92.17567026606685,779.0835090828338,-0.6011910744093771,4.532943820541024,0.3172001540660858,0.8953221440315247,-0.3127017021179199
8603,8603,1,0.99605894,282.40421001116846,93.4555525932649,783.972944790105,-0.6566706007972174,4.619701681715282,0.32814985513687134,0.8940017223358154,-0.30508777499198914
8604,8604,1,0.9958835,285.12596609093805,94.22632689454137,792.3037785311868,-0.6330788892691591,4.633972208804995,0.3176058232784271,0.8959725499153137,-0.3104187250137329
8605,8605,1,0.99615246,283.0892872909789,93.58257958657062,786.7595013383192,-0.5275582227335586,4.458770527727488,0.2943686842918396,0.8971824049949646,-0.3292580246925354
8606,8606,1,0.99702954,278.01909961881813,92.73639462820846,773.8372228599045,-0.4405289979676782,4.432649593032773,0.2695985436439514,0.9055591821670532,-0.3275350034236908
8607,8607,1,0.9951687,277.52414416642364,92.25167488079954,776.1790623132134,-0.3702033846336375,4.48653735880605,0.24178969860076904,0.9136955142021179,-0.32664698362350464
8608,8608,1,0.99349594,278.48338842935055,92.09235299880395,781.7493801188366,-0.31586968110803604,4.482853997130456,0.22135984897613525,0.9165482521057129,-0.33307531476020813
8609,8609,1,0.9915342,283.3364956000653,93.05039194893187,796.4329314405459,-0.2923733662556899,4.5621587608939,0.2052304446697235,0.9193847179412842,-0.33557742834091187
8610,8610,1,0.9914927,279.98815262212923,93.26415606864732,789.2195768821085,-0.23952783290693946,4.394247593701599,0.19589507579803467,0.91558438539505,-0.3511841893196106
8611,8611,1,0.99010766,276.953319634366,93.49270146314905,781.0823501965742,-0.19552093900901987,4.281587467329392,0.18665030598640442,0.9139308929443359,-0.3604053854942322
8612,8612,1,0.98793286,280.26794881367556,94.3220339717107,793.4435415439963,-0.18195795716366361,4.322076872484872,0.17675386369228363,0.9141455888748169,-0.36482322216033936
8613,8613,1,0.9883562,267.7359096982878,91.92968093930794,761.647338641128,-0.10075993315776206,4.190241023732643,0.16066314280033112,0.9185313582420349,-0.3612304925918579
8614,8614,1,0.99344844,272.7101658655423,90.24665148481814,782.361843132955,-0.06672970005015534,4.405733868834774,0.13458102941513062,0.9266197085380554,-0.3510895371437073
8615,8615,1,0.9933576,271.5494439896472,89.3698139480394,790.7867791044059,-0.05379209511942317,4.534183098584686,0.12592566013336182,0.9310508966445923,-0.34247177839279175
8616,8616,1,0.99544805,272.32650517056317,88.9429613942116,796.6281339582353,-0.049958714821151905,4.553975721140164,0.12308597564697266,0.9308264851570129,-0.344110369682312
8617,8617,1,0.99518114,270.3361616167114,86.42381191741897,794.9053382689904,-0.10622163285942575,4.48097925878345,0.1480063647031784,0.9255706071853638,-0.3484439551830292
8618,8618,1,0.99384564,270.4120618353522,87.23534670650254,795.3671274816828,-0.22836278513329736,4.538428967367661,0.19119477272033691,0.9214861989021301,-0.3380942940711975
8619,8619,1,0.99273694,270.63994075018553,89.38379535321002,789.6282195080659,-0.36002960584846105,4.582153442855243,0.23683075606822968,0.9156274795532227,-0.32486534118652344
8620,8620,1,0.9950407,278.21829131516205,92.8587111000271,805.0745715488674,-0.5129204199152639,4.56830613117736,0.28493428230285645,0.8999574184417725,-0.32998353242874146
8621,8621,1,0.9941369,278.6504646769434,93.86120195464021,795.4157712427858,-0.5858837710834162,4.3532156414717535,0.32290884852409363,0.8824189305305481,-0.3421502113342285
8622,8622,1,0.994173,280.49032823714936,95.17530728228424,798.3472948604143,-0.5954354923880694,4.152152825254188,0.33786505460739136,0.8674166202545166,-0.3652884066104889
8623,8623,1,0.992653,276.973500851291,93.79182416278188,791.0043100612089,-0.5436420946702608,3.7227242773899367,0.35129302740097046,0.840060293674469,-0.4133908450603485
8624,8624,1,0.99274385,268.291299150532,89.45200304760208,777.1802322274675,-0.433262792795248,3.42159053507651,0.33687278628349304,0.8270554542541504,-0.44999560713768005
8625,8625,1,0.99403906,263.9652305812893,86.22553225832597,772.3393499806863,-0.36094716184653836,3.2448691101711993,0.32263848185539246,0.8178497552871704,-0.47647273540496826
8626,8626,1,0.9950294,258.8274866562969,81.49532536590182,767.3231336245049,-0.30279139763136065,3.1031738930278774,0.31105008721351624,0.8099717497825623,-0.49718567728996277
8627,8627,1,0.99413645,251.55297877671907,78.65684521301235,756.7454027147304,-0.25111302756550796,3.0045489902348383,0.30162203311920166,0.8068531155586243,-0.5079490542411804
8628,8628,1,0.9936586,246.9702688699205,77.9142008997395,744.8899702724526,-0.20592591590536255,2.903850684654839,0.2930656373500824,0.802800714969635,-0.5192528367042542
8629,8629,1,0.99142027,257.46249253456284,80.10618667202824,777.010104293891,-0.22053358877650947,2.938942503918908,0.2839435636997223,0.7942646741867065,-0.5371403098106384
8630,8630,1,0.9928163,254.14370426653147,79.80005581702771,769.9621498441716,-0.1444851370645074,2.7832932462846585,0.26105833053588867,0.7824469804763794,-0.5653541684150696
8631,8631,1,0.99273175,258.1667477692242,80.05329254559446,787.0726379937573,-0.10566109582018118,2.7213478687166774,0.23892982304096222,0.7695226073265076,-0.5922393798828125
8632,8632,1,0.9952943,248.23377435377236,78.48932917448802,761.9376438217213,-0.047509369714753946,2.616721151851653,0.2277577817440033,0.7686695456504822,-0.5977236032485962
8633,8633,1,0.9940825,254.2433601833678,78.19113644583426,786.349780799951,-0.058418695231709596,2.734085718117345,0.2176508754491806,0.7756254076957703,-0.5924806594848633
8634,8634,1,0.99522424,252.53731354590607,77.34393877098015,783.3497751761461,-0.05901997583080793,2.7951318383113573,0.21659289300441742,0.78603595495224,-0.5789949297904968
8635,8635,1,0.9952005,249.09735071804985,77.12655196821616,773.1176126375186,-0.032272351049941785,2.8137746870554357,0.20649240911006927,0.7948939800262451,-0.5705300569534302
8636,8636,1,0.9953754,251.69234758099222,79.06361647588908,775.3151327834474,-0.034893333586934194,2.857612551733819,0.20310573279857635,0.7995104789733887,-0.5652707815170288
8637,8637,1,0.99598193,250.53189860644716,78.60640104722789,770.6343633654633,-0.04420004362658852,2.817383146171576,0.21157336235046387,0.7953424453735352,-0.5680379867553711
8638,8638,1,0.99490166,251.58627344958782,77.98934446590847,774.5876632141607,-0.04219625209392684,2.7717741619789216,0.21135516464710236,0.7875577211380005,-0.5788625478744507
8639,8639,1,0.9932005,245.1893908568596,76.16103890886419,756.447442859365,-0.024061543867555563,2.6993475767853874,0.21410851180553436,0.7864130139350891,-0.5794067978858948
8640,8640,1,0.9931109,247.81148551328315,76.98530407320119,766.4061345536387,-0.07063070409376415,2.8086082483453407,0.2284049540758133,0.7940645813941956,-0.5632873773574829
8641,8641,1,0.99460393,247.38656656028263,76.35783525988099,763.9303309607382,-0.10345834606459459,2.912877421611185,0.23942020535469055,0.8066914677619934,-0.540302574634552
8642,8642,1,0.9956993,245.6522570034514,76.55059830438107,755.10743460826,-0.11534069349767133,2.8814752071748337,0.2499798983335495,0.8048759698867798,-0.5382236838340759
8643,8643,1,0.9949523,251.81237475663212,75.96411239956545,772.4240700618917,-0.1871459921164665,2.9150871606163955,0.2745242714881897,0.7965949773788452,-0.5385841131210327
8644,8644,1,0.9833022,248.82235822100327,72.40308244799584,763.4980321465565,-0.20910291856010865,2.6132044150812743,0.30860498547554016,0.7544727325439453,-0.5792528986930847
8645,8645,1,0.98548025,249.3367194950337,72.67141557608353,764.4766556834516,-0.16523064380724115,2.513940518752963,0.29274800419807434,0.7422183156013489,-0.602835476398468
8646,8646,1,0.98248315,246.03902644638197,70.58908211441292,761.1827347379985,-0.2306040131673113,2.7191013543703466,0.31417620182037354,0.7696763277053833,-0.5557802319526672
8647,8647,1,0.98149246,238.40233677076972,67.73443478101832,738.1149615474866,-0.2302559105783206,2.8558352159036557,0.3142462968826294,0.797977864742279,-0.5142768621444702
8648,8648,1,0.9844971,238.97830548510726,71.71365092847608,735.2229819491519,-0.25168934052782815,3.1822634783985104,0.30164772272109985,0.8347786068916321,-0.4606010317802429
8649,8649,1,0.99353194,248.24686183547138,76.77652870473155,760.7483298713129,-0.31099057289643006,3.313024679891701,0.30865830183029175,0.8338888883590698,-0.45755812525749207
8650,8650,1,0.99399155,256.7066279210297,83.11859060841573,782.5217943330598,-0.26826204671887893,3.157263957309228,0.2920965254306793,0.8134432435035706,-0.5029808878898621
8651,8651,1,0.99618334,263.9764543097411,84.22665580130227,797.4647499201319,-0.2447538448159585,3.0381033297731506,0.28106698393821716,0.7964912056922913,-0.5353533029556274
8652,8652,1,0.9950931,263.9812747194091,83.28627786891781,797.1260279049851,-0.22181176700576774,2.9879023038204107,0.273444801568985,0.7926203608512878,-0.5449596047401428
8653,8653,1,0.99546474,258.30820227265735,80.93330271130309,780.4020368839336,-0.18724145813536852,2.9083134373589563,0.26902592182159424,0.7918918132781982,-0.5482084155082703
8654,8654,1,0.995811,259.0327046711308,81.44448492813542,777.2937215056032,-0.2191032669993248,3.0104050991366513,0.2775426208972931,0.8035025596618652,-0.5266438722610474
8655,8655,1,0.99642205,261.92869720430144,81.50512088785815,787.6455371607796,-0.2770297534744671,3.2121570229761485,0.2870275378227234,0.8186250925064087,-0.4974616765975952
8656,8656,1,0.9923855,257.5788020532448,82.47871741138593,781.1127594382134,-0.24043574623044975,3.162808641160907,0.2785993218421936,0.8178383111953735,-0.503510594367981
8657,8657,1,0.9945418,252.69727624649843,81.49059013523915,775.2398794974378,-0.24463896777251465,3.0745994434494017,0.290949285030365,0.8083637356758118,-0.5117583274841309
8658,8658,1,0.99455136,251.62515594413617,81.62099638965825,775.1486901946128,-0.23927264352986194,3.1179091313692147,0.2866472005844116,0.8139280080795288,-0.5053263306617737
8659,8659,1,0.989214,254.37274398707135,83.4000064844284,792.2046545523375,-0.2672565188528041,3.3266523592075607,0.2816021740436554,0.8284587860107422,-0.48410359025001526
8660,8660,1,0.98974586,258.2596550275214,86.43190600332275,813.122087244446,-0.30313428498711104,3.6099483828631787,0.2745974361896515,0.8461253643035889,-0.45680201053619385
8661,8661,1,0.9911969,253.8648946486189,86.52120682192174,803.6108174259435,-0.3358557526845824,4.031783981017756,0.26724404096603394,0.8793438076972961,-0.39412572979927063
8662,8662,1,0.9901349,258.2888791385248,87.93100386500214,811.2856501215721,-0.4269463231429544,4.61289699255896,0.2650023102760315,0.9055689573287964,-0.3312380611896515
8663,8663,1,0.9929482,261.08659750336545,88.4331169576299,807.486598336248,-0.5319602421268823,4.910842349780578,0.282312273979187,0.9124188423156738,-0.2962965965270996
8664,8664,1,0.9933373,261.7751605839364,88.7351442245835,807.2182619908759,-0.5967060942418574,5.519055449413729,0.2710336744785309,0.9311323165893555,-0.2439945936203003
8665,8665,1,0.9905121,264.0652174831005,88.43264307209067,807.3516795809711,-0.5971956741016508,5.749625958690176,0.2592429518699646,0.9386619925498962,-0.22739122807979584
8666,8666,1,0.99161094,265.1853564717905,89.7641430757742,805.84785802239,-0.5200189050658875,5.631106142875674,0.24206385016441345,0.9407169818878174,-0.2376061975955963
8667,8667,1,0.9914077,265.231427234125,90.53585162372848,801.7854152678325,-0.5276898838613899,5.775375542276821,0.23830905556678772,0.9447989463806152,-0.22486387193202972
8668,8668,1,0.9905828,267.4775035871808,93.03720725083053,804.0760380288151,-0.5772235064186679,5.766297922151783,0.25179845094680786,0.9410926699638367,-0.2257036566734314
8669,8669,1,0.99409,280.38868090650743,99.0715307163443,834.5390049827124,-0.6783261658028926,5.935656473390275,0.2653425931930542,0.9366965293884277,-0.22845765948295593
8670,8670,1,0.99600726,276.38724596506273,99.18548635273187,819.5855612280212,-0.7124264204247462,5.9970033031243,0.2743397653102875,0.9372015595436096,-0.21538569033145905
8671,8671,1,0.99703074,282.18398596892274,101.13956945832278,832.8238870598661,-0.7700786834705112,6.0034150329625495,0.2862573266029358,0.9324106574058533,-0.22060626745224
8672,8672,1,0.9970638,282.95433778689863,99.49352980069982,830.9951656811921,-0.7940064322095329,5.698155866326413,0.30683058500289917,0.921116054058075,-0.23958340287208557
8673,8673,1,0.99694484,278.5802795743331,99.68405633620011,815.1126628342523,-0.6926758069968594,5.097674233326336,0.3129200339317322,0.9073800444602966,-0.2806108891963959
8674,8674,1,0.9957123,283.81464097987924,99.56474690882608,828.0365686962999,-0.692287276990265,4.877856591410617,0.32140210270881653,0.8956229090690613,-0.3075067102909088
8675,8675,1,0.99522626,285.4375231005926,99.7442443059795,831.3736221314066,-0.6579031938438529,4.82686657939067,0.3125363290309906,0.8958419561386108,-0.3158927261829376
8676,8676,1,0.9959489,287.5064447624197,98.34309104013427,835.3029699327968,-0.5835987836072479,4.658595779113242,0.2964818775653839,0.8933176398277283,-0.33776038885116577
8677,8677,1,0.99404305,290.20382036006373,99.1644091044073,839.873053469821,-0.5013260491039425,4.457058464504936,0.27805134654045105,0.8881991505622864,-0.3657727539539337
8678,8678,1,0.98979026,290.07581940894397,97.62712428670994,832.1585932785424,-0.43646897162954973,4.244251926782725,0.2670483887195587,0.88231360912323,-0.3875666856765747
8679,8679,1,0.992664,288.98733253759207,98.07904229123092,826.3443661595824,-0.3586061041014184,4.053154343354459,0.24956829845905304,0.8768402934074402,-0.41093406081199646
8680,8680,1,0.9904377,288.88246879594,98.17252311391174,822.8158566411488,-0.33590698022843035,3.88573230158502,0.2500736117362976,0.866987407207489,-0.4310406744480133
8681,8681,1,0.99318826,288.360057864084,95.66062489242681,814.3960759022202,-0.32402031800080444,3.763427841555818,0.25270402431488037,0.8609655499458313,-0.4414510428905487
8682,8682,1,0.99504083,292.25919843251086,95.26654696107705,821.5651176270247,-0.344405961078932,3.820590687213394,0.25405824184417725,0.8625613451004028,-0.43754127621650696
8683,8683,1,0.9942762,294.335049742224,94.72659434420382,820.5373211036382,-0.3519325748037906,3.7577633386042315,0.25898072123527527,0.8574442267417908,-0.4446553885936737
8684,8684,1,0.9955381,290.0282326742533,91.36418341321047,795.5139828307038,-0.39020483641501713,3.6426982344422005,0.2863450348377228,0.8515529036521912,-0.4391630291938782
8685,8685,1,0.99606425,288.1216944519222,89.79095351508822,783.2304805414693,-0.455609580896585,3.6248547558771906,0.3161028027534485,0.846903920173645,-0.427589476108551
8686,8686,1,0.99682105,294.19414833772515,87.6354690203468,792.4956489394912,-0.5821348727076746,3.500546866838629,0.36772584915161133,0.8194313645362854,-0.4396703541278839
8687,8687,1,0.995799,288.0866771731267,85.10659609173949,768.7084616360984,-0.6619809623500912,3.3302421465930845,0.41787102818489075,0.7968406081199646,-0.43638163805007935
8688,8688,1,0.9958806,292.5893371235843,86.3461668347718,779.348351726355,-0.7348232276899342,3.253342309316985,0.4461463689804077,0.7752822637557983,-0.44709154963493347
8689,8689,1,0.99566156,295.0706370347993,85.83784497384268,786.7625237359598,-0.7179226806984143,3.047217712024779,0.45395126938819885,0.7498933672904968,-0.4812362492084503
8690,8690,1,0.9969022,294.6335108048417,88.54210657905476,789.800647785131,-0.6755363723685647,2.9096779570202074,0.4500356614589691,0.7343770861625671,-0.5080927014350891
8691,8691,1,0.99625266,291.8728102246818,89.24922054258757,780.4902238236542,-0.5985549107954876,2.716786690219657,0.4400133788585663,0.7178543210029602,-0.5395122766494751
8692,8692,1,0.99529004,287.6213221653909,88.82764969960597,772.3405538345716,-0.527765926281959,2.5427370308874666,0.42990511655807495,0.7005043029785156,-0.5696274042129517
8693,8693,1,0.9941953,290.5262228273366,89.80753342699587,781.3558086242243,-0.5400614592485665,2.5334826865573934,0.4316485822200775,0.6938785314559937,-0.5763784646987915
8694,8694,1,0.99304914,281.51449304920834,89.02348263662793,759.6019946214016,-0.440923954669419,2.407090678663111,0.4106815755367279,0.6911391615867615,-0.5946993827819824
8695,8695,1,0.99185747,275.79620382029975,87.81208414731555,747.8981575903163,-0.4091536577745995,2.525427212056103,0.3939073085784912,0.7212972044944763,-0.5697082281112671
8696,8696,1,0.99381447,279.4237326387333,89.64842855357789,761.471031490315,-0.4575481972279619,2.8765454834440547,0.3818534314632416,0.7654767632484436,-0.5179125666618347
8697,8697,1,0.9945015,279.92921362171063,91.2673302185117,772.7004614250595,-0.47975283506124694,3.1873767512597175,0.36514613032341003,0.7990666031837463,-0.47766193747520447
8698,8698,1,0.9940399,279.5480037512495,92.3383173728417,774.0413432968135,-0.5787485165084215,3.6017973888126176,0.37302690744400024,0.8303192257881165,-0.4140301048755646
8699,8699,1,0.9943197,290.50022704323675,97.335079341803,801.1346863635431,-0.6948106694274948,4.095984875584333,0.3693232536315918,0.853314220905304,-0.3680424392223358
8700,8700,1,0.9956038,286.94354184503703,94.32021208005851,787.2848908776431,-0.6262492099778192,4.081871936794059,0.3498314321041107,0.8631117343902588,-0.36421993374824524
8701,8701,1,0.99719536,295.2164847519634,97.07299570443979,796.1490417910906,-0.6347282339705027,4.092561015565906,0.3463650345802307,0.8621866703033447,-0.3696829080581665
8702,8702,1,0.9974946,300.5585302767569,98.34504994979996,807.210513089024,-0.6029650392294356,4.091417436621135,0.3309844732284546,0.8637922406196594,-0.3798845112323761
8703,8703,1,0.9967423,299.74354228339024,100.97365901061376,816.4344772336384,-0.5089741293468203,4.072504718713303,0.2985890507698059,0.868935227394104,-0.3947102725505829
8704,8704,1,0.99667203,293.7927237055822,98.9207393795735,817.0669778609699,-0.43795614321354587,4.1090927643391035,0.27392977476119995,0.8772707581520081,-0.39415544271469116
8705,8705,1,0.9925956,287.96375119835494,100.24997082280885,821.0773465354046,-0.3217758272679315,4.235612498752661,0.22772248089313507,0.892982006072998,-0.38823404908180237
8706,8706,1,0.9925322,290.90938797653405,100.27816624330568,832.7380179497159,-0.23088885410755502,4.385244526466507,0.18388159573078156,0.9053643941879272,-0.38275694847106934
8707,8707,1,0.9951645,283.0257084975697,100.38236920704632,820.6990638392621,-0.11884546207920646,4.338448534909108,0.14906831085681915,0.9108728766441345,-0.384823739528656
8708,8708,1,0.9956008,278.5717013148797,100.67983301522122,817.0274912480945,-0.04911690829696293,4.42921805983912,0.1224047988653183,0.9191949963569641,-0.3742962181568146
8709,8709,1,0.996566,277.3421929667124,98.58075227132242,820.217642278464,-0.0427685769546798,4.761741488195978,0.11090835928916931,0.9341041445732117,-0.3393357992172241
8710,8710,1,0.9913458,279.1189576505226,98.96030395911278,833.6352670533342,-0.077424057890047,5.299044883325693,0.10738805681467056,0.9495658874511719,-0.294605553150177
8711,8711,1,0.992467,278.2617756911324,101.81173525451668,832.7371332086368,-0.06715761529650499,5.638013838960084,0.09673497080802917,0.9591330289840698,-0.265906423330307
8712,8712,1,0.9954275,279.93262416198803,103.30249523458035,835.1748484057848,-0.029492060216923504,5.467814911456434,0.08739530295133591,0.9552596211433411,-0.28256163001060486
8713,8713,1,0.9962942,289.80821731955075,105.96378038011665,860.6284699824674,-0.06685332159204097,5.228607126363008,0.09868284314870834,0.9427730441093445,-0.3184974789619446
8714,8714,1,0.9963632,287.9996654598693,107.8352461163513,851.1479882967568,-0.08504720237279796,4.910349661216157,0.11462997645139694,0.9319720268249512,-0.34393033385276794
8715,8715,1,0.9959865,288.0448548608913,107.1819541251657,850.1114716361573,-0.13152367495930298,4.974813651045625,0.12910233438014984,0.9332239031791687,-0.33529943227767944
8716,8716,1,0.99659485,288.3916492869158,107.80921792222604,849.7829109876801,-0.18870534133551212,5.058832951155339,0.14609403908252716,0.9342672824859619,-0.32527098059654236
8717,8717,1,0.99593675,286.9112618596503,106.15788876309121,841.1328070590495,-0.1928241927056343,5.111604593175301,0.14687904715538025,0.937781810760498,-0.3146297037601471
8718,8718,1,0.99545527,292.5000159222225,106.01607366057709,855.9114136956732,-0.2533952308176865,5.433991750909495,0.15264272689819336,0.9440031051635742,-0.29250362515449524
8719,8719,1,0.9953448,294.95520740799515,107.38173969525938,861.8428266007053,-0.29034278402563357,5.685278381719684,0.15488892793655396,0.9491150379180908,-0.27420806884765625
8720,8720,1,0.9954788,287.43943334351275,103.49884661133525,839.6203462318175,-0.20198257218005278,5.630327826593331,0.133815735578537,0.9541458487510681,-0.2677668035030365
8721,8721,1,0.99533737,283.5171118810594,102.3326486642468,833.183759906698,-0.13216190475052011,5.546535505280732,0.11644108593463898,0.9551140069961548,-0.27239447832107544
8722,8722,1,0.996846,272.1767748012381,98.4624069561359,803.7791905747182,-0.032877982260808715,5.286908751736578,0.09771616756916046,0.9553095102310181,-0.2789898216724396
8723,8723,1,0.99533397,267.1989243797818,93.0651016206137,789.8545542722045,0.030691288957083417,5.044641656013799,0.08465298265218735,0.9523370862007141,-0.29306647181510925
8724,8724,1,0.9952449,267.44662248127725,92.99963928251645,788.0503651730086,0.032689500919359175,4.934930078602197,0.08631128817796707,0.9492372870445251,-0.30248790979385376
8725,8725,1,0.99360657,262.6241330537078,89.53867385321831,767.4102369807665,0.0632899702529395,4.733698030500515,0.08333181589841843,0.9472495913505554,-0.30947381258010864
8726,8726,1,0.9960996,260.8031088137495,88.4069834024633,758.0513052747127,0.06822768899911805,4.620958408601627,0.08557970821857452,0.9452422857284546,-0.31494954228401184
8727,8727,1,0.99679154,257.86085142422525,86.28314831826715,747.1800115751907,0.06869323568655583,4.649766852030342,0.08689936250448227,0.9485974311828613,-0.30432119965553284
8728,8728,1,0.99647814,257.34704101010516,86.53300553793609,745.9405489676709,0.07187873922199094,4.786017203541363,0.08283407986164093,0.9534693956375122,-0.28988730907440186
8729,8729,1,0.9963838,262.8319726993157,87.92155050254435,760.1271162112657,0.06708339473065016,5.040304030511409,0.07501273602247238,0.9585367441177368,-0.27491888403892517
8730,8730,1,0.99672204,259.8194170257531,87.42807831073458,752.1628058673832,0.09885009096859047,5.162469808670034,0.06350930780172348,0.9636409282684326,-0.2595432698726654
8731,8731,1,0.9967572,263.1045539157945,87.01383010294508,759.8145397094304,0.14071867754182055,5.265288119893308,0.04508546367287636,0.9656171798706055,-0.256028950214386
8732,8732,1,0.9967154,259.9503534905749,87.12293398275555,754.1651763909309,0.191155270470664,5.272390301510144,0.029785839840769768,0.9670474529266357,-0.25284773111343384
8733,8733,1,0.99656624,263.02942742905014,87.93543075582447,762.0836988267329,0.2412863619845051,5.1670610755938045,0.011575276963412762,0.9633973836898804,-0.2678273916244507
8734,8734,1,0.9955531,266.7590326842663,90.22668824118334,775.7482687538809,0.2674527033059746,4.999002808291328,0.0012905736221000552,0.9562234282493591,-0.2926347851753235
8735,8735,1,0.9951574,263.2161711113426,90.29640287665836,767.9393975478257,0.27037191962665746,4.774738735637423,0.0046219369396567345,0.9507308602333069,-0.30998310446739197
8736,8736,1,0.9939296,263.63309432528996,91.11831013568231,768.6676570367302,0.2697204360704225,4.61078035810601,0.006114853546023369,0.9446896314620972,-0.3279086649417877
8737,8737,1,0.99430865,264.75317001984945,90.66243252031079,769.8033476934421,0.24831608073515613,4.571085712268578,0.014016758650541306,0.9429938793182373,-0.3325147330760956
8738,8738,1,0.9940708,267.36326275969424,91.83914319654794,778.5552967104395,0.19159260636270758,4.626322804162813,0.0333147868514061,0.9428964853286743,-0.3314156234264374
8739,8739,1,0.9947805,267.8284293783878,92.93561155835305,780.4361339529554,0.1363739077604805,4.658300303934707,0.05359349399805069,0.9430580139160156,-0.32828229665756226
8740,8740,1,0.99410444,270.16908509731155,93.83889433471973,782.5686097089812,0.0908685469807725,4.555169130011272,0.07143287360668182,0.9376999139785767,-0.3400239050388336
8741,8741,1,0.9949104,272.6880524550841,90.50111684788124,779.6667988094988,0.07266924921009527,4.357810848692094,0.08113444596529007,0.9296947717666626,-0.3592837154865265
8742,8742,1,0.9962302,275.39556021894686,90.08204422754288,777.1175522754703,0.11720136381935646,4.29783439839662,0.06250207871198654,0.9285809993743896,-0.3658290207386017
8743,8743,1,0.99636495,282.77796511240336,88.30606032457679,785.5337617632819,0.1469375219722967,4.344216919828974,0.04374260827898979,0.9294790029525757,-0.3662722706794739
8744,8744,1,0.99728644,286.2968592107951,86.78354548050766,779.0244823202944,0.14655459203776589,4.536688463920947,0.038123730570077896,0.93979412317276,-0.3396080732345581
8745,8745,1,0.9973361,288.46697720288597,84.96680192855042,776.7853852516764,0.06034657137589838,4.868388313061788,0.0631474032998085,0.9514252543449402,-0.30133435130119324
8746,8746,1,0.99656624,300.35149761860083,87.3896439548174,794.5883369983327,-0.13795451109663512,5.229652527718052,0.11598749458789825,0.9545027017593384,-0.274720698595047
8747,8747,1,0.9970536,307.89977883003206,86.11177228207475,792.0115846963804,-0.49669996765701546,5.434727746359208,0.21929588913917542,0.9440513849258423,-0.24632547795772552
8748,8748,1,0.99711645,312.7756616973657,85.00928396510555,796.0107955280577,-0.959250349683491,5.497653720720641,0.34571337699890137,0.9100995063781738,-0.22847582399845123
8749,8749,1,0.9965281,328.32377818755816,85.2927087350987,819.2671792237693,-1.302500911968811,5.074987905809138,0.4509967863559723,0.8544871211051941,-0.2577860951423645
8750,8750,1,0.99666816,333.5834919450886,86.36711518322291,821.9982639204608,-1.3713399567973068,4.2175003551682515,0.5275304317474365,0.7856975793838501,-0.32309603691101074
8751,8751,1,0.9960985,342.1326088257754,85.78762185377728,825.8771282828639,-1.410813270050069,3.6514397251260826,0.5774767398834229,0.7261320352554321,-0.37316620349884033
8752,8752,1,0.99189985,333.9914192206869,86.64649041906512,790.7592483693911,-1.3679216547501822,3.433767452314684,0.5945779085159302,0.7111773490905762,-0.37510520219802856
8753,8753,1,0.98992646,348.12632059814064,87.30360160680475,801.8801862806637,-1.472693613516115,3.473283660809768,0.6083313822746277,0.7020254731178284,-0.37026095390319824
8754,8754,1,0.9943507,337.425601313826,83.89025466968194,772.9622898758865,-1.4490496016651653,3.5264865636996636,0.6065071225166321,0.7150606513023376,-0.34761664271354675
8755,8755,1,0.98930234,351.5154220763587,83.764837427285,796.9417852687878,-1.7455646796921183,4.022719495109019,0.6207996606826782,0.7249561548233032,-0.29840654134750366
8756,8756,1,0.98858356,342.7877788044672,82.5245877463641,775.3870840983794,-1.7363782915532993,4.00106569150498,0.6261453628540039,0.7248865365982056,-0.28719598054885864
8757,8757,1,0.9889737,343.84446169679126,82.94566589645,771.1030384438922,-1.8941901984475351,4.267631776251391,0.6353344321250916,0.7287053465843201,-0.25561437010765076
8758,8758,1,0.9937722,347.1030173344268,82.87155061293896,777.8084814071575,-1.9612646676141474,4.293451496398326,0.643629252910614,0.7220591902732849,-0.25371623039245605
8759,8759,1,0.9943066,351.7803330928343,83.52181230286187,786.6400861983362,-1.9371642929636483,4.021025302755082,0.6581096053123474,0.6993564367294312,-0.27891287207603455
8760,8760,1,0.9936999,353.18467840140676,83.41313885021191,788.9384917764704,-1.7988392295088402,3.711257221038468,0.6563674211502075,0.6863021850585938,-0.31332284212112427
8761,8761,1,0.9914465,354.88579314305366,87.23070522557573,798.6843306372226,-1.6402399440142517,3.363449514322312,0.6520881056785583,0.6658932566642761,-0.3624463379383087
8762,8762,1,0.9943904,357.7951775075756,87.9431343862284,814.7580301274912,-1.4581417893309552,3.0537168650102453,0.633367121219635,0.6491745710372925,-0.4212108552455902
8763,8763,1,0.9944141,354.1427393132636,87.71335042328911,819.5408798229264,-1.3105070195883963,2.9214252782174737,0.6083741188049316,0.6500803232192993,-0.45527637004852295
8764,8764,1,0.9925849,357.5121701620933,92.88099553678303,845.0478303502085,-1.251234566203914,3.030123946296387,0.5779901742935181,0.6678263545036316,-0.4689728021621704
8765,8765,1,0.99551105,351.0434984014182,93.86461845636178,852.3360131808448,-1.1188285961060187,3.144652844785715,0.533096194267273,0.6993733048439026,-0.47611501812934875
8766,8766,1,0.99664414,342.7759902768889,91.56548202576157,834.9253762151315,-1.010559411416023,3.314312849748298,0.49362897872924805,0.7404769659042358,-0.4560968577861786
8767,8767,1,0.99679875,319.69674931968854,89.66509412802536,793.6893882602143,-0.8309543553522022,3.319878275539291,0.45489880442619324,0.7721550464630127,-0.44367074966430664
8768,8768,1,0.99768484,312.9109145779343,88.13319862993478,782.3635766384764,-0.7424739074420049,3.395891203753108,0.4234735071659088,0.7951413989067078,-0.43407419323921204
8769,8769,1,0.99817455,309.72459607755843,86.8938689745835,776.8627324579114,-0.6114931658856778,3.41323194804708,0.3761405944824219,0.8155705332756042,-0.4397306740283966
8770,8770,1,0.9955877,311.97094218761885,84.99542663010158,782.9723902466927,-0.5605979994259636,3.4478863071165193,0.35084328055381775,0.8246938586235046,-0.44360917806625366
8771,8771,1,0.9963278,313.91929121515955,84.91160129636826,795.4801595952599,-0.5991194317484546,3.5126055682730892,0.35799843072891235,0.8233264684677124,-0.44042107462882996
8772,8772,1,0.996579,320.7409651828837,85.9843649624459,815.7201553689177,-0.6577941366368442,3.6770898995543386,0.3611036539077759,0.827884316444397,-0.4291989505290985
8773,8773,1,0.99577737,305.2934351913638,84.52539193891096,787.9017954919356,-0.639266297040707,3.5994662579011067,0.3737642765045166,0.8271628618240356,-0.4196450114250183
8774,8774,1,0.99622935,303.9373022509505,85.96364743705878,796.1442467817178,-0.6694198298135839,3.5269813434114097,0.390423446893692,0.8130974173545837,-0.43178945779800415
8775,8775,1,0.9978016,305.6211907659105,87.98822652388458,804.9795977812734,-0.7022901411932918,3.5645335003794054,0.3976213037967682,0.8101186752319336,-0.4308190941810608
8776,8776,1,0.9971455,299.4460879755063,87.17472703513998,790.6669948799678,-0.7053249064628512,3.3110625453267843,0.4244978725910187,0.7846580743789673,-0.451788991689682
8777,8777,1,0.99686146,304.70270686076213,88.53283482529677,808.378971586902,-0.7395648896931611,3.2560521519690857,0.4350776672363281,0.7690221071243286,-0.46830809116363525
8778,8778,1,0.99684453,306.8066952663541,88.3414304898533,817.2463000454458,-0.7307433108375528,3.3475267774478543,0.4217931628227234,0.7792145609855652,-0.46358948945999146
8779,8779,1,0.9962973,295.3370373237611,86.80604218577143,787.0994305761634,-0.6383050982625189,3.1669498047872366,0.41442781686782837,0.7764480710029602,-0.47474002838134766
8780,8780,1,0.9968286,303.12176855422064,89.58755628619478,806.7628484448188,-0.7130486064807087,3.348681727078718,0.4198801815509796,0.7834398150444031,-0.45817330479621887
8781,8781,1,0.99650913,302.6990840515027,89.71966780651063,805.147136613467,-0.7672309966722288,3.63352284522889,0.417485773563385,0.8074153065681458,-0.41687673330307007
8782,8782,1,0.99686414,299.7337870870693,88.30653232399192,796.2536764402163,-0.8170122173349258,3.825369969341675,0.4221624433994293,0.8210570812225342,-0.38424497842788696
8783,8783,1,0.99728537,308.47235001767535,90.16452408324888,817.1937392849527,-0.9723394989125963,4.317281192429838,0.42686644196510315,0.839133083820343,-0.33710652589797974
8784,8784,1,0.9971751,304.9239320633098,89.4313386890338,806.5481541477598,-1.102162938141725,4.876851394519075,0.42658692598342896,0.8617892861366272,-0.2744865417480469
8785,8785,1,0.997336,307.67749961889723,89.74829550052425,813.4194144186758,-1.1310266390736279,4.763697095085082,0.4401501715183258,0.8511021137237549,-0.2861696183681488
8786,8786,1,0.9972191,302.8655776863509,88.63202285233565,801.1197410539025,-1.001962467922184,4.157571131860338,0.45170316100120544,0.825023353099823,-0.3395596444606781
8787,8787,1,0.9969416,301.3951687060177,90.34993622430359,797.5494023283209,-0.882465293862912,3.771603215411624,0.4468328356742859,0.8069410920143127,-0.3862467110157013
8788,8788,1,0.9968913,304.8355890141588,89.37471910722064,810.9743572210815,-0.8667055150196412,3.4923546317060232,0.4595932066440582,0.7781219482421875,-0.42813602089881897
8789,8789,1,0.99652845,303.15395774334564,89.77296538746907,810.6482911087433,-0.8187321881571794,3.277924853971435,0.46204185485839844,0.7591205835342407,-0.4585338532924652
8790,8790,1,0.9958022,303.4606728984516,89.07913861580538,812.6389146504125,-0.7318675517603166,3.0690699960669074,0.4474320411682129,0.7438697218894958,-0.4964498281478882
8791,8791,1,0.9938735,297.1384700318307,87.1193354391771,796.3442291876512,-0.6638638242795618,2.942281514350292,0.4393450915813446,0.7399163842201233,-0.5094111561775208
8792,8792,1,0.99490297,289.7390065317647,83.81772184235949,780.9296483600432,-0.6223845300734526,2.8831888378154837,0.435687780380249,0.7416945099830627,-0.509966254234314
8793,8793,1,0.9924138,291.8211807254224,84.99999695550868,789.9144056188833,-0.6075540445304994,2.8537658662170218,0.42917776107788086,0.7364017963409424,-0.522990345954895
8794,8794,1,0.99353653,283.2251383449729,80.55630948688439,772.5832846329863,-0.5847604264265642,2.768888293605586,0.43587207794189453,0.7323040962219238,-0.5232077836990356
8795,8795,1,0.9935655,285.32617976790243,81.61505360374228,788.6557599250181,-0.6183171177131204,2.7974008798758545,0.442143976688385,0.726289689540863,-0.5263193845748901
8796,8796,1,0.9936008,280.5158761457485,80.69432073430879,777.2305621852119,-0.6137054235627855,2.78575710298469,0.4470629394054413,0.7281529307365417,-0.5195460319519043
8797,8797,1,0.9921183,284.15538890705324,81.74135585249398,791.7715274619612,-0.6831280877730879,2.881340596929956,0.46027737855911255,0.7281316518783569,-0.5079065561294556
8798,8798,1,0.9913566,279.13269332327314,79.98427030708437,778.2715845551685,-0.6729662177745666,2.846093426941101,0.4653080701828003,0.7280802726745605,-0.5033760666847229
8799,8799,1,0.991676,276.7641924712275,79.02314107923037,770.2676995377101,-0.670299685507837,2.856593602188309,0.46649372577667236,0.7323746681213379,-0.4959949851036072
8800,8800,1,0.99246985,277.51055740234017,78.44779583066384,772.1202052896791,-0.6657631549091991,2.8389134918098615,0.46519923210144043,0.7302871942520142,-0.5002703070640564
8801,8801,1,0.9942766,278.9259713638605,78.86765389389849,774.9781186074914,-0.6662566615457791,2.7857778222465424,0.468414843082428,0.7214359045028687,-0.510017454624176
8802,8802,1,0.9937955,277.6016501015628,77.88031704505141,769.3317597734076,-0.6366206578061607,2.7347058650868887,0.4633338451385498,0.7198982834815979,-0.516786515712738
8803,8803,1,0.9919258,280.04552694121526,79.71133428246361,781.1624220915701,-0.6591803410755268,2.761971202963362,0.465831458568573,0.7166560292243958,-0.5190426111221313
8804,8804,1,0.9895433,276.49972630868183,80.57893075030962,775.1716978478856,-0.6326183345054465,2.714185244408388,0.4638563096523285,0.7136239409446716,-0.5249554514884949
8805,8805,1,0.9933873,277.93958738621075,81.51352644139256,789.281017425294,-0.6405728446596202,2.838527476976607,0.45264941453933716,0.7269824147224426,-0.5163382291793823
8806,8806,1,0.9925444,273.7958269053501,81.51833492324646,783.7188295109871,-0.6217623449033797,2.89273007353713,0.44513553380966187,0.7384297251701355,-0.5065332651138306
8807,8807,1,0.99316436,274.8412365884508,86.10469823847092,801.6458834525546,-0.6158277340491171,2.9885535793509206,0.43206900358200073,0.7454166412353516,-0.5076125860214233
8808,8808,1,0.9895655,273.39421026937106,86.89057743365652,802.4216199175042,-0.5996708776517535,3.1024077721557908,0.4179959297180176,0.7622145414352417,-0.4942757785320282
8809,8809,1,0.9856887,269.85558672071846,87.58261052076615,802.8916700128757,-0.5782775669435334,3.12630517233331,0.4106096923351288,0.7668443322181702,-0.49330464005470276
8810,8810,1,0.98740256,261.68285177571573,86.5401999889305,784.2554381667431,-0.4714500602364456,3.13654543805548,0.37664949893951416,0.7866513133049011,-0.4891982078552246
8811,8811,1,0.97792244,268.45454587055946,89.7506011111635,820.8083878614475,-0.44485125289732635,3.408012039481787,0.3365468978881836,0.8099963068962097,-0.4802522659301758
8812,8812,1,0.97557276,263.7604913387959,90.56823116235661,813.513932473253,-0.3240283966112455,3.5281461143161534,0.28457212448120117,0.8362769484519958,-0.46867865324020386
8813,8813,1,0.982633,266.448313300476,91.94082976571461,838.1989213366118,-0.22887248625578668,3.998004438038084,0.21665062010288239,0.8767899870872498,-0.42930394411087036
8814,8814,1,0.9861731,270.1743003630822,96.321974500988,853.7129465568484,-0.07138716279720443,4.173838988645277,0.14387576282024384,0.8931859731674194,-0.42604994773864746
8815,8815,1,0.98463875,268.22315232755585,99.77977476297481,846.748634721735,0.07557877779366047,4.347717713837542,0.0825142115354538,0.910017728805542,-0.4062746465206146
8816,8816,1,0.9892509,267.52351844207436,100.50546607742872,840.1301605936784,0.2110358854864082,4.370272393785707,0.028929181396961212,0.9147622585296631,-0.4029555022716522
8817,8817,1,0.98140275,267.8667549854011,104.24962234142184,829.8457176067835,0.27133828783311054,4.174059224243044,0.0065924981608986855,0.9059333801269531,-0.42336899042129517
8818,8818,1,0.9859556,274.7947287239635,105.37797297875706,851.8895275296136,0.32121090968376076,4.1880048645496615,-0.01960655488073826,0.8993723392486572,-0.43674367666244507
8819,8819,1,0.9915891,277.735857731273,107.35770116315909,853.2755318324884,0.3437441319973063,3.9827934496891353,-0.030497603118419647,0.884181797504425,-0.46614640951156616
8820,8820,1,0.9914137,273.4193779471277,104.90727253006922,841.4203312331965,0.3712450426355237,3.7452023363569933,-0.03833097964525223,0.8696615695953369,-0.4921579658985138
8821,8821,1,0.9901612,276.65410855803634,107.52189825180177,850.2929831671296,0.3881042456338578,3.7478506592521628,-0.048570942133665085,0.8655359745025635,-0.49848610162734985
8822,8822,1,0.9891254,272.9000697655179,107.63256441612738,837.8752449516852,0.42304735696160994,3.608984475920725,-0.06160258129239082,0.8568587303161621,-0.5118576884269714
8823,8823,1,0.99266607,282.3339339067211,111.7241419325472,863.0930328225818,0.43162399699087556,3.705520955218645,-0.07282046973705292,0.8544037342071533,-0.5144818425178528
8824,8824,1,0.99129534,285.5158685037438,110.56611065720726,867.4768892984554,0.4132100624184432,3.670723170630113,-0.06714621186256409,0.8503522872924805,-0.5219122171401978
8825,8825,1,0.995194,289.87873622309166,111.9340301079046,871.0297275894109,0.3705220561345115,3.7366480596159914,-0.051583848893642426,0.855972945690155,-0.5144408941268921
8826,8826,1,0.9952859,290.52370148948336,113.56948859157052,870.2415091151728,0.3533548230070439,3.8242219124387793,-0.044666893780231476,0.8640095591545105,-0.5014902353286743
8827,8827,1,0.99654263,287.861210090239,112.15995864186966,855.2937091776295,0.33438171262178995,3.8226618272657205,-0.03426424413919449,0.8701030015945435,-0.49167749285697937
8828,8828,1,0.9959508,293.6389653812791,111.63854968010718,861.7714766682703,0.3129514890994942,3.939117582205099,-0.029991621151566505,0.8775403499603271,-0.47856393456459045
8829,8829,1,0.99392265,291.8480235331344,111.24784763928541,852.1439599838604,0.32688300904751827,3.843155343750992,-0.0343669094145298,0.8731536269187927,-0.48623207211494446
8830,8830,1,0.9941023,296.1597794674041,112.6714510810433,863.1257942892036,0.32800897898841663,3.908843368427402,-0.03849482163786888,0.8741157650947571,-0.4841897785663605
8831,8831,1,0.9953635,295.4272226056648,112.78266007347175,862.483085128064,0.35751321593707225,3.8934309850946214,-0.05072706565260887,0.8723329901695251,-0.48627355694770813
8832,8832,1,0.9953518,294.23201034386943,112.6059139598449,859.4820227201375,0.388604044551889,3.788684609591591,-0.06356004625558853,0.8638538718223572,-0.49971655011177063
8833,8833,1,0.9956683,291.878565845364,112.4558375640907,851.8172344481578,0.38792461748664,3.7674398612564466,-0.06151274964213371,0.8649925589561462,-0.49800002574920654
8834,8834,1,0.9937443,292.43960703895044,111.52554059284323,853.0659350646018,0.3872874036123837,3.7233662458493306,-0.061699651181697845,0.8609095215797424,-0.5050029158592224
8835,8835,1,0.99686086,293.6524385405048,113.64272421058025,857.1285567674987,0.38350558934060086,3.8233697458680833,-0.06086352467536926,0.8676072359085083,-0.49351125955581665
8836,8836,1,0.9957146,290.03993095469565,110.24897798015705,847.6386734978458,0.3769833350784643,3.9847293126842955,-0.054935626685619354,0.8844742178916931,-0.4633438289165497
8837,8837,1,0.9971698,292.28890390693556,107.22785984402879,855.8952742025522,0.32946304507795665,4.187286066575786,-0.036648545414209366,0.8973190784454346,-0.4398583471775055
8838,8838,1,0.9969002,292.4316885275305,107.17709537672481,859.3899202657466,0.2672515818747197,4.4682909152966745,-0.012939304113388062,0.9137840270996094,-0.4059942960739136
8839,8839,1,0.99554056,293.5758004740369,107.26428206331174,857.1378848712216,0.17265282891799552,4.6642091323074695,0.020875751972198486,0.9246532320976257,-0.38023751974105835
8840,8840,1,0.99346983,272.8058072532344,99.22623465062973,794.1589944276878,0.1552964559807306,4.450615923354132,0.04633414000272751,0.9308992028236389,-0.36232560873031616
8841,8841,1,0.99164575,272.1703497316915,98.0374879156992,787.5889547647038,0.10507280018041414,4.24160062353021,0.07136257737874985,0.9216517210006714,-0.3813994228839874
8842,8842,1,0.99507964,262.0962660790927,90.9727336917867,756.7331084059587,0.21711146820157948,3.276714490398887,0.05113432556390762,0.8646271228790283,-0.49980518221855164
8843,8843,1,0.995063,248.9972797502413,80.05279814267858,737.981104746912,0.49538131132296565,2.165078134424251,-0.08237410336732864,0.7067056894302368,-0.7026959657669067
8844,8844,1,0.99650156,237.77937073257306,73.52128556970689,713.1401388637438,0.6580213731492472,1.4495534255676987,-0.18567417562007904,0.5204294323921204,-0.8334736824035645
8845,8845,1,0.99259806,234.90754660168105,66.04037720690486,718.86791557971,0.7248530326602706,0.9233807819977585,-0.22890348732471466,0.32611653208732605,-0.9171975255012512
8846,8846,1,0.9916333,233.58427141107586,62.224300361181804,721.0784687283596,0.7656011300045703,0.5685026130833288,-0.25097769498825073,0.18202653527259827,-0.950724184513092
8847,8847,1,0.99343574,235.17762030212793,61.43296482736895,723.2671121351254,0.780308063247282,0.42555963770863625,-0.25940510630607605,0.12223197519779205,-0.9580022692680359
8848,8848,1,0.9927226,238.81856070101935,62.289767700149355,730.9211756098448,0.7791430181840272,0.33335537450856734,-0.258256733417511,0.08189120143651962,-0.9625992774963379
8849,8849,1,0.99187005,237.9984370953808,63.13055458749233,721.8610791474651,0.7742384310088453,0.26920888260677256,-0.25504782795906067,0.05540032312273979,-0.9653400778770447
8850,8850,1,0.99121135,248.4380491240643,65.13263754423694,752.9815958699634,0.7879922596137381,0.27068041220572037,-0.2669092118740082,0.0504276305437088,-0.9624014496803284
8851,8851,1,0.99363965,244.79339286386963,65.03562025342323,738.8730955883897,0.8144004637186598,0.25536102037904146,-0.28408291935920715,0.04453987255692482,-0.9577645659446716
8852,8852,1,0.99551755,243.07555662897371,65.72837509893094,731.2111930413026,0.7700240414352119,0.36200237859570067,-0.2583880126476288,0.08911602199077606,-0.9619220495223999
8853,8853,1,0.99469095,246.45233770905443,67.39728375522573,738.1025422030888,0.6456924910113994,0.6823753436326229,-0.18036682903766632,0.22405143082141876,-0.9577414393424988
8854,8854,1,0.9933077,245.37175259949603,67.70585045346263,733.8019321324273,0.508439823455725,1.21693305685571,-0.08424413204193115,0.4443640112876892,-0.8918764591217041
8855,8855,1,0.99346656,246.42167265876435,75.69981244291331,715.3538687724104,0.3477739734717972,1.8646862269234843,0.021437525749206543,0.6582393646240234,-0.7525034546852112
8856,8856,1,0.9962586,257.4897415634962,79.70333750088764,723.2050449782663,0.0908789334238641,2.5578475255908293,0.14913959801197052,0.7893210649490356,-0.5955917835235596
8857,8857,1,0.99668044,268.4042193326151,82.21390988093418,742.6592410317039,-0.185575751379878,3.197407597464901,0.24642673134803772,0.843877911567688,-0.4765962064266205
8858,8858,1,0.99745864,292.6892380928813,85.66438180285759,791.9160809468426,-0.4974135641582424,3.756474806190295,0.3183853030204773,0.853373110294342,-0.4127773642539978
8859,8859,1,0.9968933,301.29705541987215,87.57066183934084,795.7719560274562,-0.6739109565940362,3.478669764659655,0.3980197012424469,0.8064436912536621,-0.4372973144054413
8860,8860,1,0.9969453,309.2540140020979,88.34568443759805,805.586658616228,-0.7933192354888589,3.2710598155864203,0.4502863883972168,0.7655807733535767,-0.4594869911670685
8861,8861,1,0.9957416,310.642250874479,91.0039329522316,802.8911291193955,-0.8120479660302111,3.080381055914991,0.4727812111377716,0.7383428812026978,-0.4809654653072357
8862,8862,1,0.99593395,310.34049544021553,91.48781883969089,799.3598387944975,-0.8031582914838225,2.888686011697364,0.48668816685676575,0.7128086090087891,-0.5050134062767029
8863,8863,1,0.9957889,309.1345013083003,91.01743184246168,796.9362630000919,-0.736947779233632,2.756872608286147,0.4747130572795868,0.7026652693748474,-0.5300086140632629
8864,8864,1,0.99426454,310.67948506470526,92.63752015524096,798.1453827531169,-0.6944413801307805,2.6909937800134403,0.46300387382507324,0.6973456144332886,-0.5471166372299194
8865,8865,1,0.9911481,318.76553646753877,94.24888335439736,817.9439481557027,-0.707371248140734,2.735272550055885,0.45434656739234924,0.6974284648895264,-0.5542227625846863
8866,8866,1,0.9920155,313.9267078896838,93.31245949849563,801.433650802083,-0.6919228377280354,2.804152593091893,0.44985902309417725,0.7155990600585938,-0.5343640446662903
8867,8867,1,0.99415463,310.09489310391575,93.9601909761788,789.553380926966,-0.731913854573126,2.979462714049361,0.4561101496219635,0.7387891411781311,-0.49613937735557556
8868,8868,1,0.99394554,315.50104889304436,95.4597651773921,804.171719041079,-0.8434074067053068,3.3443869675101716,0.4598207473754883,0.7671951055526733,-0.4471873939037323
8869,8869,1,0.9926448,311.2240251454909,94.86253422525283,796.1039464978943,-0.8840220146425006,3.714692952885189,0.4472559094429016,0.8030282258987427,-0.3938373327255249
8870,8870,1,0.99475443,321.2404747604074,97.62019091194834,822.9611594629168,-0.8176385379419749,4.076473971425998,0.3898262679576874,0.839476466178894,-0.3785693347454071
8871,8871,1,0.99370813,314.33146072498823,101.60138511966348,813.020464640073,-0.6780503072576843,4.227619888741309,0.3392924666404724,0.8666498064994812,-0.3657851815223694
8872,8872,1,0.99320775,312.0832263450971,101.98078991061273,813.5048966968294,-0.49746410218475967,4.263214758501081,0.2751779854297638,0.8861237168312073,-0.3729099929332733
8873,8873,1,0.99638593,315.2370851300015,103.13214362004248,827.2466643576985,-0.45844119558973334,4.184107334799574,0.26220324635505676,0.8811361789703369,-0.3935079574584961
8874,8874,1,0.9949056,316.59943094439285,103.04362373921863,835.562717741344,-0.5258235102667805,4.131058704317967,0.2882996201515198,0.8695032000541687,-0.40105804800987244
8875,8875,1,0.99681526,313.9935701963925,103.06113865462324,828.7973854916096,-0.650495905343801,3.9993642492232495,0.3436410129070282,0.84799724817276,-0.4034990966320038
8876,8876,1,0.9966605,308.7997520776495,97.9046741109961,808.3320956663048,-0.7534061795807019,3.681256257085017,0.4068261384963989,0.8125048279762268,-0.4175265431404114
8877,8877,1,0.9943175,318.7477958396978,96.41302274289193,825.3581690086309,-1.0031280914885816,3.435061172070228,0.49885308742523193,0.7501428127288818,-0.4340869188308716
8878,8878,1,0.9958469,334.16583030271505,97.35084730039439,859.0295490425455,-1.1208390020395218,3.2371410314062534,0.5354611873626709,0.703643798828125,-0.4670833349227905
8879,8879,1,0.99549246,318.4126106912901,96.67004721104104,832.4055681332528,-1.0582452825144468,2.933982549588004,0.5556554794311523,0.671875,-0.4897255301475525
8880,8880,1,0.9962296,314.301449061793,97.40855239940652,832.3385143232287,-1.0244093559086083,2.8084315456517746,0.5582898855209351,0.6555835008621216,-0.5084514021873474
8881,8881,1,0.9959645,313.2074116555143,95.57296417685872,832.5932483571515,-0.9796541092423104,2.7572496423921526,0.5485745668411255,0.654362678527832,-0.5204570293426514
8882,8882,1,0.9964316,307.61387219655563,96.2577570290124,821.4949572603123,-0.8992792794938186,2.714885671577352,0.5323576331138611,0.6605446338653564,-0.529411256313324
8883,8883,1,0.9927711,306.031765997691,96.84710365288555,818.3411688363027,-0.8565340860064515,2.700271109740586,0.5210902094841003,0.6646636128425598,-0.5354318618774414
8884,8884,1,0.99172544,298.87050275730167,95.95007211651505,805.9453722046011,-0.765649994060856,2.710959130383679,0.4956778585910797,0.6822910904884338,-0.5373848080635071
8885,8885,1,0.9928885,304.7649656389921,97.8483216879195,832.2308169805469,-0.7537208802248427,2.8323427435437196,0.47183161973953247,0.695946991443634,-0.541325032711029
8886,8886,1,0.99487394,298.9134108909064,95.80741640943471,812.8763015938002,-0.6482884392701211,2.7787882876366816,0.4441404342651367,0.7080963850021362,-0.5489433407783508
8887,8887,1,0.9950658,305.54164811851166,96.00668458955528,829.3983148895139,-0.6406805597189801,2.91295996004681,0.4222964644432068,0.7259728312492371,-0.5427975654602051
8888,8888,1,0.99488515,302.578749077591,95.60021829958647,821.2165317732271,-0.6032450857783487,3.045974685763805,0.40118029713630676,0.7524150013923645,-0.5224233865737915
8889,8889,1,0.99461406,304.3543738519686,96.30046725238333,831.6778809909497,-0.6007882062390593,3.2084290662375006,0.3851575255393982,0.7709748148918152,-0.5071996450424194
8890,8890,1,0.9953225,299.67222969331027,95.3425925384084,815.252099222264,-0.5459835132014698,3.2726237225959522,0.3648640215396881,0.7903409004211426,-0.49217426776885986
8891,8891,1,0.99396175,299.38068977119894,95.04300161672332,821.1535002055415,-0.5377731033266827,3.448866660702369,0.34844401478767395,0.8095232248306274,-0.47250285744667053
8892,8892,1,0.9939666,301.41788205969084,95.1489943206634,827.4951967644387,-0.5030239645699434,3.479668254007129,0.3303557336330414,0.8151118159294128,-0.4758759140968323
8893,8893,1,0.99399084,299.62660756605516,94.39970534512133,823.4667131783486,-0.479150510138456,3.4498611946867284,0.32455015182495117,0.8156567215919495,-0.47892725467681885
8894,8894,1,0.9943757,297.1207830755083,93.98082123983352,816.9282994704737,-0.4467483899911253,3.387458934677854,0.31824779510498047,0.8141341209411621,-0.48569950461387634
8895,8895,1,0.99573165,297.697707907356,94.8309648589132,822.6597867583456,-0.4772897418196273,3.444754601187849,0.3258119523525238,0.8150206804275513,-0.4791533946990967
8896,8896,1,0.99541193,295.92564836313994,94.7045168074407,814.4006487682444,-0.5223519405374825,3.4782520021453562,0.3437883257865906,0.8158825635910034,-0.4649142920970917
8897,8897,1,0.99621385,295.4618901260131,95.46580111832192,816.0541840748268,-0.6005234006354637,3.609201991733549,0.3647014796733856,0.8193984627723694,-0.44224318861961365
8898,8898,1,0.99609715,295.10447096672516,94.71307824457676,815.5825799747254,-0.682233111126691,3.8153890958535794,0.37955042719841003,0.8294810652732849,-0.4097592830657959
8899,8899,1,0.9964078,294.02821496271315,94.07463565245705,811.0425988304378,-0.7350156709680499,3.831884617449532,0.39761751890182495,0.8255805969238281,-0.40039610862731934
8900,8900,1,0.99605894,295.48488179684887,94.39939492166137,815.1867315714403,-0.7277375155876579,3.7192499714377294,0.4020446836948395,0.8151521682739258,-0.4169977307319641
8901,8901,1,0.9950482,300.6806557757199,95.31949519103158,825.7916240992448,-0.7265145890197912,3.514125335739048,0.4122639298439026,0.7923468947410583,-0.44969427585601807
8902,8902,1,0.9954401,296.7364061985634,94.95400385755453,817.1536477578051,-0.6616566523789759,3.2620388981764403,0.4119199514389038,0.7731386423110962,-0.48226407170295715
8903,8903,1,0.9945247,296.1191972094472,94.80583756301967,813.0458474400449,-0.6101828265767579,3.0637272696128455,0.40866774320602417,0.7553439140319824,-0.5122951865196228
8904,8904,1,0.99435544,292.76868351262846,93.99529367332707,803.1940018450355,-0.5617643019051036,2.8556607495739508,0.4096660017967224,0.7346147298812866,-0.540846586227417
8905,8905,1,0.994206,296.1411008114863,94.29869865018314,812.3643598838021,-0.550225284136056,2.7159596293097428,0.4111432433128357,0.7112618684768677,-0.5701472163200378
8906,8906,1,0.9947471,297.9732283411915,93.96604965169462,814.3368941752393,-0.5424425090153674,2.585841125944571,0.41574040055274963,0.6898288130760193,-0.5927024483680725
8907,8907,1,0.99452955,297.9386674658279,94.17524010434585,816.9043591615551,-0.5576195592322799,2.561269498755351,0.4234897196292877,0.6822814345359802,-0.5959433913230896
8908,8908,1,0.9942621,297.6345250460061,93.80088750214179,813.7867290352111,-0.5580060362143007,2.5280289485007117,0.42708370089530945,0.6775181889533997,-0.5988060832023621
8909,8909,1,0.9950847,293.5390291773611,92.69038262350664,800.2417166073404,-0.5786908433222888,2.507886417574304,0.4436872899532318,0.675722062587738,-0.5886776447296143
8910,8910,1,0.99520797,294.6044449476553,92.19650817384439,804.6882427282891,-0.5977074361769736,2.5508594937049325,0.44605574011802673,0.6797701716423035,-0.5821914076805115
8911,8911,1,0.9944959,289.94780389316173,92.14110360232803,789.3649090776461,-0.6013115024396988,2.5071845589677095,0.4585341215133667,0.6757978200912476,-0.5770995020866394
8912,8912,1,0.99511826,289.8983839752215,91.27023481621045,787.844587517597,-0.6698977019672117,2.500518504517602,0.48664212226867676,0.6654826402664185,-0.565961480140686
8913,8913,1,0.99389267,289.5189814840673,89.63943963983,786.8345413083553,-0.7381867296188345,2.5409617252456242,0.509166955947876,0.6636102795600891,-0.5480607151985168
8914,8914,1,0.9897022,296.7875946275163,87.47863310192547,797.76671524761,-0.8079114348225007,2.5794356099943014,0.5225726366043091,0.659580409526825,-0.5402514338493347
8915,8915,1,0.99184,302.5828849019237,83.80707340715774,805.3623384947746,-0.8789215636976578,2.6777759346281496,0.5319117307662964,0.6669313311576843,-0.5217975974082947
8916,8916,1,0.9932882,304.78353949913213,84.3736968134314,810.591535214034,-0.9154542749016689,2.8765523406355062,0.5249283909797668,0.6920446157455444,-0.49550431966781616
8917,8917,1,0.99387956,301.62271167674237,85.2927266672739,805.8564618801507,-0.8994581029885657,2.993683559692221,0.5131298899650574,0.71183842420578,-0.47956639528274536
8918,8918,1,0.99416554,303.06786611642593,85.98691162535083,814.0044908763939,-0.9755491948401913,3.117191448816712,0.5247153043746948,0.7156322002410889,-0.4610254764556885
8919,8919,1,0.99520314,301.3685612072386,85.69395369204959,807.4697047083909,-0.9281832647488739,3.168526792330345,0.507705807685852,0.730990469455719,-0.4559471905231476
8920,8920,1,0.99489695,294.4680699428499,85.51128817651056,787.5110054601827,-0.893892450142174,3.201584959196907,0.501753032207489,0.74383145570755,-0.44154125452041626
8921,8921,1,0.99417794,289.6044565783361,87.41034775252272,779.9194874908712,-0.7975561898849989,3.4834667448819374,0.4511314928531647,0.7913135290145874,-0.4126782715320587
8922,8922,1,0.9940707,291.1612893554587,91.85919970619948,794.6777515776099,-0.7072649161621082,4.008514847408353,0.3786136507987976,0.8478043079376221,-0.371321439743042
8923,8923,1,0.9925391,292.7123368278197,95.84937190731273,802.2528173610827,-0.5406818471513779,4.364079971023177,0.29744863510131836,0.8884981870651245,-0.3494213819503784
8924,8924,1,0.9954952,309.382285147457,105.82964140406462,854.5023928919653,-0.4955901475657647,4.973065371277999,0.23830001056194305,0.9149499535560608,-0.32569873332977295
8925,8925,1,0.993995,309.48780092084354,108.71442099119072,854.2999289731207,-0.3200634023459606,4.948353402052422,0.1810728758573532,0.9245487451553345,-0.3352941870689392
8926,8926,1,0.99360293,306.17268716902635,107.59363935375637,843.730846091134,-0.25301268415245204,4.792954706773199,0.16599656641483307,0.9231883883476257,-0.346653014421463
8927,8927,1,0.9941194,302.5205709385686,103.31262751210015,840.370496283349,-0.25395488723140347,4.925764012576014,0.1636783331632614,0.9296404123306274,-0.3301182687282562
8928,8928,1,0.9935667,298.06341375515063,103.42024299780475,838.9618443084936,-0.26721454659182836,4.872629934436437,0.1731906682252884,0.9265450835227966,-0.33394497632980347
8929,8929,1,0.9890436,300.9172673791143,105.57768286823875,855.858668835093,-0.22286683356722856,4.587555539681154,0.16549748182296753,0.9115365147590637,-0.3764462471008301
8930,8930,1,0.9911752,292.0403451208983,104.00192398736783,843.854299642661,-0.09026462654529217,4.21123762362528,0.13482584059238434,0.8985736966133118,-0.4175970256328583
8931,8931,1,0.9949699,287.1345418502995,104.06737751230632,845.9086334955165,0.08098757482027828,4.225775190216931,0.0690116360783577,0.9036152362823486,-0.42274922132492065
8932,8932,1,0.99601835,286.63151637626856,107.5145570369546,855.0626944660115,0.26078265732496475,4.341680594447334,-0.0051340521313250065,0.9080454111099243,-0.4188402593135834
8933,8933,1,0.99127847,278.5845835013119,105.4398249994545,847.8217257115963,0.4476074598392494,4.56785968842219,-0.07301697880029678,0.918586790561676,-0.3884158134460449
8934,8934,1,0.9919831,270.7874817167445,104.90429842231266,830.7540071111853,0.5567767053619247,4.610446363356683,-0.10914958268404007,0.9212920069694519,-0.37323909997940063
8935,8935,1,0.9923016,284.1846824225436,109.64182647111186,875.902143727128,0.5919360826554639,4.720925721285898,-0.1291937232017517,0.9121376276016235,-0.38899096846580505
8936,8936,1,0.9927409,282.5571411850173,113.12618561294806,873.2574547429793,0.6168851882721086,4.6613455076406325,-0.1385190635919571,0.9081991314888,-0.3949517011642456
8937,8937,1,0.989202,279.0871119768998,112.79142654143372,860.5516342216432,0.6305579948457362,4.672993325028164,-0.14143581688404083,0.9116110801696777,-0.3859548270702362
8938,8938,1,0.99216354,287.42572846102456,115.16572648929434,881.9296383304427,0.6522941890255775,5.014718233739447,-0.1486135870218277,0.9202691316604614,-0.36196503043174744
8939,8939,1,0.99115855,288.60789183297413,114.39751110807907,879.7135078886987,0.6852184771669186,5.358109436963684,-0.15457290410995483,0.9323687553405762,-0.32679620385169983
8940,8940,1,0.99408466,287.21493728340124,112.98095965997796,867.0297055753654,0.7121239966017094,5.517573001841964,-0.15983662009239197,0.9388468265533447,-0.30498993396759033
8941,8941,1,0.9957723,289.3900007330806,113.8568591548477,867.3709106534158,0.7206248214265317,5.595105871412206,-0.16247601807117462,0.9404747486114502,-0.29851090908050537
8942,8942,1,0.99872214,300.6102644793959,117.28918925571105,886.1090319075462,0.7049204956533149,5.863884641447718,-0.1591421216726303,0.9447445869445801,-0.2865859270095825
8943,8943,1,0.9974733,305.7830028340615,119.16788841033701,891.9902491708316,0.5540801900744712,5.757179015981691,-0.11747708916664124,0.9470725655555725,-0.2987520098686218
8944,8944,1,0.99672455,309.8115372662514,118.45049070319885,893.638094548607,0.4689449885718518,5.3662264460638465,-0.09625241905450821,0.9375828504562378,-0.33417633175849915
8945,8945,1,0.99689376,302.7143334069181,114.74134198817268,858.485267713474,0.42761779430273855,4.968362065285739,-0.08065607398748398,0.9323281049728394,-0.35250380635261536
8946,8946,1,0.9965977,306.0779979244823,113.98132340168075,854.2690810311187,0.38550379888694297,4.894155733069643,-0.0681256353855133,0.9314889311790466,-0.35733360052108765
8947,8947,1,0.9956215,310.0172909032651,112.93047386105577,858.1732221177413,0.4167153879107,4.873562598103158,-0.08217108249664307,0.9286604523658752,-0.3617149293422699
8948,8948,1,0.9960141,317.52007976594285,114.89449686369771,865.6162244568699,0.3934349478163797,5.076619277006289,-0.07770698517560959,0.9353013038635254,-0.3452146053314209
8949,8949,1,0.9979836,323.8530347256724,116.75826941522847,873.1974853822467,0.3446446094942222,5.280428833576529,-0.06407828629016876,0.9419569969177246,-0.3295617699623108
8950,8950,1,0.99829763,328.32121751600283,117.19183319660719,881.4580708274178,0.17407497230287716,5.518557876524387,-0.01010818500071764,0.9504950642585754,-0.3105751872062683
8951,8951,1,0.9977501,321.93280826581446,113.84976838572737,861.4378932640954,-0.0987362284823009,5.864742380174039,0.0763668566942215,0.9610932469367981,-0.2654579281806946
8952,8952,1,0.9979632,317.64483811488225,106.98106126419789,845.8037890005826,-0.3678197275064016,6.323171505780777,0.14673349261283875,0.9649044275283813,-0.21778151392936707
8953,8953,1,0.99620146,313.1464413273724,106.50673596833026,831.1978956714792,-0.4987081377058545,6.189443799404459,0.18988169729709625,0.9577320218086243,-0.21608862280845642
8954,8954,1,0.99717987,319.1762398216526,108.05041897344739,845.951477992866,-0.6517156500347426,5.973026595973085,0.23703736066818237,0.9426498413085938,-0.23499900102615356
8955,8955,1,0.9977018,323.15282755444076,109.09677700206157,861.3189848328433,-0.7656271497528725,5.283258889849128,0.29862505197525024,0.9084929823875427,-0.2923416495323181
8956,8956,1,0.99377537,314.0722004189616,110.07432214994486,849.0781889038808,-0.7533820682282566,4.401708586308491,0.35182738304138184,0.861137330532074,-0.36696043610572815
8957,8957,1,0.99495053,303.1061301157855,105.15506618972104,830.9215870189909,-0.7481195708430909,4.153508896711524,0.3739185333251953,0.8460084199905396,-0.3800719380378723
8958,8958,1,0.99411905,295.9888608029442,102.14729979163747,818.3220276056309,-0.6680123574840481,3.9702871299643765,0.3646114468574524,0.8424248099327087,-0.39671021699905396
8959,8959,1,0.9941684,293.9547347118215,101.32239964578976,820.8201470381094,-0.5806231820943094,4.01860105803618,0.3315306305885315,0.855111300945282,-0.3985876739025116
8960,8960,1,0.9926951,282.41930908696105,99.44296429944204,798.8238519997403,-0.4221147853002203,3.999925704246487,0.2840823233127594,0.8734665513038635,-0.3954155147075653
8961,8961,1,0.9922848,286.3914871615966,99.85119230839405,821.0737435373513,-0.2599691017387695,4.024868096913821,0.21512947976589203,0.8831238150596619,-0.41690725088119507
8962,8962,1,0.9949646,284.55717442991715,101.19540758966839,829.9061930665634,-0.15029919154036164,4.189736317811507,0.1654796004295349,0.8979999423027039,-0.4076918661594391
8963,8963,1,0.9951651,279.08560559820546,101.05286253789758,850.7062205711583,-0.0389887877456544,4.278270914998986,0.12152035534381866,0.9020430445671082,-0.41418731212615967
8964,8964,1,0.98582226,278.58409740374935,101.72129975023495,892.8981285044844,0.0209388726612955,4.555408293283147,0.09000761806964874,0.9080665707588196,-0.4090399742126465
8965,8965,1,0.9926564,271.9601814884449,102.85163938725175,884.827468227068,0.027784723241364485,4.787966229244375,0.08696392178535461,0.9215065836906433,-0.37850087881088257
8966,8966,1,0.9906233,258.0680231757728,100.43614684448391,851.7258986594092,0.066974699256444,4.509730384532883,0.08935568481683731,0.9165523052215576,-0.3898044526576996
8967,8967,1,0.99486005,269.3174981796761,100.01515191113138,891.4361048662296,0.02385670220194319,4.5870623926983365,0.09464581310749054,0.909889280796051,-0.40391042828559875
8968,8968,1,0.98643297,265.641054969977,97.09409597682935,862.4264121078057,0.025259137060853008,4.20008194632413,0.10764795541763306,0.8954588174819946,-0.4319322407245636
8969,8969,1,0.9911923,268.94976745031545,94.72104226999703,869.7396299601005,0.049837815795213646,4.043908950254581,0.0990130677819252,0.8839583396911621,-0.45696184039115906
8970,8970,1,0.99250096,250.20141673224018,89.33985354784774,798.98478675031,0.1573962230076934,3.529118634154582,0.0835023894906044,0.8700934052467346,-0.4857620894908905
8971,8971,1,0.99594104,247.6053484553373,87.6076703634908,788.2782761485972,0.21702669741466962,3.4232495399426233,0.060430269688367844,0.8660092353820801,-0.4963630139827728
8972,8972,1,0.9981123,250.80681553924808,87.3253506680342,784.7422734447472,0.22548626265721816,3.529278081273873,0.05126712843775749,0.8770996332168579,-0.47756460309028625
8973,8973,1,0.9967879,251.8331658285882,87.63268072586249,778.1399560201354,0.23014972747188825,3.527362614473149,0.04833175614476204,0.8794379234313965,-0.4735535979270935
8974,8974,1,0.99737525,246.81608997611013,86.53447547860613,761.9486404836184,0.24416026687714554,3.5099379175412477,0.04681141674518585,0.8842054009437561,-0.46474671363830566
8975,8975,1,0.99671435,246.9424291495491,87.5652750471145,769.1493723217999,0.21049219956092008,3.673250165270341,0.05894249677658081,0.8938030004501343,-0.4445694088935852
8976,8976,1,0.9960008,255.6480034689644,90.22404636767152,797.2366105462667,0.13580786872020414,3.905158532143083,0.0789414644241333,0.8994730710983276,-0.4297865629196167
8977,8977,1,0.996223,251.96398822558254,88.6511813590126,787.3963633086356,0.08647116114432966,4.004248287459981,0.10064362734556198,0.9075924754142761,-0.40761101245880127
8978,8978,1,0.99649554,266.17561471025823,92.14032154918381,821.6639611437373,0.004588032065500279,4.221428681962065,0.11597440391778946,0.9085894823074341,-0.401266872882843
8979,8979,1,0.9969446,261.4352279872106,91.29381414682751,791.5341645056391,0.027054435862263793,4.016801453296713,0.117856465280056,0.9054641723632812,-0.40773096680641174
8980,8980,1,0.9983619,258.1974189047729,87.93667322029681,768.695273696023,0.03864668971446743,3.864941396551206,0.12112895399332047,0.9032948017120361,-0.41156572103500366
8981,8981,1,0.9954249,267.07196138112175,88.69098872502211,782.6191916792959,0.04378099746513009,3.8159745454491123,0.11264099180698395,0.89639812707901,-0.42869850993156433
8982,8982,1,0.9935214,264.7972494105923,88.48060505885367,773.3795173284188,0.07709181631682369,3.6678237724739446,0.10470665246248245,0.8896469473838806,-0.4444826543331146
8983,8983,1,0.9934778,266.22039572135765,87.93679275891857,776.483011203937,0.10213432114499843,3.705663834324514,0.09082061797380447,0.8924078941345215,-0.44199520349502563
8984,8984,1,0.9956053,264.24270601195485,87.92029531466632,775.7478841157603,0.15978616293892003,3.4983893562556627,0.07135133445262909,0.877363383769989,-0.47449183464050293
8985,8985,1,0.9967468,264.30598949589034,87.53929045912827,781.4660768799539,0.2844625825156374,3.0507282780493985,0.017946219071745872,0.830453097820282,-0.5567994117736816
8986,8986,1,0.9975387,243.3794461106013,80.87832801841948,737.0032350001494,0.5126279034690187,2.3858989090241813,-0.08593746274709702,0.7503509521484375,-0.6554298400878906
8987,8987,1,0.99719125,226.04276495037914,71.78830075543777,730.476260684673,0.7094653907472857,1.794732617942786,-0.196769118309021,0.6118055582046509,-0.7661435604095459
8988,8988,1,0.99423665,236.20662404691276,69.75696912891308,786.5687514808369,0.837300174440354,1.4688520330788164,-0.28072142601013184,0.47173428535461426,-0.8358601927757263
8989,8989,1,0.9920081,234.46253340053613,69.80039293984217,788.5675798668107,0.9209135110616253,1.1572653129199622,-0.3312717080116272,0.3605075776576996,-0.8719480633735657
8990,8990,1,0.9887007,234.11556452399677,68.88244148636306,798.5183843995554,0.9764758740176599,0.9719027945058332,-0.35939282178878784,0.2888624370098114,-0.8873530030250549
8991,8991,1,0.994534,233.18222682263027,67.35494868266264,804.2309240393078,0.9791171174853284,0.8916102312648521,-0.35727012157440186,0.26079124212265015,-0.8968533873558044
8992,8992,1,0.9947221,237.24839583542777,68.53643199351212,818.6010664666819,0.9673622818842561,0.9332319597900918,-0.3498326241970062,0.27026692032814026,-0.8969798684120178
8993,8993,1,0.9924259,231.2741355869609,67.32386949124185,796.6981272704306,0.9397354365033094,0.9811497707544299,-0.3359610438346863,0.29814183712005615,-0.8934437036514282
8994,8994,1,0.9939014,239.98732274785038,71.6529668976312,827.8779413495777,0.9003909520184913,1.1660054148066243,-0.31221717596054077,0.3478364050388336,-0.8840420246124268
8995,8995,1,0.99224126,237.29708467384862,71.68969021080352,815.1973594367636,0.8500560778210579,1.3353978691081148,-0.2830858826637268,0.4131358861923218,-0.8655524849891663
8996,8996,1,0.9951455,230.3391610481697,71.23942366687105,780.1819817584792,0.7872350359808677,1.470556074875871,-0.2453525960445404,0.48032429814338684,-0.8420752286911011
8997,8997,1,0.9968172,230.49363915518094,73.37658335045752,759.3699015702535,0.718010468054592,1.5860659431377522,-0.20535771548748016,0.5321160554885864,-0.8213895559310913
8998,8998,1,0.99684274,241.89755129368623,73.34568362112394,765.6455137160078,0.6619433568517227,1.7143264672346068,-0.18029315769672394,0.5700701475143433,-0.801569938659668
8999,8999,1,0.9978782,245.77431341443335,71.47045091079845,756.1566535962926,0.5989523598274452,1.7416230865968336,-0.14522947371006012,0.5899339318275452,-0.7942835688591003
9000,9000,1,0.9982193,248.7059877804486,73.03128609405537,766.093987995126,0.5523444008836239,1.7952036598284162,-0.11688951402902603,0.6007874011993408,-0.7908169031143188
9001,9001,1,0.99850094,255.79898769781576,74.74851802078435,798.2083044743755,0.5617523456667362,1.855446246728651,-0.12753146886825562,0.5955551266670227,-0.7931265830993652
9002,9002,1,0.99802446,244.41634803183024,72.88515828846339,776.3819194677934,0.5946991435053409,1.862890206868623,-0.13724662363529205,0.6101112961769104,-0.7803381681442261
9003,9003,1,0.99803084,241.62384022822377,73.68602162443126,764.4079818492584,0.6031067700770177,1.9508163789631288,-0.1401139348745346,0.638515055179596,-0.7567473649978638
9004,9004,1,0.99328595,238.41014064331537,73.33772487855585,720.7117192402351,0.6039676638256517,1.9983877132244674,-0.14183977246284485,0.6769170761108398,-0.7222636938095093
9005,9005,1,0.9912491,262.69648619862454,79.82713147855168,755.4334861641714,0.5390457452605438,2.2951733959260916,-0.12326223403215408,0.7194737195968628,-0.6834940314292908
9006,9006,1,0.9931938,265.14139203819474,81.10904047960527,754.9496811996586,0.500269201506658,2.525611361828464,-0.10103000700473785,0.7639631032943726,-0.6373016834259033
9007,9007,1,0.9938877,266.3519874287831,81.9752724039983,759.1028908533098,0.47897910140709804,2.7712464387567675,-0.08833512663841248,0.8007964491844177,-0.5923867225646973
9008,9008,1,0.9937443,255.80744996800388,80.77020407356197,732.212998031484,0.43564510148932595,2.8895995103038024,-0.0540103018283844,0.8328990340232849,-0.5507832765579224
9009,9009,1,0.9943309,264.0317599225868,82.76544071974541,764.3958019766177,0.4072964578367708,3.4002484926280356,-0.04696644842624664,0.8729574084281921,-0.48553013801574707
9010,9010,1,0.9969844,261.49663695963494,81.82468847846054,766.2618339872716,0.38930649537223916,3.7394427709956797,-0.036764755845069885,0.8998135328292847,-0.4347229301929474
9011,9011,1,0.9969157,255.28523181678182,80.02253378700301,749.5589146440617,0.4040238665277073,3.895377137427945,-0.03863513469696045,0.9153268933296204,-0.40085411071777344
9012,9012,1,0.99698824,251.56866990377497,80.8992741525456,737.7820590770589,0.4255254348555761,4.098022207201146,-0.04535738751292229,0.9292685389518738,-0.3666097819805145
9013,9013,1,0.99610317,271.70047874538216,84.9102977901638,797.8864841295309,0.37920161276202546,4.156973004057635,-0.041224874556064606,0.9153947830200195,-0.4004408121109009
9014,9014,1,0.99593,258.6362953537816,83.87090329619868,765.9394844450653,0.3923946129052414,3.672233974726975,-0.035577766597270966,0.8947895765304565,-0.4450683295726776
9015,9015,1,0.9966253,260.3775839784239,84.45571326396885,776.7888150353075,0.3461097278054608,3.4325803941509383,-0.013802168890833855,0.8721618056297302,-0.489022821187973
9016,9016,1,0.996326,256.4851632873394,83.83464038944878,769.1015091453619,0.31847865897555144,3.1484058864579563,0.006609231699258089,0.8478745222091675,-0.5301557779312134
9017,9017,1,0.99686134,244.3521597645716,79.75358549192948,743.1513905758875,0.3217160563341722,3.0275104232774184,0.018805233761668205,0.8470555543899536,-0.5311716198921204
9018,9018,1,0.9974377,248.6185660191004,81.19472173634807,764.4941073104636,0.30617166785339633,3.2609145841040217,0.018897870555520058,0.8621625900268555,-0.5062791705131531
9019,9019,1,0.9953797,241.75497438147852,80.92231819524454,752.045269245866,0.3330356139668998,3.426468123869726,0.00976179726421833,0.8821524977684021,-0.4708627164363861
9020,9020,1,0.9953909,248.6386721695907,86.34753345341623,786.2183608490596,0.32600289416641115,3.84388159226561,0.0021172240376472473,0.9007593393325806,-0.43431344628334045
9021,9021,1,0.99293655,240.99857765259026,87.9365758576783,778.3094988723083,0.39211188639971967,3.8315758477945487,-0.020920883864164352,0.9015129804611206,-0.43224602937698364
9022,9022,1,0.9953531,240.83134682156913,88.53757519875178,791.0149917596635,0.46936115747465823,3.810058827261317,-0.05516333132982254,0.893825888633728,-0.44500818848609924
9023,9023,1,0.99654526,234.81775224394687,87.62315304333923,788.5378666557846,0.5468322564148506,3.541381913686492,-0.08652617782354355,0.8711645603179932,-0.483306884765625
9024,9024,1,0.9971113,232.67534879229603,89.04542547926219,803.7261876458379,0.634073159895891,3.2125840141028927,-0.12934690713882446,0.8273325562477112,-0.5466170907020569
9025,9025,1,0.99718374,220.54254327621462,85.71852684017672,782.7393139408003,0.7306565438906972,2.8463688307881734,-0.1748322993516922,0.7851707935333252,-0.5940879583358765
9026,9026,1,0.9910835,224.53707072308472,85.16508822863221,830.881528535554,0.7745036764329795,2.867942188294332,-0.19508594274520874,0.7614737749099731,-0.618141770362854
9027,9027,1,0.981124,213.51405854119628,83.68647128337808,821.4461187097071,0.8398207463651624,2.851266481969857,-0.21858707070350647,0.7592969536781311,-0.6129338145256042
9028,9028,1,0.9900711,207.93267363686832,83.55249899165506,817.559942727783,0.8571604707786079,3.0063204860186987,-0.21792148053646088,0.7822332978248596,-0.5836277604103088
9029,9029,1,0.9886253,205.17721586617714,84.86945548471544,812.5125554287674,0.8701123893993833,3.119893323085179,-0.2190687656402588,0.7978158593177795,-0.5616928339004517
9030,9030,1,0.99348843,206.55839434107736,87.4239443726752,818.7232178430613,0.8743073395096029,3.149829817511686,-0.22107189893722534,0.7974303960800171,-0.561455249786377
9031,9031,1,0.9914607,209.26441765055867,88.78823986847298,829.1951867082157,0.8441301486308007,3.1098783957481193,-0.20941999554634094,0.79002445936203,-0.5761984586715698
9032,9032,1,0.9864029,210.99327016672967,89.15528203419576,824.3038651211449,0.8109656221782056,2.969830038707921,-0.1993177831172943,0.7761433124542236,-0.5982257127761841
9033,9033,1,0.9822212,217.64732862211937,89.05987454291994,830.2928906199691,0.8273452548150289,2.9151126189300762,-0.21422824263572693,0.7630787491798401,-0.6097681522369385
9034,9034,1,0.9929431,229.10796217741776,92.1198811563397,843.6732199478182,0.8331827633056058,2.9487111878803214,-0.2253732830286026,0.7583211660385132,-0.6116828918457031
9035,9035,1,0.99720013,237.83013535530017,91.09724334331808,831.6098095422367,0.8238951120990483,3.011873622389663,-0.22834360599517822,0.7724802494049072,-0.5925652384757996
9036,9036,1,0.99449676,248.42809285703183,94.23748139422814,848.5321669366336,0.8120262459035169,3.3179280817510874,-0.22146514058113098,0.8026731610298157,-0.5537770986557007
9037,9037,1,0.99589926,251.73142941998154,93.28560299135957,839.4639740715993,0.8144305560270949,3.6563669233770613,-0.21598933637142181,0.840888500213623,-0.4962410032749176
9038,9038,1,0.9964019,258.11462911626694,97.9183811248605,824.4567087458285,0.8467715905704409,4.063047494939909,-0.22373045980930328,0.8740597367286682,-0.43123579025268555
9039,9039,1,0.996576,271.84436065094866,104.02140247835382,835.7657186153664,0.8283648372250856,4.264301942662678,-0.22052738070487976,0.883010983467102,-0.41431790590286255
9040,9040,1,0.99766195,280.4739273327401,106.75741692094216,836.8216804265452,0.7560697452599666,3.954491727336831,-0.2078118622303009,0.8650786876678467,-0.4565666615962982
9041,9041,1,0.99429023,289.8035266511168,110.02789411725776,841.585207715294,0.6987098623486169,3.548781530311675,-0.20227961242198944,0.8300798535346985,-0.5196638107299805
9042,9042,1,0.99450004,287.442248723765,108.99376998171675,822.9148324302247,0.6747593359339926,3.1470669197508205,-0.20173855125904083,0.7945045232772827,-0.5727688670158386
9043,9043,1,0.9954276,292.50975392077476,109.6027716938849,833.2898484483068,0.6581897243216718,3.039388370663741,-0.20007866621017456,0.7761208415031433,-0.5980008244514465
9044,9044,1,0.9932973,295.2722689399586,111.19281148482601,827.4241187107965,0.6540242572077873,2.970741624353248,-0.20329904556274414,0.7683720588684082,-0.6068557500839233
9045,9045,1,0.98970544,303.82479973245415,113.36827371553368,834.1527674262069,0.6512879353874466,2.9596691971505047,-0.20975174009799957,0.7617391347885132,-0.6129908561706543
9046,9046,1,0.9954152,313.84587363492636,113.54381352029957,846.2397643557865,0.655299279194104,3.0043225392523385,-0.21826022863388062,0.760775089263916,-0.6112149953842163
9047,9047,1,0.9961784,320.18296991543957,116.07220823642211,840.3639813866029,0.6892743459135755,2.9744077877984276,-0.24257124960422516,0.7533539533615112,-0.6112421751022339
9048,9048,1,0.99447376,321.988348402531,120.06430646562372,834.4740762861811,0.7838299258056061,3.0666906212573917,-0.2870115637779236,0.756403923034668,-0.587773323059082
9049,9049,1,0.9910323,327.54956315744,121.55876296209068,838.8891253370375,0.8142224629163327,3.0919364293090053,-0.30413490533828735,0.7525992393493652,-0.5840345621109009
9050,9050,1,0.98749197,325.93556066915767,121.86704892420157,825.8307996431089,0.7979835351362685,3.0095916713338906,-0.30107781291007996,0.7483911514282227,-0.5909846425056458
9051,9051,1,0.9898151,337.5505113974186,126.9820384206193,849.1552316214778,0.7974650772308745,3.1047107080192227,-0.3039930462837219,0.7480135560035706,-0.5899694561958313
9052,9052,1,0.9853335,338.11597420891593,131.1205516764835,848.4802867580547,0.7937727383198607,3.111341956800186,-0.3035314977169037,0.7478964328765869,-0.5903555154800415
9053,9053,1,0.99008,337.3103345310004,129.62660824199193,847.7444423327746,0.7985282144308331,3.169109236669425,-0.30238956212997437,0.7565394639968872,-0.5798349976539612
9054,9054,1,0.9901273,340.98790873454993,130.54047920098225,857.8755659510216,0.8158846965419927,3.292010030479662,-0.30645298957824707,0.7658002376556396,-0.5653641223907471
9055,9055,1,0.9902998,342.49452735766044,131.80954919845485,863.4203636038991,0.8367290985511291,3.389505305843887,-0.31178969144821167,0.7727757692337036,-0.5528154373168945
9056,9056,1,0.9874866,348.05915146108595,132.608947832239,873.8159569772816,0.9211399499574222,3.490997748184155,-0.3444327712059021,0.7692115902900696,-0.5382189750671387
9057,9057,1,0.98717403,345.85337167329743,131.456602555724,871.5636933149921,1.0154358172956675,3.5261794910777864,-0.37760767340660095,0.7624388337135315,-0.5254517793655396
9058,9058,1,0.98688287,340.4909848129793,129.74969646196905,859.135519567884,1.03369043882103,3.4436054096802793,-0.38664382696151733,0.7558355927467346,-0.5284119248390198
9059,9059,1,0.9880327,334.5963238219008,128.99447692006524,848.1121733840291,1.0711852577081336,3.3573677197715557,-0.4030694365501404,0.7448902130126953,-0.5316707491874695
9060,9060,1,0.99037594,336.1887571077639,128.9651679029993,851.2231581971408,1.084143234240424,3.3356586960319716,-0.4097154438495636,0.7386673092842102,-0.5352605581283569
9061,9061,1,0.9889008,340.9870796093769,130.96887194732193,864.3658088792896,1.0773766637348778,3.3077522859456594,-0.41012337803840637,0.7294663190841675,-0.54742830991745
9062,9062,1,0.9893818,337.18067126637555,130.14234722384012,857.1525985580121,1.0597730510165781,3.2319249032708957,-0.40596964955329895,0.7254235148429871,-0.5558322072029114
9063,9063,1,0.99138707,331.15441157529636,128.2698119820436,844.0334611385392,1.0320483022712892,3.182982838560549,-0.395412415266037,0.7296391725540161,-0.5579209327697754
9064,9064,1,0.9916426,332.5445579073612,128.39486914320736,847.1040586744833,0.9911778031910642,3.18043733212881,-0.37965378165245056,0.7337712049484253,-0.5634207129478455
9065,9065,1,0.9910539,335.6555003008532,128.91922612433166,853.9878054223987,0.9925128052274369,3.2521918724034373,-0.37770289182662964,0.7400574088096619,-0.5564670562744141
9066,9066,1,0.9908851,341.32682950391865,130.09478880318042,866.6631576743756,1.0147445500062788,3.406272788246873,-0.3807239830493927,0.7509315609931946,-0.5395841598510742
9067,9067,1,0.99143714,338.499475520559,128.33104799327887,858.8914358130311,1.0355177773892783,3.47153286121513,-0.3841415047645569,0.7600969076156616,-0.5241069197654724
9068,9068,1,0.9928558,337.08307506423256,127.84380062345345,855.1183807229077,1.0507955511228595,3.5589434087460003,-0.3847849667072296,0.7701117992401123,-0.5087911486625671
9069,9069,1,0.99487925,336.1044668528362,127.13112615953717,852.0373037218227,1.0610230354896335,3.64835111207511,-0.3834620416164398,0.780260443687439,-0.4941158890724182
9070,9070,1,0.9944939,336.71185561011134,127.83549577945587,851.8989697165057,1.0142227226560168,3.6405262917462284,-0.3670431077480316,0.7855398058891296,-0.49820342659950256
9071,9071,1,0.9945469,335.8080265177838,128.50957951767316,850.0980337777227,1.0089851892850068,3.6056589625113027,-0.36663639545440674,0.782973051071167,-0.5025246739387512
9072,9072,1,0.994732,340.3625338696866,128.85229643238264,861.0681361110646,0.9909671882380482,3.628596761560807,-0.36031097173690796,0.7832239270210266,-0.5066915154457092
9073,9073,1,0.9947653,336.9641903996613,129.26526066195544,853.4525907450402,1.0134333027462392,3.633004862054835,-0.3674142062664032,0.7838074564933777,-0.5006523132324219
9074,9074,1,0.9944929,337.5804608918889,129.37520905068277,854.6103357601072,1.0453022302376311,3.6877085653309876,-0.37676355242729187,0.7848806977272034,-0.49194666743278503
9075,9075,1,0.99396694,338.9947464071917,131.2157308056327,859.258962397428,1.0395367297456553,3.7805864830582347,-0.37056446075439453,0.7931724786758423,-0.48327991366386414
9076,9076,1,0.99413306,336.2247467593655,129.11786699966524,854.617659679891,1.0314603618517733,3.814025919481655,-0.36415430903434753,0.8003308176994324,-0.4763006567955017
9077,9077,1,0.99390334,339.7127120504327,132.11868568719265,862.9054300700817,1.0244701739147204,3.8926840490009096,-0.35960185527801514,0.804896891117096,-0.4720461070537567
9078,9078,1,0.99427575,340.1499025782004,132.44359412205844,863.5243326377307,0.9917119008098578,3.942741469398839,-0.34551507234573364,0.813510537147522,-0.46778202056884766
9079,9079,1,0.99391246,340.8861532482311,133.30919387864404,868.2724786853751,0.9998725872160774,3.9839573833322275,-0.3466009199619293,0.8145369291305542,-0.4651854932308197
9080,9080,1,0.9937615,337.79902010298883,132.58179783675837,862.0701939603256,0.9999693516531865,3.9696114229775104,-0.3458326458930969,0.8158827424049377,-0.46339523792266846
9081,9081,1,0.9935533,339.7495511000726,133.44627278764702,867.9485283436034,1.034442396058289,4.030800134620782,-0.35601934790611267,0.8147816061973572,-0.45758187770843506
9082,9082,1,0.9942141,340.0724594494504,132.39847300098086,866.9658552769353,1.0504462166596407,4.0676746609448005,-0.3599497973918915,0.8165436387062073,-0.4513232707977295
9083,9083,1,0.9940706,337.12029028042394,132.46755385751683,862.5748644281615,1.0408977249849671,4.047316613865873,-0.3561893403530121,0.8178090453147888,-0.4520150125026703
9084,9084,1,0.9937835,337.9127992826844,132.63764624308172,863.2007241713685,1.0059267082147443,3.9929062666931476,-0.3468201756477356,0.8169061541557312,-0.4608471989631653
9085,9085,1,0.99357975,335.1176956309141,132.64124392182745,858.7235691905412,0.9817982344294163,3.8886908993758813,-0.3416202962398529,0.8121280670166016,-0.4730154871940613
9086,9086,1,0.99300283,340.48790166025265,133.84516560739493,868.2504790404851,0.9879084467399725,3.9117004156473634,-0.3455486297607422,0.8091774582862854,-0.4752137362957001
9087,9087,1,0.9947062,338.9603922288674,131.40148114536177,864.3216472385851,1.0033012331907099,3.873657040696259,-0.35195332765579224,0.8057214021682739,-0.4763842225074768
9088,9088,1,0.99633706,337.34039073278734,131.1598945786544,860.2693545787594,1.045707969030063,3.841215680358524,-0.3684176504611969,0.7986178398132324,-0.47589704394340515
9089,9089,1,0.99589753,329.69572262338147,128.71623599848218,844.1824773653798,1.106588470828068,3.7077313514889534,-0.3940630257129669,0.7837937474250793,-0.479981005191803
9090,9090,1,0.99616563,329.94247157397825,125.42296041830839,842.8417556519889,1.0818179398187058,3.5277762894062623,-0.39442479610443115,0.7685845494270325,-0.5036932826042175
9091,9091,1,0.99583805,326.40841606613395,122.19229696225075,835.650590828396,0.9491574106042855,3.2948518903851354,-0.3525397777557373,0.7633177638053894,-0.5413517355918884
9092,9092,1,0.9937143,327.0986535862426,121.9148078933988,840.8885032847638,0.8330961462318107,3.2703318050195507,-0.30428823828697205,0.7735053896903992,-0.5559659004211426
9093,9093,1,0.99563885,334.0532807729008,121.15062683995956,856.4230680075867,0.7457848151912578,3.5397393917995617,-0.25953277945518494,0.8085768222808838,-0.5280590057373047
9094,9094,1,0.9937593,339.9381932125537,124.33071343326931,878.0459935722992,0.7050834474971069,4.094734956961686,-0.22742407023906708,0.855228066444397,-0.46568581461906433
9095,9095,1,0.9977647,326.27402732924253,125.58062966937068,871.3950146049389,0.6459583536803811,4.481114201737223,-0.18503645062446594,0.890448272228241,-0.4157683849334717
9096,9096,1,0.99747497,321.56599168272254,127.50839051000189,888.2964933120347,0.6752301464931684,4.927898503272881,-0.18159350752830505,0.9086685180664062,-0.3759591579437256
9097,9097,1,0.99847084,318.0526166798699,126.93265118613557,889.089559226882,0.7141379842710488,5.286494754118055,-0.184482604265213,0.9221290946006775,-0.3400648832321167
9098,9098,1,0.9982223,318.7960856173792,129.5937678377785,907.2167578845721,0.7219825349496878,5.660574293111055,-0.17911718785762787,0.9315541386604309,-0.3164237141609192
9099,9099,1,0.99892896,321.54275987185446,129.14085982672134,908.1750293139048,0.6952079281724183,5.680727155391576,-0.17197515070438385,0.9333305954933167,-0.31514841318130493
9100,9100,1,0.9981134,320.64945626829086,127.44533427980234,893.8937248357064,0.6180796145676594,5.770187487511984,-0.14636895060539246,0.9427251219749451,-0.29974234104156494
9101,9101,1,0.9973884,319.73020790416376,125.99849884353529,882.1807760616736,0.6057267447483641,5.797795613201301,-0.14178678393363953,0.9461917877197266,-0.29089099168777466
9102,9102,1,0.9982414,316.068556019675,125.01004474071567,876.4332115751298,0.6001210589175,5.701979946172979,-0.1393856257200241,0.9450504183769226,-0.2957218289375305
9103,9103,1,0.99845374,317.200359421321,125.00264882383458,880.7984792678526,0.6162909785500359,5.561078146127691,-0.14721837639808655,0.9391725659370422,-0.3102928698062897
9104,9104,1,0.9982722,321.40595248835285,124.887197737275,883.806218228494,0.600671846440832,5.185607690284467,-0.15078699588775635,0.925676167011261,-0.3469681739807129
9105,9105,1,0.99806017,320.8495172558299,122.92992912806909,880.2286812427037,0.5948893904251239,4.610185753491237,-0.158633753657341,0.8999663591384888,-0.40607374906539917
9106,9106,1,0.99865925,320.2527278883845,121.85062155754399,879.6759651229462,0.6274406170872395,4.192713050081872,-0.17920267581939697,0.8715996742248535,-0.4562898278236389
9107,9107,1,0.9982527,318.6982028092114,121.8888522304904,878.9393329521505,0.6823520313216306,3.967825382474976,-0.20561805367469788,0.8501441478729248,-0.4847434163093567
9108,9108,1,0.99863166,319.13189939451786,123.01492720540892,884.0417432556342,0.70886470364049,4.060307962157286,-0.21379676461219788,0.853596568107605,-0.47504088282585144
9109,9109,1,0.9986902,320.6433766137595,123.46051936397231,886.2113074837483,0.6999338112952516,4.246104435689693,-0.20624332129955292,0.8676037192344666,-0.45246824622154236
9110,9110,1,0.9988158,323.1650890355315,124.75705575184232,891.9154293481159,0.7170566470540664,4.484994822513677,-0.20790605247020721,0.8803056478500366,-0.4264235198497772
9111,9111,1,0.99869174,320.4948961696901,125.59371212624588,890.5706898060038,0.7284664823372845,4.61091041169582,-0.2070901095867157,0.8877480030059814,-0.41111695766448975
9112,9112,1,0.9986401,324.33257515122153,124.92130842734991,901.6600858662124,0.6820464701309232,4.629170391297652,-0.19172410666942596,0.8889816403388977,-0.4158767759799957
9113,9113,1,0.99859816,311.71446534473165,121.95101316144617,867.108925490079,0.6573949035723833,4.282764482891785,-0.183373361825943,0.8805009126663208,-0.4371411204338074
9114,9114,1,0.9981318,316.108333220206,121.11220768705198,875.710552620571,0.6323381390075054,4.334099891732584,-0.17508575320243835,0.8828246593475342,-0.43585050106048584
9115,9115,1,0.9979126,313.2895986220272,121.15764670048725,869.9969641479024,0.6455421065100135,4.225479143308687,-0.18094505369663239,0.8765208721160889,-0.4460606276988983
9116,9116,1,0.99819905,315.0489987444552,121.89931128049945,873.1236677840275,0.6574874795091259,4.109626842298831,-0.1896347999572754,0.8658559918403625,-0.4629600942134857
9117,9117,1,0.9986355,316.92923022691554,122.71781049724335,877.5491789347012,0.6706741886647125,3.9042027036568343,-0.20139212906360626,0.8461762070655823,-0.4933833181858063
9118,9118,1,0.99873537,312.46519249545594,121.28380192420803,864.4245246454852,0.6804997403956186,3.600843009790107,-0.21112243831157684,0.8220827579498291,-0.5287790894508362
9119,9119,1,0.9987317,316.216893911592,122.27053208169984,875.034160791467,0.6798277887660353,3.542032048733111,-0.214653879404068,0.8110427260398865,-0.5441814064979553
9120,9120,1,0.9985763,317.6729088505945,121.97521513897789,877.2531535930954,0.6873571655321176,3.5145087511772823,-0.2196415662765503,0.806331217288971,-0.5491698980331421
9121,9121,1,0.9986118,321.4169929700082,123.90613736871789,886.1708248428841,0.6878720448024059,3.536471603506007,-0.2216707020998001,0.8041689395904541,-0.5515201091766357
9122,9122,1,0.9986487,315.4918222504163,121.99881583701965,871.1036432933168,0.6958011212835634,3.4798100145353557,-0.22319474816322327,0.8043338656425476,-0.5506642460823059
9123,9123,1,0.9987973,312.37579956706765,120.9592115561746,863.1472230414448,0.7091596670860606,3.4575708609414253,-0.22785115242004395,0.8044167757034302,-0.5486324429512024
9124,9124,1,0.99864167,327.31204292187107,125.48356269569301,902.7981688227832,0.7124479730682627,3.6422277201285027,-0.23227804899215698,0.8058499693870544,-0.5446584224700928
9125,9125,1,0.99835455,325.02197912437015,125.32042677017539,901.1031106981726,0.7138923886047351,3.6884962040594655,-0.2298598289489746,0.8116301894187927,-0.53704833984375
9126,9126,1,0.9983032,316.34633361251866,123.43672389610265,880.4080513349509,0.7205100975325305,3.6330465398819167,-0.2292528748512268,0.8146250247955322,-0.5327563285827637
9127,9127,1,0.99816126,322.01617008608554,123.80209305893403,892.0104462325329,0.7141588109739654,3.7169354687598517,-0.22745409607887268,0.8186774849891663,-0.5272873640060425
9128,9128,1,0.9978911,316.5381256492954,122.00753058588843,880.9031459665852,0.7118640616151987,3.7253734282927145,-0.222746804356575,0.8250150084495544,-0.5193593502044678
9129,9129,1,0.99785346,318.41011201626316,122.61345242884062,884.0948422088051,0.7043841963417831,3.750909781084941,-0.22014322876930237,0.8266288042068481,-0.5179013609886169
9130,9130,1,0.99789256,319.2249149531335,123.60822073638093,888.7635266760003,0.711916731885479,3.7838948040209197,-0.22266504168510437,0.8271253705024719,-0.5160270929336548
9131,9131,1,0.9979182,316.28419648179425,122.87705386160735,879.5473550674257,0.71746336046894,3.7091187595369903,-0.22563762962818146,0.8231738209724426,-0.5210303068161011
9132,9132,1,0.9979247,311.26374594640737,120.59837576724556,865.6780660240153,0.7218487297538649,3.541843448828598,-0.22958269715309143,0.8118658661842346,-0.536810576915741
9133,9133,1,0.9978459,309.06403144768313,120.25491797034351,859.1137576175348,0.715492568831054,3.3494981283452563,-0.23153334856033325,0.7934586405754089,-0.5628638863563538
9134,9134,1,0.9978466,313.5746461191259,122.21422757460995,872.8069398228166,0.7166987138645063,3.20449736858864,-0.23902958631515503,0.7677685022354126,-0.5944715738296509
9135,9135,1,0.99826306,309.14606660671024,119.61313170781004,859.6756172672917,0.7191642819566759,3.0178429914797316,-0.24339152872562408,0.7485179305076599,-0.6168317794799805
9136,9136,1,0.998451,311.1288495415857,120.66817835300337,863.9449774688751,0.7066573107705806,2.97007071598765,-0.24025173485279083,0.7399662733078003,-0.6282746195793152
9137,9137,1,0.9984326,315.1570865667637,122.07420974852884,872.7268583861191,0.703779126852563,3.0460295326844826,-0.23921117186546326,0.7465620040893555,-0.6208246350288391
9138,9138,1,0.99836093,310.5961690596062,119.24190651768829,858.6015467969015,0.6954422935413612,3.1312700291743014,-0.2301550656557083,0.7675866484642029,-0.5981968641281128
9139,9139,1,0.998278,313.65328662548035,120.01792122801889,865.031044720691,0.6848440116933183,3.3026992531664483,-0.22225315868854523,0.7876714468002319,-0.5746105313301086
9140,9140,1,0.9978908,317.25115302792136,120.68476529851324,874.0126341521344,0.6734503018904697,3.5179175801362175,-0.21325179934501648,0.8096848130226135,-0.5467487573623657
9141,9141,1,0.9981413,316.4140097139728,121.66302476309363,871.1768652655642,0.6612139815411152,3.679400959405528,-0.20330628752708435,0.8285914659500122,-0.5216347575187683
9142,9142,1,0.9983211,312.4024605973532,119.4289165401039,859.3129415417096,0.6458234850205399,3.7809604537241914,-0.19157274067401886,0.8449133634567261,-0.49942097067832947
9143,9143,1,0.99738365,315.3934580723697,120.25259266884943,863.8677877871534,0.6405989960765928,3.899699381118308,-0.1885727345943451,0.8536137342453003,-0.4855758547782898
9144,9144,1,0.9975757,311.1659751256477,118.09762407541815,851.7646979600428,0.6414874366040267,3.78560161068063,-0.18902938067913055,0.8488141894340515,-0.4937432110309601
9145,9145,1,0.99752766,317.0358577712873,119.8300775031322,863.2824332318932,0.6182143398491787,3.7049011199827744,-0.18505337834358215,0.8379265069961548,-0.5134535431861877
9146,9146,1,0.99775285,318.18393918297267,119.51480440847821,867.8402224360506,0.6145995016699604,3.626353019524537,-0.18585936725139618,0.8287477493286133,-0.5278574228286743
9147,9147,1,0.9976749,317.03705830139074,119.78158858140416,862.3973835148189,0.6113617428812869,3.603675559854979,-0.18450957536697388,0.8288361430168152,-0.5281920433044434
9148,9148,1,0.9977077,316.9205056178038,119.04778104627376,863.0129469064527,0.6250597110806633,3.724119882079799,-0.18737493455410004,0.8395090103149414,-0.5100149512290955
9149,9149,1,0.99759394,320.86435973552256,119.0440271076327,874.240374330247,0.6508406343288407,3.9349630333061265,-0.19525744020938873,0.8518457412719727,-0.4860384464263916
9150,9150,1,0.9957209,309.25137938683605,117.65758925416834,848.5573502935362,0.6968590883002745,4.02785914887126,-0.2043963372707367,0.865774929523468,-0.4567887485027313
9151,9151,1,0.9961964,315.9776075781497,118.53357689137108,866.4142778227118,0.658714424700481,4.2409108555833654,-0.18764078617095947,0.8778157234191895,-0.4407159090042114
9152,9152,1,0.9965204,306.006440185853,114.74672849446007,844.9453642275927,0.6491739730340088,4.203221941183773,-0.17820358276367188,0.8841930031776428,-0.43179425597190857
9153,9153,1,0.99716693,295.87098462235843,109.1640854677792,822.8791193947749,0.6645492246037338,4.259576436912851,-0.1760118454694748,0.8952058553695679,-0.4094219207763672
9154,9154,1,0.99691606,297.70941953076664,110.9352731978437,833.1055351989489,0.7147130674408122,4.587338621151844,-0.1883322149515152,0.9069495797157288,-0.37679359316825867
9155,9155,1,0.9977252,305.94686183246375,116.2280259720507,853.0555495046548,0.7910759127595522,5.11505246417602,-0.20678216218948364,0.9197582006454468,-0.3335956633090973
9156,9156,1,0.99828655,316.46434544665743,119.94412166897341,880.2491210760841,0.7880825077302637,5.343180308774141,-0.2056717574596405,0.9220645427703857,-0.32786595821380615
9157,9157,1,0.9981236,317.0027653284292,121.63626343548792,880.8236822705163,0.767431791232882,4.97541594823047,-0.20884352922439575,0.9074755907058716,-0.3645167052745819
9158,9158,1,0.99868613,318.0481923278983,122.44273635279164,881.1572283871087,0.7038771517283511,4.428056320019558,-0.20130391418933868,0.8816871643066406,-0.42673707008361816
9159,9159,1,0.9977017,317.1957490057053,127.74651777151206,881.7343568962752,0.7048180700908631,4.08490984495952,-0.2109144628047943,0.8559274077415466,-0.47212645411491394
9160,9160,1,0.9975078,318.19894279616796,128.3713268218921,881.4435303356695,0.7129226796877777,3.9135068627287297,-0.21990251541137695,0.8405500650405884,-0.4950944483280182
9161,9161,1,0.9979425,313.5468371975181,126.52228315089525,874.2821038647752,0.7425001839651347,3.773476442005906,-0.23305366933345795,0.8284613490104675,-0.5092521905899048
9162,9162,1,0.99784756,303.03095746290484,122.07319698386088,858.3670799425554,0.7975701609921679,3.6659059278181583,-0.25219669938087463,0.8209002017974854,-0.5123668313026428
9163,9163,1,0.999091,314.29594770766016,125.17356758139397,887.7647129519647,0.7980016127506948,3.825376175487433,-0.2530119717121124,0.8236380815505981,-0.5075482726097107
9164,9164,1,0.9980301,315.2558508736498,125.8614041795675,903.6782543887913,0.8146053713051329,3.989015172521572,-0.2532990276813507,0.8315763473510742,-0.49428775906562805
9165,9165,1,0.9976851,311.42511648365274,123.95221887380508,898.942493185563,0.8343508583879422,4.168174530648382,-0.252244770526886,0.8473508954048157,-0.4672997295856476
9166,9166,1,0.9962513,308.7524608104581,122.37623358341733,905.9232998226661,0.8584777258207149,4.397163038394619,-0.2508729100227356,0.861078143119812,-0.44227510690689087
9167,9167,1,0.9977701,301.9505577074869,118.92723527190896,891.0182934655355,0.8572991231989959,4.401027343982711,-0.24632428586483002,0.8672431111335754,-0.4326821267604828
9168,9168,1,0.99760485,294.8384774953117,117.6302901556544,875.7935776318441,0.8757083684129664,4.4147168980279075,-0.24866603314876556,0.8719566464424133,-0.4217306971549988
9169,9169,1,0.9978264,295.12861870263333,117.52204596741633,876.6154246737339,0.9320196431130507,4.522315605971673,-0.2651938199996948,0.873478353023529,-0.4082987606525421
9170,9170,1,0.9973252,300.7318529200283,118.59560402364245,890.780123498505,0.9815823250839344,4.654212135247951,-0.2802150845527649,0.8724029064178467,-0.40049058198928833
9171,9171,1,0.99691963,303.32282587059126,120.14104005645152,896.8261869724365,0.9806344605755889,4.5350079800404615,-0.2857832610607147,0.8626248240470886,-0.4173803925514221
9172,9172,1,0.997171,300.8790506491178,119.73755603594914,888.4577676648241,0.9503684143880753,4.148915797425515,-0.28894564509391785,0.8399854302406311,-0.45927661657333374
9173,9173,1,0.99461716,308.6323050603816,122.09847155292967,903.55193571356,0.9083658150105771,3.891836409991285,-0.2874338924884796,0.8151372671127319,-0.5029244422912598
9174,9174,1,0.99651295,307.7559154287762,121.73004679892968,898.8995686073686,0.8612242951835886,3.634328264117821,-0.2783881723880768,0.7957377433776855,-0.5378676056861877
9175,9175,1,0.99729735,301.170025634719,120.41584410275391,882.1652111071535,0.8511996254534387,3.469032100632114,-0.2771236300468445,0.7857944965362549,-0.55292809009552
9176,9176,1,0.9974118,308.98182152209324,122.4746080689847,898.650529007706,0.8268079344482577,3.589208741824707,-0.26708582043647766,0.7940807342529297,-0.5459862351417542
9177,9177,1,0.99756277,305.08427050172236,121.26064589331652,891.7981460564297,0.838108082243822,3.6880019766513956,-0.26582804322242737,0.8070473074913025,-0.5272666811943054
9178,9178,1,0.99763334,306.2352102815556,120.66291913033689,890.3746847556118,0.8761148421483066,3.8514293417470316,-0.27595847845077515,0.8198096752166748,-0.501755952835083
9179,9179,1,0.99775475,298.4111173938882,120.05892416764134,870.3537394476494,0.9100136869774098,3.917690524126675,-0.2829601764678955,0.8303550481796265,-0.480045884847641
9180,9180,1,0.9979844,310.8464816827085,122.58883206296441,896.8025926356731,0.9200642687550794,4.14145248893499,-0.28467610478401184,0.837674081325531,-0.46611344814300537
9181,9181,1,0.9978388,303.81697439081535,121.53988676903204,878.4096608900463,0.9480044162708448,4.119159109967499,-0.2926306128501892,0.8397840261459351,-0.4573074281215668
9182,9182,1,0.9977791,313.84666614368945,123.8629661181504,908.0099852803208,0.9809304025919129,4.291524587274282,-0.3018632233142853,0.8393353819847107,-0.45210036635398865
9183,9183,1,0.99786,312.88639231787016,123.18282943847301,905.6284782063116,0.9915678752694246,4.28611083916858,-0.305294394493103,0.8387540578842163,-0.4508737027645111
9184,9184,1,0.99790025,302.0833019983379,120.5757454247949,874.9126629669014,0.9803437363513862,4.089296526095142,-0.30473631620407104,0.8353186249732971,-0.4575790464878082
9185,9185,1,0.99834025,306.73719717332216,122.60391483046806,888.7692220665049,0.9730702342815931,4.079054206487007,-0.30461180210113525,0.8298289179801941,-0.46754223108291626
9186,9186,1,0.9984914,297.51867170057125,119.11685467036547,860.0310339741487,0.9656655266114093,3.8860034844405655,-0.30598562955856323,0.8248661756515503,-0.4753616452217102
9187,9187,1,0.99835867,308.5844614172998,123.1120095707015,890.9401728334984,0.9323533100845485,3.909003603659245,-0.2974969744682312,0.8179063200950623,-0.4924681484699249
9188,9188,1,0.99873906,312.7881372916267,122.56826329425559,894.3736751460028,0.8665016655399506,3.7674045094493143,-0.2800513505935669,0.8095477819442749,-0.5159492492675781
9189,9189,1,0.9987684,309.8076556144818,121.48020811460607,887.6299912080767,0.8153878982032976,3.607595953007416,-0.2635248601436615,0.8014433979988098,-0.5368828773498535
9190,9190,1,0.997895,308.85142278380016,120.73706229131149,880.7739532285799,0.8032859194998185,3.567322498685913,-0.25982865691185,0.8011862635612488,-0.5390636920928955
9191,9191,1,0.99704725,312.1893455785144,120.12611248820342,881.3607551219951,0.8198155535994663,3.6294490801564074,-0.26692402362823486,0.8055471181869507,-0.5290042757987976
9192,9192,1,0.99727494,313.53584297180913,123.83388237600616,884.0600402243252,0.8415546152559101,3.7269032648884983,-0.2736039459705353,0.8111380934715271,-0.5169100165367126
9193,9193,1,0.99719703,312.39798962919355,123.75852186438014,880.8574257080214,0.8766467103756482,3.849937157939828,-0.2823851406574249,0.8207865357398987,-0.49655625224113464
9194,9194,1,0.997177,310.451161034092,123.08914818019757,873.2424400494715,0.8840052787440018,3.8831231576571654,-0.2832629382610321,0.8261032700538635,-0.4871504008769989
9195,9195,1,0.997468,316.51448866530444,124.08419864947454,886.5986560525857,0.8466092114597059,3.971328080760012,-0.26862820982933044,0.8324629664421082,-0.4846073389053345
9196,9196,1,0.9979949,314.27606611792294,122.96001443988924,878.7688549084683,0.7932329218806309,3.9014579662163578,-0.24905885756015778,0.8347498178482056,-0.49108296632766724
9197,9197,1,0.99793744,312.27322711072634,121.48494290440983,872.256707979206,0.7427444265956029,3.8352950596435402,-0.2296433299779892,0.8364220857620239,-0.49765658378601074
9198,9198,1,0.99800736,307.6902202737661,121.05692865892998,859.1048415163868,0.7102879248766621,3.8078711266617598,-0.21456700563430786,0.8421866297721863,-0.4946541488170624
9199,9199,1,0.9981578,307.78584266223044,121.12013249871113,860.6878616985135,0.6980056892627008,3.926775638627048,-0.2060733139514923,0.8530943393707275,-0.4793368875980377
9200,9200,1,0.99808,310.7350320080456,122.74912774983802,868.8743414922938,0.6990571270093093,4.096026061806896,-0.203754723072052,0.8632459044456482,-0.4618339538574219
9201,9201,1,0.9983,309.70105219658393,121.28492521213394,866.9354877686687,0.7137437368151197,4.185224217743067,-0.20631353557109833,0.8697345852851868,-0.44832631945610046
9202,9202,1,0.9979488,306.49777178789105,119.8345423281822,855.9333346464049,0.7000836402484826,4.153167889709149,-0.1999904364347458,0.8725473880767822,-0.4457184374332428
9203,9203,1,0.99829847,317.55958488447146,126.2762456742082,881.8590476055286,0.6713395028798631,4.178032275938216,-0.19528427720069885,0.8660508990287781,-0.4602390229701996
9204,9204,1,0.99765354,314.3488401698663,125.25507940738528,873.8079951429335,0.6398796667320121,4.023870652814018,-0.1844162791967392,0.8596951365470886,-0.4763559103012085
9205,9205,1,0.9977253,305.30596263126796,120.71193063844828,847.9338098962107,0.6164564313989692,3.8083354564504854,-0.1736442744731903,0.8542870879173279,-0.48993998765945435
9206,9206,1,0.9976325,307.7718510608759,121.48360933570633,854.8081906784408,0.5766703269239319,3.7418643728827843,-0.15938971936702728,0.8483484983444214,-0.5048760175704956
9207,9207,1,0.9975293,308.91452202594104,122.25049535906733,858.9089188501076,0.5512872660028004,3.66837926967913,-0.15030913054943085,0.8413931131362915,-0.5191000699996948
9208,9208,1,0.9972084,309.0780771415845,123.13963772419474,859.3503527730862,0.535409285016508,3.5739935349929524,-0.144989475607872,0.8326784372329712,-0.5344386696815491
9209,9209,1,0.9975599,309.2036561508997,121.66518571522998,857.068422935689,0.5216502580242247,3.5137315461753147,-0.13977393507957458,0.8286155462265015,-0.5420881509780884
9210,9210,1,0.9977956,309.0649804070182,121.80821435538525,856.8392313626017,0.5230124298822323,3.550517342945452,-0.1397348791360855,0.8324342370033264,-0.5362158417701721
9211,9211,1,0.9975764,313.3218117426419,123.56674568071485,870.515521263847,0.5398045070724644,3.736954999121182,-0.14710268378257751,0.8435788750648499,-0.5164644718170166
9212,9212,1,0.99715143,309.0429656894882,123.0019360192337,857.4745080225038,0.5645921723059608,3.853849706217161,-0.15306101739406586,0.8576623797416687,-0.4909048080444336
9213,9213,1,0.9971494,315.0128087817338,123.91904302842686,872.7185641425832,0.5739842069527583,4.067407129825011,-0.1569330096244812,0.8683677911758423,-0.47043538093566895
9214,9214,1,0.9969523,315.42831472499796,124.19771486552877,871.3576206080088,0.5657447077864952,4.058793421878845,-0.15413568913936615,0.868593156337738,-0.4709438383579254
9215,9215,1,0.9970692,312.84880918646724,123.45270967136241,865.9443613377667,0.5493912880105272,3.970626662072803,-0.14710721373558044,0.864937961101532,-0.47983524203300476
9216,9216,1,0.99722433,316.5050902576696,125.33154457974109,874.207034585489,0.535860641279764,4.007321404516205,-0.1434326320886612,0.8652024865150452,-0.48047032952308655
9217,9217,1,0.9972934,314.52853528855496,124.60610001336683,870.7946007460156,0.5363488889785838,4.115592129061019,-0.14044329524040222,0.8749169707298279,-0.4634608328342438
9218,9218,1,0.9972365,310.35633948575554,124.60834233059195,860.2577983985966,0.5389400536239455,4.3651629423101586,-0.13490428030490875,0.8951988220214844,-0.4247586131095886
9219,9219,1,0.9977622,309.78228569503415,124.5869312042105,859.1076706049248,0.5450568120350331,4.824313527829843,-0.1300588697195053,0.919712483882904,-0.37042367458343506
9220,9220,1,0.99794763,310.7064575492528,124.28059275891184,860.9082458919102,0.5394304975262155,5.470396594926642,-0.12012866139411926,0.9440046548843384,-0.3072853982448578
9221,9221,1,0.99805367,311.42202164148335,122.6480115959107,861.0222076748624,0.5197217264151707,6.133833592804868,-0.10714639723300934,0.9616135358810425,-0.2526242136955261
9222,9222,1,0.99805415,310.6394810657731,123.47890224730504,860.1190478949208,0.4749046418510821,6.457432910534819,-0.0911092758178711,0.9691513776779175,-0.22900812327861786
9223,9223,1,0.9981299,313.7269351936844,123.21625570472133,867.667584334962,0.4731074994302471,6.407723227716704,-0.092506043612957,0.9672873020172119,-0.2362157106399536
9224,9224,1,0.9981988,312.5669440447022,123.55960638329293,864.8338433618477,0.4835248802390445,5.977486303082532,-0.0983106940984726,0.9587925672531128,-0.26655545830726624
9225,9225,1,0.9980877,311.4449187001825,124.94056224324656,862.8562549695657,0.5219252759241697,5.382821223024613,-0.11583568155765533,0.9414982199668884,-0.31648576259613037
9226,9226,1,0.9977729,309.85537023271496,123.10756164774268,858.3261008101882,0.5586749126487925,4.86647560427468,-0.1343352198600769,0.9212642908096313,-0.3650016486644745
9227,9227,1,0.99760723,311.4141041370089,122.7523334381101,864.6791629406822,0.5838307904503963,4.578934861449318,-0.14909511804580688,0.9039613008499146,-0.40077999234199524
9228,9228,1,0.99719363,315.099903278345,124.90139174249434,871.5772328321224,0.6115762859598225,4.424510585593717,-0.16510358452796936,0.8906850814819336,-0.4235810339450836
9229,9229,1,0.99695647,311.44646473502155,122.18846999413881,863.3810367226887,0.6272575140000625,4.2991114031748054,-0.17127126455307007,0.884817361831665,-0.4333178997039795
9230,9230,1,0.9964886,311.5619679923946,124.82027500449293,860.5498990434759,0.63605662893589,4.315520089703712,-0.17491120100021362,0.8856552839279175,-0.43014052510261536
9231,9231,1,0.9964647,308.5481746457377,123.16747245372744,852.7321011001883,0.6392470674907108,4.300371390084327,-0.17452368140220642,0.8873330354690552,-0.4268273711204529
9232,9232,1,0.996635,312.4707915297797,123.68446398173062,863.2543108479664,0.6081975583812941,4.2891428438325825,-0.16492271423339844,0.8851331472396851,-0.4351319372653961
9233,9233,1,0.9965474,310.4175872605428,121.18179474082358,857.8811977604314,0.5562728060967839,4.12473179699354,-0.1456131488084793,0.8794873356819153,-0.45309919118881226
9234,9234,1,0.9960354,311.1577213146883,123.16674113898715,856.8141077340664,0.5153842410383035,4.038939576027977,-0.13084697723388672,0.875573456287384,-0.4650271534919739
9235,9235,1,0.99649316,310.2942548798055,122.62920270371454,857.0259497332087,0.5337528521700778,3.980566811024375,-0.13872674107551575,0.8701215386390686,-0.47290948033332825
9236,9236,1,0.9965576,315.33402112615227,122.38722550505832,868.9292012957304,0.5519228737582502,4.0706520584463455,-0.14810223877429962,0.8715370893478394,-0.46742793917655945
9237,9237,1,0.99622077,311.4519230405744,121.07695650157821,858.6470500058149,0.5819749751526633,3.976123572568201,-0.15974827110767365,0.866281270980835,-0.4733257591724396
9238,9238,1,0.99689305,314.96766256321825,122.94621239040036,872.4595087107406,0.5747386979833192,3.9416471516372362,-0.15951396524906158,0.8585657477378845,-0.48725786805152893
9239,9239,1,0.9971951,312.7394493367782,124.33398320926199,871.6093964830585,0.5781716884283308,3.9445042052399444,-0.15934455394744873,0.8588075637817383,-0.48688703775405884
9240,9240,1,0.9973471,310.0965574446928,122.6243177057479,860.5548216360049,0.5805907048731777,3.929999572528163,-0.15904895961284637,0.8618512153625488,-0.481576532125473
9241,9241,1,0.9972339,313.350085820896,122.43921303890488,870.8701637636286,0.5786686336030247,4.076306378582975,-0.15734827518463135,0.8698002099990845,-0.4676421582698822
9242,9242,1,0.9965653,310.81824165610846,124.08061052509099,862.127639137169,0.5705815834150292,4.115794737217659,-0.15201574563980103,0.8760262131690979,-0.4576781690120697
9243,9243,1,0.9970642,310.2999651748591,122.636630118063,861.75392748166,0.5644441978962408,4.096881500519655,-0.1493065506219864,0.8754737377166748,-0.4596230387687683
9244,9244,1,0.997031,306.21458205306055,120.27968212749546,849.4041442073768,0.5653230904354668,4.035462375004311,-0.14800186455249786,0.8757022619247437,-0.459609717130661
9245,9245,1,0.99688834,310.86184655977837,124.45755475036817,865.8329723508917,0.5640914012253552,4.108973313863595,-0.14934852719306946,0.8746896982192993,-0.461099773645401
9246,9246,1,0.9966786,311.29384467100493,123.37582505104415,866.4351975458281,0.5695180729231157,4.1221841408832525,-0.1515210121870041,0.8752767443656921,-0.4592733681201935
9247,9247,1,0.9966036,307.2303283626712,123.11873438629333,854.9981040107724,0.5714236037052394,4.0652327303677716,-0.1507893204689026,0.8750802278518677,-0.4598882794380188
9248,9248,1,0.9965681,307.5913645934332,123.06945915344703,855.796742322463,0.5562092071812703,4.210795806376847,-0.14225146174430847,0.8860681056976318,-0.44118911027908325
9249,9249,1,0.99719316,307.72899897884116,122.05056402044495,855.7709149291618,0.5690614619421321,4.526173826071698,-0.1420675814151764,0.9047297835350037,-0.40159788727760315
9250,9250,1,0.99699473,309.82089428011767,122.06864567701551,862.3367890393405,0.5998266456271222,5.267095563399239,-0.14224833250045776,0.934424877166748,-0.3265204131603241
9251,9251,1,0.99755657,316.6336919036327,124.81682472490935,881.6103801964845,0.569892469712684,6.4692095183600875,-0.120789535343647,0.9633261561393738,-0.2396092265844345
9252,9252,1,0.9976209,318.5628054284559,125.7961404140935,887.3340534190562,0.4706944705832602,7.147820427756016,-0.08928603678941727,0.975916862487793,-0.19903327524662018
9253,9253,1,0.99792635,314.9825373385734,124.03266809889874,877.1606857841016,0.4580947802273524,7.200953864522781,-0.08401884138584137,0.9779869318008423,-0.19100351631641388
9254,9254,1,0.9985447,318.9568191705362,125.24542853969841,882.079514174919,0.5341720428264558,6.764323433963057,-0.10919151455163956,0.9693377017974854,-0.22014006972312927
9255,9255,1,0.9980726,317.7105637075096,123.39022773510476,880.7231263919616,0.6260896405622517,5.722681605563191,-0.14789000153541565,0.9436741471290588,-0.2959858477115631
9256,9256,1,0.99802077,310.8238454792289,119.02376683553022,856.9353632054266,0.6599451692514203,4.7775106599825055,-0.17278863489627838,0.9119365215301514,-0.37217721343040466
9257,9257,1,0.9974342,317.10964097376706,119.02751948692759,863.5026018488056,0.6496644659026012,4.361425739463926,-0.1823360025882721,0.887071967124939,-0.42409548163414
9258,9258,1,0.9976172,311.7460733000163,116.73956870476813,850.0571832341926,0.6283681014883626,4.0545792553888065,-0.17752599716186523,0.8725863695144653,-0.45505771040916443
9259,9259,1,0.99704427,309.79484942877986,116.38347424257181,847.3623127334336,0.5896475435339608,3.912835991884579,-0.1630992591381073,0.8656060695648193,-0.473418265581131
9260,9260,1,0.9956915,300.3398427143313,112.51240421123369,819.2981660649137,0.5885665782704774,3.6617460577414795,-0.1614459753036499,0.8561075925827026,-0.49093279242515564
9261,9261,1,0.9975949,293.1283026866071,108.04153087836785,802.3408521108549,0.6120522903682808,3.5597271214454675,-0.1687929481267929,0.8531814813613892,-0.49354875087738037
9262,9262,1,0.9957806,294.0960734312022,106.07027948684411,794.9534809226792,0.6204267336441159,3.479318720946266,-0.17567534744739532,0.8479984402656555,-0.5000368356704712
9263,9263,1,0.9970693,303.4348030156619,107.65234075530532,815.7927286717762,0.6589902878089348,3.5222914013097246,-0.19872014224529266,0.83927321434021,-0.5060936808586121
9264,9264,1,0.99804026,307.69221794032717,109.28082106834366,821.3569764131231,0.6849253661401681,3.457001986864368,-0.21563014388084412,0.8270033001899719,-0.5192005634307861
9265,9265,1,0.997813,308.9229689284657,110.33861334765542,823.8965539440105,0.6818937714770275,3.4580738472858843,-0.21519161760807037,0.8259404301643372,-0.5210710763931274
9266,9266,1,0.99758935,306.28611422726755,109.08074956044997,816.449981111918,0.6786629195313483,3.4450092474043306,-0.21241454780101776,0.8285006880760193,-0.5181377530097961
9267,9267,1,0.9960814,307.7793758902822,111.49679544344058,818.1489308453383,0.6761487419916177,3.5407621158719054,-0.20992766320705414,0.8369928002357483,-0.5053448677062988
9268,9268,1,0.996036,308.38609156192825,112.81613893617754,821.1275961552628,0.6484899849309387,3.689610160725717,-0.19396433234214783,0.8520458340644836,-0.486205518245697
9269,9269,1,0.9968732,313.13760552838613,111.89466973812596,838.8323636061933,0.5997096974032576,3.9258747403017673,-0.16974255442619324,0.8692682385444641,-0.46428459882736206
9270,9270,1,0.99623835,302.1478982712585,110.12033138871787,811.8784311874929,0.5724172274402094,3.859636696610684,-0.152043417096138,0.8766425848007202,-0.4564872086048126
9271,9271,1,0.9944167,299.58003881674114,109.58516480541105,805.3442272241178,0.5590088675345161,3.818635076494077,-0.14516110718250275,0.8769636750221252,-0.4581080675125122
9272,9272,1,0.9954152,301.4986122862368,108.66789996564819,812.6492258194263,0.5205149828834643,3.8636568096781723,-0.12865020334720612,0.8803583979606628,-0.45652851462364197
9273,9273,1,0.99618775,300.1118034036302,108.50349769577728,809.8893155738698,0.4783993723194962,3.916060850330589,-0.10854820162057877,0.8876394033432007,-0.4475640654563904
9274,9274,1,0.9975356,302.05400804181596,107.17248456164498,813.0214197338528,0.44709636643592543,3.9579991998304362,-0.09590132534503937,0.8911959528923035,-0.443365216255188
9275,9275,1,0.99725527,299.5109054472725,105.96153403420699,805.3853406801128,0.37679761375041,3.771235983679279,-0.06387175619602203,0.8832980990409851,-0.46444037556648254
9276,9276,1,0.9965918,289.6260303386469,101.10626303589193,780.7735061017215,0.30889776059284335,3.1059614073698283,-0.02061295323073864,0.83282071352005,-0.5531588792800903
9277,9277,1,0.9960653,285.21439663930886,94.2978423718131,760.9186432472135,0.2819296612527491,2.390979933615535,0.007225407753139734,0.7378052473068237,-0.6749750375747681
9278,9278,1,0.99554753,297.0605069810875,88.04743204417609,786.6776292950577,0.2625529988203784,1.9611253195095983,0.011787429451942444,0.6315566301345825,-0.7752401828765869
9279,9279,1,0.9966288,287.9231748919085,80.63023568099912,762.0043915841161,0.3162771042942315,1.5406301332967212,-0.006228053942322731,0.5319383144378662,-0.8467602133750916
9280,9280,1,0.9968176,286.97251602908614,75.36290353352103,759.1357092787583,0.32931010493055574,1.3029628192828113,-0.01072155125439167,0.4593384563922882,-0.8881966471672058
9281,9281,1,0.99471176,277.5368064486815,68.10126073463614,743.7651543544816,0.35565220117050866,1.1010154198683544,-0.014112030155956745,0.4013928174972534,-0.9157972931861877
9282,9282,1,0.9955723,271.49259983183566,65.71447120051744,736.124608557974,0.3662181375038622,1.0133341547007504,-0.012222643941640854,0.37405693531036377,-0.9273252487182617
9283,9283,1,0.9956728,271.676742477992,64.72929967650022,743.0821854966192,0.3311634536244228,0.988942147810285,0.014320564456284046,0.36336642503738403,-0.9315361976623535
9284,9284,1,0.9925954,264.4286098662305,63.32189268511733,731.6013598622,0.30540327379181736,0.9576427746127212,0.04516800865530968,0.35872673988342285,-0.9323492050170898
9285,9285,1,0.9870979,260.16496987039835,63.769087879083344,730.6123823642785,0.29568142370672174,0.9792747279235757,0.05833626165986061,0.36729225516319275,-0.9282743334770203
9286,9286,1,0.9861333,257.9370802438492,65.0996767796687,731.4222041369004,0.28790405155369975,1.0219554838952272,0.06649942696094513,0.38209062814712524,-0.9217291474342346
9287,9287,1,0.98846483,258.3039475332227,65.35477550445704,739.5255633025796,0.28784615371919403,1.034823659235371,0.0650535449385643,0.38273003697395325,-0.9215670228004456
9288,9288,1,0.98947096,253.56741953154346,63.41749277514472,729.0663733903285,0.30180189659740253,1.0406515562026866,0.06195053830742836,0.39233478903770447,-0.917733907699585
9289,9289,1,0.99207264,253.02173327113803,63.765097460909125,730.9793934393365,0.2923872254800357,1.0497737912749034,0.06949781626462936,0.39454618096351624,-0.9162441492080688
9290,9290,1,0.9943125,250.98413075901271,64.98482421378601,733.124808724847,0.30088317268398745,1.0780841832654182,0.0652240589261055,0.4027189016342163,-0.9129968881607056
9291,9291,1,0.9944936,252.14640622802986,66.50973386620602,744.8218652199845,0.3031834741510187,1.1201546298934817,0.06007012724876404,0.41076788306236267,-0.9097589254379272
9292,9292,1,0.9950062,250.01093464266546,65.11638443616546,741.7968814537131,0.30422399855902005,1.134351227385802,0.062158532440662384,0.41920211911201477,-0.9057626128196716
9293,9293,1,0.9928348,259.80676816265566,64.65177085865163,770.7298141904465,0.2967542121215434,1.2075388346751776,0.0505886971950531,0.43147772550582886,-0.9007040858268738
9294,9294,1,0.9945582,257.7852573383263,64.8888569596186,764.3669329742961,0.3327595026850208,1.2715368510135112,0.02673393487930298,0.45646676421165466,-0.8893387317657471
9295,9295,1,0.99619687,256.66128831249176,65.54628280103434,759.1947467449812,0.3778947009838747,1.4042334376597003,-0.005976127460598946,0.5025509595870972,-0.8645269274711609
9296,9296,1,0.99639565,254.62941322256765,68.81631006726684,752.7210978416334,0.43116136237919844,1.6264516348053637,-0.04342216998338699,0.5710943341255188,-0.8197352290153503
9297,9297,1,0.9965013,247.3970623577628,70.66053120581228,731.8073349174197,0.4912423553205741,1.9661657640535635,-0.07772611826658249,0.6714768409729004,-0.736937940120697
9298,9298,1,0.9959925,244.07674707290207,72.07050376795695,724.653574067043,0.5608167989609392,2.588304198644779,-0.1139136552810669,0.7922064065933228,-0.59952712059021
9299,9299,1,0.99606234,248.81945900728053,76.80189679835186,736.5299520872295,0.6888982025672805,3.3287491294278935,-0.17194199562072754,0.8637337684631348,-0.47370874881744385
9300,9300,1,0.9957151,248.46111088552462,78.35674375191631,731.7716117224303,0.7037762816297733,3.721908150090384,-0.16924041509628296,0.8954808712005615,-0.41166937351226807
9301,9301,1,0.996838,245.72445609235592,79.80653187268705,726.9383524152895,0.7045674242008853,3.9551194479363327,-0.16221551597118378,0.9117474555969238,-0.3773629367351532
9302,9302,1,0.995826,252.39160211484295,82.77703966719615,749.6432100875862,0.675267833923367,4.371466752052653,-0.14594727754592896,0.9279227256774902,-0.3430144190788269
9303,9303,1,0.9975684,244.86072487271863,81.77335900388977,728.8855639183954,0.6370856348276438,4.418043544026651,-0.12507303059101105,0.9378008842468262,-0.3238615095615387
9304,9304,1,0.9963251,250.80164047400572,84.23844784758268,748.1807751091533,0.5295598079496772,4.761632049181859,-0.08389712870121002,0.9501746892929077,-0.3002154529094696
9305,9305,1,0.99684554,258.64367180616927,88.0992778277559,771.5017457706698,0.45917913926696063,5.077050901101759,-0.06192103028297424,0.9566921591758728,-0.2844396233558655
9306,9306,1,0.995891,261.2109307640698,89.93068299651567,780.1247626637934,0.4555026668282069,5.223399027212541,-0.06185613200068474,0.9589979648590088,-0.2765805125236511
9307,9307,1,0.9955759,262.5340686537981,89.95651799490321,783.9024132975696,0.532075725650919,5.014635573637121,-0.0906318873167038,0.9500222206115723,-0.29873672127723694
9308,9308,1,0.9946207,262.06091053364133,88.68355976840171,775.802337446271,0.6574931916932817,4.334175588670279,-0.14639906585216522,0.9190628528594971,-0.3659108579158783
9309,9309,1,0.9943271,256.9583831618748,86.97998083250711,757.7581433410423,0.848081944234376,3.149238098519411,-0.26080045104026794,0.8161110877990723,-0.5156993865966797
9310,9310,1,0.99576557,250.15342403108232,78.70146382743346,740.633909253138,0.9031372052935664,2.011024933367201,-0.333214670419693,0.6258571147918701,-0.7051743268966675
9311,9311,1,0.9933537,247.93003969160637,73.84066589493271,728.1594746823256,0.9187234240226525,1.1786213879919591,-0.3687804937362671,0.3862599730491638,-0.8454609513282776
9312,9312,1,0.99235827,276.13660270265524,79.91267018765475,799.1382906365856,0.9465359088307793,0.7462349815334496,-0.38659533858299255,0.19437310099601746,-0.9015337228775024
9313,9313,1,0.99817395,272.6854240751934,80.69136879100722,790.213146016982,0.9690910139274374,0.3541134827022327,-0.3901979327201843,0.05292864888906479,-0.9192084670066833
9314,9314,1,0.9968148,278.5368455714049,83.90720199952709,804.6634488052433,0.9617244657895155,0.09817086536931081,-0.37632089853286743,-0.0404898002743721,-0.9256042242050171
9315,9315,1,0.9978278,269.5162190441336,81.88528938000309,777.8317980063242,0.9126888025367235,0.03263062559858522,-0.3482159674167633,-0.06216086447238922,-0.9353510737419128
9316,9316,1,0.9978598,276.4355689316901,81.65647715176051,801.1671346904755,0.8385534420326738,0.24716975308730005,-0.31309786438941956,0.016644245013594627,-0.9495750069618225
9317,9317,1,0.99774796,269.544583909941,82.25054834275733,783.7030218500095,0.7838828835600219,0.7245472670430582,-0.2904537320137024,0.19890479743480682,-0.9359879493713379
9318,9318,1,0.99481094,287.44771634237736,94.55657696607001,834.9796227870379,0.7193245018042157,1.7460218308745827,-0.2551476061344147,0.5119979381561279,-0.8202181458473206
9319,9319,1,0.9960588,278.5222725284484,96.23153212349473,806.2066508255431,0.6471171895198692,2.6831757155509153,-0.19100502133369446,0.7434335947036743,-0.6409552097320557
9320,9320,1,0.99352866,292.8043749895077,104.24589869839262,840.2566222126883,0.6124857436189853,3.8136767754144048,-0.16024376451969147,0.8627978563308716,-0.4794808328151703
9321,9321,1,0.99516296,287.1199834503479,103.12105248756576,820.2328775809309,0.6260486500695993,4.337492499103948,-0.15212777256965637,0.9049855470657349,-0.3973138630390167
9322,9322,1,0.9960961,289.8479756413415,104.06734010930602,821.772857572113,0.6121960011169604,4.329295394653991,-0.14887765049934387,0.9045460820198059,-0.3995395600795746
9323,9323,1,0.9949928,292.0501777969424,106.56673516459934,826.4681760659078,0.6064670223858579,4.503428889626452,-0.1451880931854248,0.9125292301177979,-0.3823752701282501
9324,9324,1,0.99561524,288.3798029487543,105.3850920080652,811.0611234673779,0.6152858311238328,4.73497547461713,-0.14237257838249207,0.9271254539489746,-0.3466532230377197
9325,9325,1,0.9966156,298.3230385775335,107.72819665673336,835.7602965132406,0.5851025412276409,5.088696109707502,-0.13212352991104126,0.9362021684646606,-0.3256821036338806
9326,9326,1,0.9975733,294.68446668272577,105.33649483744614,824.9036445897527,0.5155277409087093,4.821370351945577,-0.1084425300359726,0.9319756031036377,-0.3459215760231018
9327,9327,1,0.99706227,288.9397765915831,101.32141596627149,805.5980929116481,0.2950440122664983,3.4309187546979207,-0.015186424367129803,0.8572015762329102,-0.5147570967674255
9328,9328,1,0.9969988,273.52008259276914,91.31531733296224,753.1491386317884,0.15876258700965085,2.235553879051936,0.10117897391319275,0.7117125988006592,-0.6951460242271423
9329,9329,1,0.99742573,279.47057615554377,77.35881184657963,747.1034737866407,0.09489746315461668,1.4436608856823634,0.16404178738594055,0.5117982625961304,-0.8432987332344055
9330,9330,1,0.99604684,285.92985953957054,66.22681339466432,748.1070233911937,0.06793987186084408,0.8802130982076091,0.1907639503479004,0.31801554560661316,-0.9286954402923584
9331,9331,1,0.9965578,299.4130555832329,64.68395529882045,779.4556823851323,-0.001789895736451593,0.5701469063082458,0.21918219327926636,0.1869371235370636,-0.9576082825660706
9332,9332,1,0.99804854,306.2436201258785,59.83366724459436,792.7676802505338,-0.045406218456127426,0.33358837893329724,0.23767034709453583,0.09870260208845139,-0.9663180708885193
9333,9333,1,0.9971124,299.2881986383242,55.852858948838445,774.8260145497546,-0.05778817648520842,0.20407142005455264,0.26005494594573975,0.05539677292108536,-0.9640033841133118
9334,9334,1,0.9974527,291.97334910761407,52.64280531550776,756.1992666839141,-0.06126222280383315,0.0967851065933607,0.2772502899169922,0.018592530861496925,-0.9606178402900696
9335,9335,1,0.9982951,295.4079033786936,47.99248304344942,764.4620514515094,-0.1032723871879434,-0.0011503632796146278,0.29638421535491943,-0.012163191102445126,-0.954991340637207
9336,9336,1,0.99726355,292.88116258358167,45.14936316358146,755.9758372376333,-0.10933177270145158,-0.01821805425247919,0.30622318387031555,-0.014932120218873024,-0.9518426656723022
9337,9337,1,0.99722135,289.46542099210046,43.6739834654231,744.7953749407233,-0.1329087207770763,0.12819092207044738,0.33120113611221313,0.04451408609747887,-0.942509651184082
9338,9338,1,0.99764663,294.89750357965016,41.95831393172109,760.0234327902195,-0.18272487966958492,0.4850396298051759,0.34894850850105286,0.18497343361377716,-0.9187055230140686
9339,9339,1,0.9970995,295.19557164793474,42.07167075941313,761.8332827840949,-0.2541680769162782,1.0567675862361368,0.37561628222465515,0.392389178276062,-0.839608907699585
9340,9340,1,0.9976833,299.40251276092056,41.62962088133,772.0514702561777,-0.34285106074333327,1.2481791424425006,0.4078221917152405,0.4450617730617523,-0.797245979309082
9341,9341,1,0.9981907,291.01235524452505,40.677020371302085,755.1377641374775,-0.357136105173971,1.2782955330581034,0.4288274943828583,0.45943859219551086,-0.7778323292732239
9342,9342,1,0.998632,299.65684050110053,40.41230552766559,780.4148926272295,-0.3525688467941695,1.3324098055850655,0.40486887097358704,0.4677686095237732,-0.7856677174568176
9343,9343,1,0.99898535,299.57194401901836,40.72348017314753,780.8782691015514,-0.25051897185439925,1.1128548094992183,0.358779639005661,0.4058440923690796,-0.8405758738517761
9344,9344,1,0.9989496,287.99429669962325,38.75453798028226,752.8563500019976,-0.08682743373545757,0.7744365620815223,0.29289108514785767,0.30512315034866333,-0.9061537384986877
9345,9345,1,0.99891603,287.34596357684774,38.357705301179415,753.572151186109,-0.0006503676801551725,0.4912084590692963,0.24107111990451813,0.19550926983356476,-0.9506107568740845
9346,9346,1,0.99924904,284.75618048920285,37.968923950199745,752.6711182855661,0.05536224870990168,0.11272124255744975,0.2085285782814026,0.0425669327378273,-0.9770894646644592
9347,9347,1,0.9990403,291.1994652926576,37.94502508306559,774.3052042424841,0.07078660382351859,-0.33469566533420897,0.1824573576450348,-0.12672826647758484,-0.9750124216079712
9348,9348,1,0.9992781,280.98262302765494,37.460572525142815,753.5865159009159,0.1940757936108763,-0.4815960453420855,0.11627069860696793,-0.1856389045715332,-0.9757148027420044
9349,9349,1,0.9991289,276.01159985735217,37.67808703619033,741.0667749982866,0.24365919642617911,-0.634184068125425,0.09053485840559006,-0.24248795211315155,-0.9659208059310913
9350,9350,1,0.99906486,290.0920751846753,37.187067633059314,779.4619477186887,0.21226645790214088,-0.44870521069480207,0.08942923694849014,-0.1690039187669754,-0.9815497994422913
9351,9351,1,0.9989753,299.4261544106068,37.644677213454095,805.0618987795477,-0.043167221821157224,-0.0907625463991948,0.23968227207660675,-0.032602641731500626,-0.9703037738800049
9352,9352,1,0.99900526,293.41704386213434,37.66499141813825,787.8199122759869,-0.16130246491255124,0.1490315391396062,0.3268893361091614,0.05800129845738411,-0.9432811141014099
9353,9353,1,0.999276,289.928608242961,36.48689012310726,771.9132285115246,-0.24860070044910057,0.3517986145980935,0.389278382062912,0.13725712895393372,-0.9108362793922424
9354,9354,1,0.99949837,291.6725163974743,36.897872645519094,766.2669047745435,-0.3404525288650341,0.4809674329085514,0.4407246708869934,0.18420301377773285,-0.8785391449928284
9355,9355,1,0.99940455,289.17920456520955,37.58640631314318,756.1059905110152,-0.3921302544401232,0.625054476291608,0.4735468626022339,0.23608697950839996,-0.8485377430915833
9356,9356,1,0.9988888,296.98118402827237,37.88790856741107,767.2903151653112,-0.46900048222058655,0.7661463235785717,0.4960148334503174,0.2795650064945221,-0.822078287601471
9357,9357,1,0.99811316,313.8420338086511,38.63689632555912,800.3059855700889,-0.5663410559896348,0.854830891903862,0.5086988806724548,0.2957809567451477,-0.8085413575172424
9358,9358,1,0.9970016,303.9033281548588,39.001904002123624,767.0816889584436,-0.5104201664382224,0.7772350970803558,0.5097172856330872,0.28065505623817444,-0.8132779598236084
9359,9359,1,0.9949468,311.3820120098148,39.31190448858707,783.6235953001395,-0.5026999311614319,0.764502743184859,0.4916503429412842,0.27321770787239075,-0.826820433139801
9360,9360,1,0.99447304,304.5815819857426,39.248947049555234,763.6608102594938,-0.4547438560511278,0.7235313246333483,0.48509591817855835,0.26628249883651733,-0.8329318761825562
9361,9361,1,0.99545985,301.44182782632646,39.358654699121985,754.80086225406,-0.4371393919743841,0.7256112433655783,0.48352479934692383,0.2698855698108673,-0.8326857686042786
9362,9362,1,0.9958021,304.9518609517764,40.188770328739274,762.9772243474663,-0.4560524188086461,0.7847158000915067,0.484229177236557,0.2868533134460449,-0.8265816569328308
9363,9363,1,0.996752,308.62350506128695,41.072451880007826,772.5065215002468,-0.47896097398435006,0.8779704131021039,0.48483023047447205,0.314191073179245,-0.8162252306938171
9364,9364,1,0.99645126,308.54031544324744,40.35419732510797,769.9359337984496,-0.5227847337440116,0.9526730058266194,0.5044289827346802,0.33733758330345154,-0.7948300242424011
9365,9365,1,0.9964809,308.8126369582887,42.228704769659686,770.3377509197004,-0.543088670830378,1.0832669437821203,0.5083773136138916,0.3759055733680725,-0.7747564315795898
9366,9366,1,0.9950577,311.6097274004278,42.137989780832534,776.1070157927819,-0.5740683957956343,1.1652474578317886,0.5135999321937561,0.39730104804039,-0.760504424571991
9367,9367,1,0.99406,305.63961723661964,42.83506535968363,760.9327049880139,-0.5831928825427137,1.2261746182213726,0.5264867544174194,0.418194979429245,-0.7402194142341614
9368,9368,1,0.99399394,308.65801621778957,43.5900266008695,771.2729556851945,-0.5732080889005731,1.3216880489312992,0.5097745656967163,0.4441981911659241,-0.7367618083953857
9369,9369,1,0.9912457,304.64428355720247,50.443157199188455,771.8122442822645,-0.5404765570507171,1.4178251465792542,0.49419263005256653,0.46858957409858704,-0.7322551012039185
9370,9370,1,0.9958962,306.42769872615645,56.2760017303357,785.9919288042674,-0.5395817451348476,1.547635095192579,0.480092316865921,0.4951344430446625,-0.7241224050521851
9371,9371,1,0.9980149,307.88285311188196,65.08585491933489,798.8024705645275,-0.5276419804939649,1.730589742968383,0.4591943621635437,0.5334810018539429,-0.7103087902069092
9372,9372,1,0.9972851,312.2304811264925,69.757319042585,814.543771052694,-0.5374999306035516,1.8964994032119875,0.4448181390762329,0.5649008750915527,-0.6949991583824158
9373,9373,1,0.9976017,317.37051070633817,71.96384021593514,829.6843915307915,-0.5534710676257143,1.9936149904214588,0.4368942081928253,0.5794633626937866,-0.688001275062561
9374,9374,1,0.99685776,310.619282910933,72.67647911972209,812.3578260899423,-0.5460814306396036,1.983460259043636,0.4456138610839844,0.5828983187675476,-0.6794540882110596
9375,9375,1,0.99727196,307.33802453201133,72.22087561254047,803.1353060698534,-0.5548143845906613,1.8872904514560476,0.46182745695114136,0.5621263980865479,-0.686097264289856
9376,9376,1,0.9977704,306.78085111448786,71.91505425153315,796.2156876179355,-0.5463546424133673,1.7436742160481506,0.4705747067928314,0.5299990177154541,-0.7054505944252014
9377,9377,1,0.9965939,305.8809373649988,63.630988935408574,780.234133637187,-0.5040408118087863,1.4830033875097772,0.4721887707710266,0.4768778681755066,-0.7413671612739563
9378,9378,1,0.9942615,301.17544022022435,54.6690073563459,762.3872762611699,-0.4383558488190276,1.2130471922330817,0.46473026275634766,0.4162662923336029,-0.7815037965774536
9379,9379,1,0.9947253,301.24238885518884,51.13095895943917,759.1257808488944,-0.401007429388643,1.0298708167172335,0.454683393239975,0.36413803696632385,-0.812813937664032
9380,9380,1,0.9970873,301.74542949410176,47.321159582328995,762.5890951727806,-0.387756229264157,0.9358554378813936,0.44855883717536926,0.3358895480632782,-0.8282349705696106
9381,9381,1,0.99705374,303.70870616315415,45.60854960174353,772.3068339680145,-0.3895393521421198,0.9040977010670319,0.44390714168548584,0.32370442152023315,-0.8355608582496643
9382,9382,1,0.9967583,302.9030441523732,44.38789622043351,774.5856162082367,-0.4062518040411753,0.8954137466553017,0.4524875581264496,0.32000595331192017,-0.8323768973350525
9383,9383,1,0.99712425,300.21809113461103,42.1989074777914,774.4116492007341,-0.4299138574388438,0.8801166688840639,0.4674081802368164,0.31508708000183105,-0.8259840607643127
9384,9384,1,0.9968041,298.13608608149553,40.9658412865846,771.1472263824468,-0.4725742144543166,0.9026316471033154,0.49106693267822266,0.32158347964286804,-0.8095908761024475
9385,9385,1,0.99704117,287.95597231731773,40.994094594401936,747.5276011526635,-0.47280711721536645,0.8807555846741981,0.5126749277114868,0.3194738030433655,-0.7969322204589844
9386,9386,1,0.9961105,298.6724794714304,40.15749209360347,775.5143057221804,-0.5432029595161855,0.8944495038572802,0.5218729376792908,0.3130740225315094,-0.7934944033622742
9387,9387,1,0.9956683,296.5371074591157,39.932029306234604,771.0525262007908,-0.5487626872232829,0.8643681508867214,0.5293503999710083,0.30382293462753296,-0.7921362519264221
9388,9388,1,0.99677116,295.1308377780411,38.84122442702506,768.1279825815419,-0.513965438733872,0.8725402142468295,0.5155442953109741,0.3109448254108429,-0.7984530925750732
9389,9389,1,0.99655116,292.9485990399246,36.928038987050904,764.6028252313714,-0.5069364236904574,0.85504021668523,0.5161232948303223,0.308290958404541,-0.7991079092025757
9390,9390,1,0.9958919,289.26414816364286,36.21749879860448,760.000553082355,-0.4874540853286728,0.8402999159158809,0.5128198862075806,0.30621978640556335,-0.8020257353782654
9391,9391,1,0.9926858,281.63143236587683,35.86345210999653,742.3412013312897,-0.4266524726102151,0.7932337668294802,0.5005139708518982,0.2987070381641388,-0.8125638365745544
9392,9392,1,0.9931878,285.74430642947544,35.25060669952164,755.2686810933196,-0.39990521097043874,0.7912725759324438,0.47666656970977783,0.29742729663848877,-0.827239990234375
9393,9393,1,0.9919578,284.1849572943819,34.55495727881594,754.8914778366925,-0.3708783101758141,0.7833309830939286,0.463446706533432,0.2971973419189453,-0.8348000049591064
9394,9394,1,0.9915986,279.7508380414838,33.560835470673744,745.4284341054557,-0.34054214537134503,0.7559894307179948,0.45699170231819153,0.2927030026912689,-0.8399307131767273
9395,9395,1,0.9920472,271.3903328000131,29.689925976086744,720.250126408333,-0.3125837386548261,0.6574611353708232,0.4650349020957947,0.2689548432826996,-0.8434486985206604
9396,9396,1,0.9862309,276.14801472332397,28.2671042668505,732.208095033992,-0.3339634842523728,0.6553232421122397,0.4655779302120209,0.2658630907535553,-0.8441291451454163
9397,9397,1,0.986484,274.36508957287145,24.65557759154623,719.7367493913403,-0.3184806767400936,0.6215112770494535,0.46561557054519653,0.26180508732795715,-0.8453758358955383
9398,9398,1,0.9844087,274.02124130556507,20.34927956055861,711.1119166991772,-0.3289177647802242,0.6411681106633572,0.47490501403808594,0.2763206660747528,-0.8355310559272766
9399,9399,1,0.9932852,276.39837132633176,17.291579163879955,706.7590754382267,-0.3590734172799921,0.6614108192603375,0.48989588022232056,0.287308931350708,-0.8230769634246826
9400,9400,1,0.99671316,274.1905612438455,15.655322446246744,689.8366569802109,-0.3583517372928231,0.6866449840849703,0.49955904483795166,0.3037515878677368,-0.811280369758606
9401,9401,1,0.9964659,277.00869976490964,14.20465154402128,685.2939584827105,-0.35902611823666325,0.7301923166394942,0.49757641553878784,0.3239020109176636,-0.8046770691871643
9402,9402,1,0.9960406,280.2366766514203,14.257301540259084,689.2903315529464,-0.3560416777209348,0.8401862875844881,0.4858133792877197,0.36397314071655273,-0.7946754097938538
9403,9403,1,0.9975356,277.087794554591,12.8173007723007,676.2843419765003,-0.3206794863318906,0.9054732614440966,0.47253867983818054,0.3973879814147949,-0.7866320610046387
9404,9404,1,0.9972084,273.63823397771614,14.403743638402583,670.1669436676538,-0.25768897668021323,1.012787393970061,0.437305748462677,0.4429433345794678,-0.7826651930809021
9405,9405,1,0.99863005,268.042233544794,17.683223350129953,673.8130245508877,-0.20611491372444687,1.1183505720858662,0.4054027795791626,0.47892630100250244,-0.7786386609077454
9406,9406,1,0.9978275,245.13533573358015,21.674342956392298,638.1978435702177,-0.0651680956808732,1.172276652757408,0.3550463020801544,0.5229253768920898,-0.7749136686325073
9407,9407,1,0.9988292,226.92773837432492,23.957550265599547,614.2286562422079,0.035177511729050835,1.1933694943046662,0.3172585368156433,0.5491192936897278,-0.7731850147247314
9408,9408,1,0.99895465,228.16857047024823,22.83066518303879,622.700847111267,0.05105652256921702,1.2719662663027065,0.2954036295413971,0.5739924311637878,-0.7637208104133606
9409,9409,1,0.99848145,218.7659874605773,21.891129032914947,607.3916192200368,0.06337758591433028,1.3329705616452718,0.299826443195343,0.6040586829185486,-0.7383882403373718
9410,9410,1,0.99859625,216.4199499690155,19.58802126969292,613.1316719345527,0.017353386506703223,1.3701766229063048,0.3299115002155304,0.6080644726753235,-0.7220914363861084
9411,9411,1,0.99810225,214.24072399129406,17.602486759668448,615.8712096832165,-0.05443157741086835,1.3543365407524595,0.38014569878578186,0.5928602814674377,-0.7099338173866272
9412,9412,1,0.9988005,208.03552228253952,12.783279228057014,600.3900943920348,-0.08993720909250313,1.2376424228753458,0.4249320924282074,0.5616647005081177,-0.7099052667617798
9413,9413,1,0.9984572,214.21657691237556,0.48246410858811356,599.3509703908267,-0.1648455678073297,1.0432985821383542,0.47635799646377563,0.49872133135795593,-0.7241271138191223
9414,9414,1,0.99862015,214.61757562792596,-1.2723613693058127,594.3088772192888,-0.17767168384071302,0.8370480494206053,0.5012285113334656,0.4245780408382416,-0.7539916634559631
9415,9415,1,0.9983296,216.39226759995634,-4.570895136984419,587.5501252891441,-0.1367002194052086,0.6413781775719112,0.4892920255661011,0.3577699661254883,-0.7953577637672424
9416,9416,1,0.99882287,212.32921462417198,-4.071681377589435,572.1621890296468,-0.07401253702765677,0.5080079059421005,0.4695064127445221,0.3101235628128052,-0.8266723155975342
9417,9417,1,0.99876887,215.83960710406518,-5.639822995772661,574.6181919144133,-0.04984937349746058,0.4305407264596967,0.449501633644104,0.278293251991272,-0.8488234877586365
9418,9418,1,0.9986858,224.45767548807865,-5.311669349963291,588.2301227011051,-0.06279910716979786,0.4095278923697306,0.4396572709083557,0.26362183690071106,-0.8586064577102661
9419,9419,1,0.9993838,230.67933851966404,-4.976329067335875,583.5772275378289,-0.058371275798468486,0.39853591679672035,0.4315885603427887,0.2611192464828491,-0.8634513020515442
9420,9420,1,0.99942243,236.28976760452693,-5.33385145706121,588.1969393329533,-0.0632272113787028,0.4198017209300553,0.42407235503196716,0.27063965797424316,-0.8642434477806091
9421,9421,1,0.99929976,236.67340104902874,-5.341429348106854,584.9910676057056,-0.08855278264899524,0.49738808955985275,0.44053128361701965,0.3060266077518463,-0.8439667820930481
9422,9422,1,0.99887925,241.66604831778446,-4.920951977807076,593.0851537234456,-0.12792662108255282,0.6902860630100119,0.44697755575180054,0.3842318654060364,-0.8078223466873169
9423,9423,1,0.9994271,235.02665201638743,1.295271668511944,584.5635094892857,-0.11368373947767259,0.9395004063130323,0.43555161356925964,0.4818642735481262,-0.7603299617767334
9424,9424,1,0.9996132,242.90795416589538,8.88449173929664,620.721748159951,-0.1640723978077939,1.3100775129409636,0.41408708691596985,0.5775696039199829,-0.7035235166549683
9425,9425,1,0.9988084,235.2015770564719,23.56241284208438,608.0066800061253,-0.1529266865713787,1.6338221969856683,0.39664366841316223,0.6642705202102661,-0.6335759162902832
9426,9426,1,0.999178,246.25620631802835,27.50910048279336,623.2801600646902,-0.22988047250336696,1.9700957021441274,0.3931664526462555,0.7229614853858948,-0.5681082010269165
9427,9427,1,0.9992131,252.1513410464759,29.805558408563,629.2322545232921,-0.30956162157369566,2.2597542385631346,0.40022653341293335,0.7623614072799683,-0.508550763130188
9428,9428,1,0.99867475,268.00332571551576,31.856091783562253,647.143421305131,-0.4000860271404643,2.621600499308902,0.3917945325374603,0.8000643253326416,-0.45430615544319153
9429,9429,1,0.9970969,274.0774820780666,34.07556653333029,638.8306880760771,-0.4302120578823082,2.773399197225578,0.3883135914802551,0.8190421462059021,-0.4223535656929016
9430,9430,1,0.99875844,290.340035864979,35.01071110785892,651.4675165074669,-0.48046157740631884,3.0622000446894138,0.36944517493247986,0.8442015051841736,-0.3883737027645111
9431,9431,1,0.9987155,293.167032945156,39.95049596222852,625.9629757636184,-0.43274398128905933,3.055479189368005,0.35186102986335754,0.8577033877372742,-0.3748849034309387
9432,9432,1,0.9984328,303.33282762364894,42.45994010111442,631.1085548228859,-0.41014938952043173,2.9137791908729036,0.34526243805885315,0.8470900058746338,-0.4040203392505646
9433,9433,1,0.9988463,304.58563752022474,45.180070432083475,625.9198504809245,-0.30721697684068067,2.686494422335232,0.3153292238712311,0.8368927836418152,-0.4474125802516937
9434,9434,1,0.99534816,311.896621573061,49.131177651735435,623.4432849431014,-0.2575069110609772,2.5308650127028685,0.29645800590515137,0.8251233696937561,-0.48092004656791687
9435,9435,1,0.9949929,334.44093914750607,52.15065564008817,651.4919063167231,-0.3109372080879747,2.5448139222789377,0.2973363995552063,0.8125975728034973,-0.5012746453285217
9436,9436,1,0.9958811,346.38413377859723,55.40714573291799,666.2120180968947,-0.41123027301129644,2.623100578975442,0.32948198914527893,0.8060929179191589,-0.4915851354598999
9437,9437,1,0.99826294,348.4987525934325,58.94558718841379,652.6190939326888,-0.4560653747235908,2.549490045768226,0.3597336411476135,0.7941082715988159,-0.4898814857006073
9438,9438,1,0.99808264,362.1976956613389,61.19920429873152,668.316398073992,-0.5389373304170274,2.7444323256474807,0.36767953634262085,0.8061878085136414,-0.4635440409183502
9439,9439,1,0.99737966,353.4778577438404,64.30978747888786,648.0680279052286,-0.44583291562096233,2.6647655893353446,0.34221988916397095,0.8133242726325989,-0.4705201983451843
9440,9440,1,0.99616635,348.12524034319534,64.9679751956722,633.5267444362565,-0.3683068896432645,2.7134477391239327,0.3064698874950409,0.8346583247184753,-0.45762622356414795
9441,9441,1,0.9958176,368.83009345939473,67.61179701188728,667.5473117413761,-0.3646877315321983,3.0938888906160065,0.2528587877750397,0.8682745099067688,-0.42680415511131287
9442,9442,1,0.99667144,350.5339772998063,67.94494691761041,632.3153591394731,-0.1373377503454579,2.9276339325972343,0.16678667068481445,0.8824938535690308,-0.43975770473480225
9443,9443,1,0.9766808,370.45517177800053,73.13081428321615,658.2000916524228,-0.14697256744466,3.3133896363474133,0.13289237022399902,0.9065899848937988,-0.4005424380302429
9444,9444,1,0.988856,372.40429437453196,74.64680073404985,657.3618656703059,-0.039558895897194246,3.4554289514096412,0.07256069034337997,0.9207850694656372,-0.38326212763786316
9445,9445,1,0.9862918,381.25204498825383,76.95412385096485,673.3686750239219,0.046842515499767645,3.556598669613804,0.019415196031332016,0.9229463338851929,-0.38443878293037415
9446,9446,1,0.98737943,372.7380777513377,75.56770700846114,657.188940707117,0.008435187677068806,3.4678756795433774,0.04810222238302231,0.9224503040313721,-0.3831079304218292
9447,9447,1,0.9843035,383.8296753780771,76.40631194409957,675.8442179415962,-0.10090677325951798,3.6356253542039636,0.08624492585659027,0.9247783422470093,-0.37060341238975525
9448,9448,1,0.98658293,383.61915107122445,75.42579299601827,675.0833421323224,-0.20682501515701426,3.5948143289036723,0.13762138783931732,0.918272852897644,-0.3712617754936218
9449,9449,1,0.98182493,388.7027315284288,73.87447790329071,683.5500622177938,-0.33923585430943914,3.595103215217814,0.1933850795030594,0.9082054495811462,-0.37116721272468567
9450,9450,1,0.9932069,362.8114676903355,71.67014996855079,647.1034528787296,-0.31462096878657536,3.5167064153798053,0.21081852912902832,0.911824107170105,-0.3523242771625519
9451,9451,1,0.99343336,352.4668146797347,69.93422095258187,632.7684609388532,-0.35816692857917476,3.4959451803749806,0.24157372117042542,0.9089077115058899,-0.3398955464363098
9452,9452,1,0.9957039,364.25013616514724,71.25194589223506,654.6463548516296,-0.4764995421915635,3.7512601711440827,0.2654187083244324,0.9098036289215088,-0.3190772235393524
9453,9453,1,0.9959437,346.7269833971971,69.47998609371187,625.2923030875316,-0.4408507637692966,3.7274851836800114,0.2676858901977539,0.9157505035400391,-0.29957515001296997
9454,9454,1,0.9947924,360.714371813983,70.56237368927742,648.910756202234,-0.49567063782257426,3.9540475268401885,0.2633078396320343,0.9201121926307678,-0.28993549942970276
9455,9455,1,0.9957645,360.6727717683663,70.37042619339347,649.5567251200383,-0.4927611227902209,3.8534382102491045,0.26846539974212646,0.9147704839706421,-0.30186304450035095
9456,9456,1,0.9965125,353.28766890499793,68.9303865411082,639.7115665468791,-0.4274374501066469,3.4222651074284864,0.27614638209342957,0.8948050141334534,-0.350809246301651
9457,9457,1,0.997065,347.0299718706213,68.37457804518608,628.9482919415874,-0.3946233608142708,3.0881698933182697,0.2920927405357361,0.8726238012313843,-0.39142000675201416
9458,9458,1,0.9954201,352.21397273401044,69.57996368599542,640.2375493331843,-0.4661558786371132,2.9780354161272347,0.3291637599468231,0.8493603467941284,-0.4125994145870209
9459,9459,1,0.99506974,363.5147348441926,69.24621699043047,661.1981011918832,-0.5285875049679167,2.8555177936656304,0.3556031882762909,0.8222304582595825,-0.4443911612033844
9460,9460,1,0.99690837,380.4028353117432,70.49095681343384,693.9467664842582,-0.5726857495151033,2.9220171460751243,0.35069119930267334,0.8166087865829468,-0.4584384560585022
9461,9461,1,0.9982761,353.9785274646611,67.61658066064395,656.0619669723027,-0.406974099991912,2.746318052513405,0.315070241689682,0.8251762390136719,-0.4688442647457123
9462,9462,1,0.99848866,370.91199463456246,69.34680327475775,685.0338711862254,-0.37186580051792445,2.934482497377741,0.263677716255188,0.8440694808959961,-0.4669269621372223
9463,9463,1,0.9971523,358.84602389330075,69.55909314739779,662.3837300077739,-0.34128033628736837,3.1099429254156066,0.2505633234977722,0.8714978098869324,-0.4215562343597412
9464,9464,1,0.9954075,365.9028222360998,72.21497859846335,673.6906004388593,-0.4015615471734405,3.529599361261721,0.24474415183067322,0.8975414037704468,-0.366769403219223
9465,9465,1,0.996222,363.6298968206475,71.1595079197746,667.6474482180216,-0.4611877234956344,3.976090339286619,0.24496185779571533,0.9208560585975647,-0.3033444583415985
9466,9466,1,0.99661094,367.12954417496735,72.69679856715372,673.4910658903561,-0.5595017914672026,4.572967676108551,0.24604478478431702,0.9382214546203613,-0.24331560730934143
9467,9467,1,0.9971079,368.3348093066623,71.84193076261157,675.3875869856403,-0.7066099566729787,5.026766900861947,0.27005788683891296,0.9414779543876648,-0.2017127126455307
9468,9468,1,0.99421966,391.6835798084648,70.99047814691629,711.5781258143637,-0.8846052145264898,5.282295880175501,0.2956618666648865,0.9341391324996948,-0.19992037117481232
9469,9469,1,0.99177855,410.2518878113829,72.06724403807273,744.9874227485561,-1.0409047600867989,5.483477452179593,0.3181358575820923,0.9264910817146301,-0.20100723206996918
9470,9470,1,0.99513066,387.84525030166355,71.7875216203499,715.3709215065419,-0.9528018760377187,4.825398877302955,0.34476250410079956,0.909050703048706,-0.2340206801891327
9471,9471,1,0.99782073,357.363498031779,69.57550573731271,667.9987626090128,-0.9018744214887922,4.28056985861611,0.3868430256843567,0.887717604637146,-0.24961954355239868
9472,9472,1,0.9982968,362.46815155679343,64.66375562271823,684.0126251469878,-1.0774414411064426,4.11576681611707,0.4485851526260376,0.8535934090614319,-0.2648579180240631
9473,9473,1,0.99827135,316.14529014169744,45.587197217351196,601.17175944611,-0.8409193367916181,2.5785628100398865,0.5527097582817078,0.7410169243812561,-0.3813212513923645
9474,9474,1,0.9932534,298.50593118359706,29.934513489077982,566.7215998359098,-0.6626450507306356,1.539728004924281,0.6210468411445618,0.5796054601669312,-0.5275969505310059
9475,9475,1,0.99727505,291.2230581931105,22.18728989144338,551.8072609102277,-0.5658552716554168,1.0289779191170647,0.6433892250061035,0.451038122177124,-0.6185588240623474
9476,9476,1,0.9967769,290.22985841300965,11.90139960982259,549.8500221503045,-0.5374456774993327,0.7576018798482244,0.6511498093605042,0.36753830313682556,-0.6640177369117737
9477,9477,1,0.98644525,302.24421086703813,4.89300394008279,580.6053664365842,-0.5908665201884645,0.7043151277084464,0.6469777226448059,0.34154337644577026,-0.6817389726638794
9478,9478,1,0.99150413,302.8773092860322,-0.5067617032479413,594.9321940728322,-0.6225536746553652,0.7493017437332666,0.6469836235046387,0.3559979796409607,-0.6742979288101196
9479,9479,1,0.9972785,293.00002602674107,-4.521377670619148,606.8128604717458,-0.5862704952261992,0.7994488035315078,0.6282809972763062,0.3767206370830536,-0.6806942224502563
9480,9480,1,0.997384,284.43850030951074,-8.055641966131871,612.6786715755666,-0.5295447457016828,0.837079792484792,0.6035210490226746,0.3973276913166046,-0.6912981867790222
9481,9481,1,0.9933408,280.06317308293234,-10.079513290147064,616.2400466592712,-0.4410244015924687,0.8351097875340434,0.5629137754440308,0.40866583585739136,-0.7184151411056519
9482,9482,1,0.9967507,273.1937006968635,-12.262518813869557,628.5443413146098,-0.3759447613146673,0.805440331312906,0.5305880904197693,0.4019462764263153,-0.7462676763534546
9483,9483,1,0.9979547,265.6268936531469,-12.241941186289486,636.4146446024321,-0.33985325881080913,0.7600566745793437,0.517266035079956,0.3841308057308197,-0.7647740840911865
9484,9484,1,0.99783856,259.8967142253678,-11.74986212471057,647.322499211023,-0.33576796398257536,0.6976825389724816,0.5183010101318359,0.35474449396133423,-0.7781519293785095
9485,9485,1,0.99709487,239.29442909311328,-8.797715697706577,633.7313216370461,-0.2862924425356786,0.5991915903237959,0.5253729224205017,0.3180016279220581,-0.7892137765884399
9486,9486,1,0.99531907,229.84001920090643,-5.748853780396547,629.6086489300006,-0.27034302597213494,0.5129546116182936,0.5327847003936768,0.2802683413028717,-0.798492431640625
9487,9487,1,0.99473035,232.85484358441434,-6.201973839924619,650.2107522340281,-0.31748609020576923,0.4922688675020418,0.5430935621261597,0.2632311284542084,-0.7973449230194092
9488,9488,1,0.996734,220.30428650593163,-3.9387535771493063,634.6556045006581,-0.2927025539476667,0.498167643532226,0.5519320368766785,0.2666105628013611,-0.7901201844215393
9489,9489,1,0.9953366,219.66407026780146,-2.9981735537895915,651.3791194511424,-0.32020899642097256,0.5370933406349223,0.5555002689361572,0.27345913648605347,-0.7852640151977539
9490,9490,1,0.9941651,209.1084314592598,-2.453496039536091,636.9495436978241,-0.3015659183262185,0.531347836386749,0.5648906230926514,0.274091899394989,-0.7783137559890747
9491,9491,1,0.99729496,199.84503576260067,-1.0167895174727708,637.0094858575718,-0.285056408207055,0.5655551839691608,0.5643215775489807,0.2850651144981384,-0.7747767567634583
9492,9492,1,0.995909,198.03710231014216,-0.7677883134430891,647.8961081428272,-0.3209946847456682,0.652038644311449,0.5737581849098206,0.3106023967266083,-0.7578441500663757
9493,9493,1,0.99603695,197.92883892607037,-2.7095919701815823,654.9014003178482,-0.3534864463591101,0.7228447632423207,0.5814290642738342,0.3332626521587372,-0.7422104477882385
9494,9494,1,0.98621976,188.58485519943733,-1.1558798364928151,644.1704294844475,-0.3334690533836103,0.6987185621909433,0.5878190994262695,0.32591038942337036,-0.7404398322105408
9495,9495,1,0.9826298,188.4274088880104,-1.7727112991090312,660.1304059476635,-0.36058801554309483,0.6813806620642819,0.5918211936950684,0.3125993311405182,-0.742986798286438
9496,9496,1,0.9895648,183.2804833324917,-2.7002423827378315,660.2242690857466,-0.3612308466315375,0.6426895925169535,0.5976741909980774,0.2984578013420105,-0.7441158890724182
9497,9497,1,0.99302685,174.01589963888094,-2.48387972897824,659.0867644020401,-0.34704978686955457,0.623146641027347,0.6004711985588074,0.2907123565673828,-0.7449299693107605
9498,9498,1,0.9903459,171.11136979121116,-0.5482151288383553,667.4608051022136,-0.3792507309316363,0.6444655444810709,0.6114751696586609,0.29020756483078003,-0.7361234426498413
9499,9499,1,0.98131853,169.20437019725475,0.8043013424092749,669.4437749003054,-0.3563935776513617,0.6586911198674242,0.6019301414489746,0.2948702871799469,-0.7421129941940308
9500,9500,1,0.99321175,164.13797267039826,2.4584539134266854,674.1896659121381,-0.3031331220620145,0.6795191854831883,0.5795296430587769,0.3028916120529175,-0.7565726041793823
9501,9501,1,0.9891102,159.51216336484393,2.7704200208527303,673.2131871309256,-0.27104261176229355,0.7073419104006872,0.568263590335846,0.31479793787002563,-0.7602491974830627
9502,9502,1,0.98771346,158.33503686159088,2.8233276256150597,683.6182463581181,-0.26651503415933836,0.6779308168295246,0.5626204609870911,0.3011986315250397,-0.769894540309906
9503,9503,1,0.9907516,155.74641841203996,0.575753726519873,678.2374028394526,-0.241249990756593,0.6332821514778745,0.5571350455284119,0.2908525764942169,-0.777820885181427
9504,9504,1,0.9795537,155.3779371126722,1.5032828857341016,672.6684590075348,-0.22836082285104878,0.6185447891883787,0.5551162362098694,0.28696027398109436,-0.78070467710495
9505,9505,1,0.99020714,156.0881859278323,3.0750274740782495,679.8682334551803,-0.2481576260050017,0.5665326825566951,0.5618501305580139,0.26240238547325134,-0.7845185995101929
9506,9506,1,0.98977005,158.97024295341697,5.042493032801642,673.0356671117163,-0.27695903907161146,0.5598687273530795,0.57724529504776,0.2577383816242218,-0.7748282551765442
9507,9507,1,0.9883853,161.2232131461959,6.715699939325817,676.6427211464143,-0.2502643566501518,0.548111149275336,0.5613526701927185,0.25281989574432373,-0.7880135774612427
9508,9508,1,0.9882429,168.8185257963651,6.414710618999507,693.5847753210452,-0.2907086096029744,0.5740238345280612,0.563368022441864,0.25687119364738464,-0.7852602005004883
9509,9509,1,0.99177647,175.40531386380212,6.381922353969951,685.6084104295782,-0.2801954257563334,0.6130652538150092,0.5559844374656677,0.27530184388160706,-0.7842769026756287
9510,9510,1,0.9863587,183.37916364338253,6.860247972080647,685.5096080314166,-0.31002981312725914,0.622778428377129,0.5628812909126282,0.2775207459926605,-0.778554379940033
9511,9511,1,0.9824852,188.1888762641196,6.8650928303518866,687.5661057660254,-0.3131946701225302,0.6625187483573765,0.5576789379119873,0.2920704185962677,-0.7769743800163269
9512,9512,1,0.97800577,199.43296784541613,8.991603555679701,696.7865916769792,-0.4174963010930931,0.7683267497556544,0.586521327495575,0.3172367215156555,-0.7452205419540405
9513,9513,1,0.989115,207.63350202233315,9.08380805693197,696.7403628851004,-0.531038292707304,0.8416593063063474,0.6232785582542419,0.3320949375629425,-0.707980751991272
9514,9514,1,0.9909685,213.41644262053413,8.37715438786015,684.3113557486186,-0.6454774074009265,0.9436394931315044,0.6618059873580933,0.3570956885814667,-0.6591628193855286
9515,9515,1,0.99703264,222.0919588572077,9.653264467643888,674.1169656017977,-0.7688038606398951,1.0821017176130117,0.693256139755249,0.3867204189300537,-0.608147382736206
9516,9516,1,0.99663574,231.7895422993699,11.316185238881436,679.5131008257287,-0.9340166125708671,1.3049679629457367,0.7177671790122986,0.42493852972984314,-0.5515773296356201
9517,9517,1,0.99391526,230.1193323752312,11.442916262826364,666.0573498618149,-0.9552327412739559,1.40938514170373,0.7216439843177795,0.45092272758483887,-0.5252606272697449
9518,9518,1,0.987931,234.46963801463565,12.718745976282646,662.6216342539798,-1.0399407301655055,1.5443964306960756,0.731472373008728,0.47174227237701416,-0.49234896898269653
9519,9519,1,0.9917664,239.85753924978857,13.989940383652241,662.3262447363517,-1.0616384154408347,1.6461408516657208,0.7264580130577087,0.49272453784942627,-0.4790422022342682
9520,9520,1,0.991104,241.70689743426328,13.55640070156702,656.3454611516357,-1.056930431103079,1.6386879545082,0.7269576191902161,0.49406445026397705,-0.4768993556499481
9521,9521,1,0.99185395,243.04578665371682,15.678865772623482,645.9226580377245,-0.9593734302722964,1.4779417963996593,0.7199781537055969,0.4731162190437317,-0.5077328085899353
9522,9522,1,0.99438334,242.03449061522215,16.653695333441508,633.0365726468481,-0.8471151279972898,1.3528855265818913,0.7056707143783569,0.4614852964878082,-0.5376431941986084
9523,9523,1,0.99533856,240.51651904971982,16.50139776985,625.5022602019743,-0.7528246821592066,1.2301951024561777,0.6913730502128601,0.4446053206920624,-0.5694992542266846
9524,9524,1,0.9941705,247.5296258956923,16.879552634248068,633.3978349777259,-0.6999542874744513,1.167836495421996,0.6711790561676025,0.4345221519470215,-0.6005907654762268
9525,9525,1,0.99551374,244.1074484006502,18.337191240353516,615.2764654319232,-0.6316997877606966,1.1066334377957519,0.6633583903312683,0.4296647310256958,-0.6126531362533569
9526,9526,1,0.99036014,248.36681270635503,18.291011018439193,620.2801599384658,-0.6545225985155174,1.1343741952220627,0.6640885472297668,0.434578537940979,-0.6083813905715942
9527,9527,1,0.99299085,252.79215752019317,17.51414261258103,622.9630016243108,-0.6682960373705931,1.13681597307637,0.6642892360687256,0.4345555007457733,-0.6081787943840027
9528,9528,1,0.9928277,245.1471450840119,18.637614595772593,607.3573700371255,-0.6555994955587199,1.1183210338504528,0.6742845177650452,0.43202197551727295,-0.5989135503768921
9529,9529,1,0.99307936,242.3362945341253,17.99247248952257,600.1118390572196,-0.6148284713965914,1.0392440360367377,0.6711204051971436,0.4153601825237274,-0.6140629649162292
9530,9530,1,0.99194205,245.18895437363116,16.001041508858236,613.0866652703363,-0.6160625812513949,0.9670992864707576,0.6674598455429077,0.3904424011707306,-0.6340758204460144
9531,9531,1,0.99287087,239.90041126154517,15.797757094830274,602.7184010254948,-0.5932206425200854,0.913901917405925,0.6717402338981628,0.3776138424873352,-0.6373169422149658
9532,9532,1,0.99498796,240.93890728550014,15.627262026325196,611.0832057153337,-0.6230905705023706,0.8932339011791897,0.6787140965461731,0.3644039034843445,-0.6376181840896606
9533,9533,1,0.9963237,236.9360589759391,16.007569358297868,608.2283806569008,-0.6192960472416025,0.8616062786649293,0.6836393475532532,0.3533960282802582,-0.6385519504547119
9534,9534,1,0.9945807,235.56105868584214,16.015330208840282,605.2913876971576,-0.6353288004227015,0.8619000743457349,0.6917359828948975,0.35171541571617126,-0.6307120323181152
9535,9535,1,0.99370295,235.9089819396515,14.841497355189475,605.2088036411877,-0.6169930704171289,0.8688296011979387,0.6843418478965759,0.35797592997550964,-0.6352396607398987
9536,9536,1,0.9953016,234.66854264549306,14.780604384744137,604.6579801623243,-0.5400433226726475,0.8493555980914964,0.6579663157463074,0.36170315742492676,-0.6604930758476257
9537,9537,1,0.99734986,235.18859141705664,15.953769870448406,610.870702061792,-0.4665625449891424,0.8140366787479469,0.6262142658233643,0.3557780086994171,-0.6937418580055237
9538,9538,1,0.9959401,236.40264832865742,16.27530394462745,622.3762181869046,-0.39907232057175346,0.816591963917536,0.5878467559814453,0.3614443242549896,-0.7237362265586853
9539,9539,1,0.9895773,232.0797550019814,14.724356125382494,632.9637140700829,-0.326215600180385,0.8059768751138209,0.5499261021614075,0.3631255626678467,-0.7521443963050842
9540,9540,1,0.9964193,222.88678192153296,16.103234565602833,624.3763906873252,-0.19466421436079878,0.7917345952748706,0.49306821823120117,0.3720512092113495,-0.78642338514328
9541,9541,1,0.9954028,214.28457178913845,16.976521059150684,611.0056278045214,-0.04079342080725718,0.7829398304961311,0.41351059079170227,0.38766932487487793,-0.8238455653190613
9542,9542,1,0.9979377,204.72111577566196,18.471833525154594,610.131269847718,0.09270606454492675,0.7933131480309864,0.3300551772117615,0.4003939926624298,-0.8548381328582764
9543,9543,1,0.9980829,196.72919273101752,21.139317325252208,611.7450239264514,0.18699904557137623,0.811510783405156,0.2668174207210541,0.40883660316467285,-0.8727319836616516
9544,9544,1,0.9982089,186.6346768302575,22.299266651255397,600.3255588957899,0.28635228026427373,0.8238179158921424,0.20346811413764954,0.4230864346027374,-0.8829488754272461
9545,9545,1,0.9989079,185.6117810426487,23.680716901546372,619.4045965389869,0.3538919128045798,0.8345328014524825,0.14195342361927032,0.4158914089202881,-0.8982669711112976
9546,9546,1,0.9990414,182.30111769764142,24.373407412034407,620.908204114763,0.4044585516546805,0.877940845608315,0.10211634635925293,0.4332548975944519,-0.8954677581787109
9547,9547,1,0.99863917,179.2616587732309,24.484023315977804,613.6055375949832,0.4427355803637943,0.9123769496916418,0.07371405512094498,0.4525575339794159,-0.8886832594871521
9548,9548,1,0.9987099,180.9243658434493,25.173182480522044,628.2277114414018,0.436000100844084,0.9848597054476332,0.07324021309614182,0.472494512796402,-0.8782851696014404
9549,9549,1,0.9986525,179.15718293297934,25.29264399563587,628.6691159546483,0.423176565731718,1.0496514778741888,0.08494210243225098,0.4980981945991516,-0.8629501461982727
9550,9550,1,0.9982998,178.34980543224273,25.1329485828053,633.0923946614557,0.40735185323864537,1.1116482808186503,0.09685169905424118,0.5191917419433594,-0.8491523265838623
9551,9551,1,0.9979825,174.01943260448095,25.500139778097747,620.2145946763188,0.40268280354731395,1.111215885215454,0.10934001207351685,0.5272010564804077,-0.84267657995224
9552,9552,1,0.99824417,177.00608678534044,25.86961884809283,630.9025538298548,0.3787624158758728,1.155810934527327,0.12121092528104782,0.5359516739845276,-0.8355020880699158
9553,9553,1,0.99807477,172.12794133315685,26.039820145442842,613.6194222090784,0.37853956162676083,1.0977828263160418,0.13420629501342773,0.5253506898880005,-0.8402353525161743
9554,9554,1,0.9978517,172.5597168708912,25.9700045425398,614.6257719082231,0.338800932113464,1.0794587966672557,0.1672210842370987,0.5162798166275024,-0.8399358987808228
9555,9555,1,0.9976676,172.6407257852254,25.542714200528952,614.5273200569774,0.3040438525641335,1.0728807516824157,0.19594229757785797,0.5126709938049316,-0.8359277248382568
9556,9556,1,0.9971973,178.22272996422703,25.500456621532038,630.2214820810885,0.2518586342587532,1.1000739457023194,0.22356204688549042,0.5106164216995239,-0.8302354216575623
9557,9557,1,0.9978897,175.6746922932301,25.97422600874945,616.6821816217447,0.23923669776962095,1.0785266838382077,0.24253958463668823,0.509432852268219,-0.8256226181983948
9558,9558,1,0.99827397,172.66136305454893,25.841403346618932,608.5225028338627,0.23775811772228486,1.060809721199943,0.2517866790294647,0.507405698299408,-0.8241013288497925
9559,9559,1,0.9984332,174.722010536086,25.481490288308212,613.6657959928835,0.22553681126674696,1.0573828988350034,0.2567768096923828,0.5025779008865356,-0.8255186676979065
9560,9560,1,0.99868983,176.9066100345755,25.42540505179936,618.7383107638705,0.19996031565364722,1.017812783476191,0.27392342686653137,0.4822627604007721,-0.8320989012718201
9561,9561,1,0.9984492,178.59405169571812,24.6073162869111,619.9669860039866,0.16652748751700433,0.8858778159437094,0.3035515546798706,0.42644327878952026,-0.8520578742027283
9562,9562,1,0.998835,180.08848460619313,22.536216122673128,613.9792466856102,0.12833900341854715,0.756254419443976,0.3389376699924469,0.3742850720882416,-0.8631523251533508
9563,9563,1,0.9987237,185.80174900219546,20.235377794539403,614.1255137897781,0.09185986482135357,0.6152700539387594,0.3635513186454773,0.3130960762500763,-0.8773831725120544
9564,9564,1,0.9980495,188.69678697905394,18.352771582853457,607.8984715576158,0.04408202285700457,0.44988003172436986,0.40263187885284424,0.23995628952980042,-0.8833507895469666
9565,9565,1,0.99777716,189.42693883381529,18.12634583808251,603.9483047494326,-0.0429223012008822,0.3151652779379258,0.4663042426109314,0.1752278357744217,-0.8670960664749146
9566,9566,1,0.9980374,194.7820721359212,17.024737333965405,608.4588371595044,-0.12895875571125603,0.1713525930763955,0.5114589333534241,0.10910069942474365,-0.8523536920547485
9567,9567,1,0.9974623,197.8515572262555,15.772053712636248,611.5044579849863,-0.17584107305073657,0.07600852176422744,0.5324528813362122,0.06849844008684158,-0.8436835408210754
9568,9568,1,0.9970028,195.9440638620808,17.02467432622595,604.7399284678659,-0.1529361447572721,0.10641150127347555,0.5262672901153564,0.080568328499794,-0.846493661403656
9569,9569,1,0.9962812,201.41254607120644,17.644249356160312,620.3052295916542,-0.1810316321575748,0.14731123908115362,0.526816189289093,0.09591523557901382,-0.8445501923561096
9570,9570,1,0.9959145,196.25489136638555,18.28132512139364,602.3971403183413,-0.1558703711567866,0.21312759420735614,0.529988169670105,0.1263081431388855,-0.8385456800460815
9571,9571,1,0.99697185,203.08901593053574,17.739374691074193,623.829447432745,-0.1992321735038828,0.3258129665341169,0.5329026579856873,0.1716206669807434,-0.8285898566246033
9572,9572,1,0.9975787,201.68936114720054,17.017813795155927,621.1578744300725,-0.18837338763925981,0.3912905751628575,0.5289910435676575,0.20155218243598938,-0.8243452906608582
9573,9573,1,0.9982968,201.0188929224423,17.709783949793003,618.393973473911,-0.16703579891015408,0.4458448088742068,0.5182697176933289,0.22583630681037903,-0.8248602747917175
9574,9574,1,0.9980565,198.90568166430512,17.605013724477885,614.4865973763276,-0.1340334548680833,0.4661904882600774,0.503046989440918,0.23764608800411224,-0.8309440612792969
9575,9575,1,0.99657565,196.79124957843476,17.770188702876215,614.8985330485423,-0.12851161257514512,0.45770022343985384,0.5020745396614075,0.23356957733631134,-0.8326862454414368
9576,9576,1,0.9984743,197.48089283137367,18.47441879257212,618.2118526379559,-0.1248216942325542,0.46706415198266626,0.4968966245651245,0.2360345721244812,-0.8350936770439148
9577,9577,1,0.9989058,196.74834465215437,18.353898423800683,616.8257533330839,-0.11767842855165865,0.49352184474180527,0.49353617429733276,0.24847199022769928,-0.8334769010543823
9578,9578,1,0.99886477,197.1446475827969,18.96582400178548,616.6830637846821,-0.10113342387884468,0.5110525789541203,0.48259758949279785,0.25650036334991455,-0.8374408483505249
9579,9579,1,0.9983791,197.96179265784585,19.248940740018668,617.6146220709539,-0.0851428042900996,0.5370472769912471,0.47030162811279297,0.2684254050254822,-0.8406926989555359
9580,9580,1,0.9982749,198.5077167017059,19.73255066703434,619.8425814896253,-0.06561663753469539,0.5695619002420983,0.45484718680381775,0.2826792001724243,-0.8445155620574951
9581,9581,1,0.99764675,201.8094156248455,19.626811997118008,629.1001392333179,-0.08100416179368865,0.6355605860626825,0.4530223309993744,0.3072604835033417,-0.8368762135505676
9582,9582,1,0.9982116,197.0503406741162,20.185046159885147,610.7592977779153,-0.05786912017208063,0.6630723103863617,0.4533424377441406,0.3265613913536072,-0.8293602466583252
9583,9583,1,0.9986407,197.37274406674774,20.342453931534546,611.6800002080023,-0.07479989677182798,0.700626001598635,0.46172064542770386,0.3405572474002838,-0.8190451264381409
9584,9584,1,0.99881554,201.7465111305653,20.457449883460217,623.1633655172034,-0.09438235384714777,0.7273944388406338,0.46118396520614624,0.3459455072879791,-0.817086935043335
9585,9585,1,0.99906665,204.9988615611757,20.278492153084567,626.0642988488887,-0.12571674102990235,0.7829691573254042,0.47241726517677307,0.36536267399787903,-0.8020798563957214
9586,9586,1,0.9989322,206.74797541505123,20.069231670594586,628.5181882746917,-0.13811872561348712,0.8343809827433343,0.4737887680530548,0.3842121362686157,-0.7924047112464905
9587,9587,1,0.99875486,200.57655121119492,21.399494843004987,609.1947261511332,-0.12074655908029748,0.8573137925589464,0.47995802760124207,0.40077728033065796,-0.7803959846496582
9588,9588,1,0.99891603,207.77452777116926,21.24270456911483,625.6557211518932,-0.14837138324117147,0.8921044735325004,0.47731566429138184,0.40575742721557617,-0.779442548751831
9589,9589,1,0.99874,207.13760709941644,21.438973566905464,621.789355149469,-0.12415839847316205,0.8861719741586527,0.46586018800735474,0.40770402550697327,-0.7853354215621948
9590,9590,1,0.99864024,213.43610200134404,20.742387414068812,637.7151556022377,-0.13393233188304285,0.8962616363725383,0.4554029703140259,0.4056287705898285,-0.7925109267234802
9591,9591,1,0.9987173,215.54342829452568,20.623249876964856,638.7372248701143,-0.13216449245119405,0.9327459877368109,0.44919708371162415,0.420044869184494,-0.7885330319404602
9592,9592,1,0.9982324,210.54701066238144,22.428151060046826,621.9721578747886,-0.09717113943400921,0.9264863440292562,0.44270169734954834,0.42633894085884094,-0.788828432559967
9593,9593,1,0.99667346,218.42038141663684,23.7948444148026,628.4790765054095,-0.14007056967010165,0.985718330563098,0.45352646708488464,0.44123783707618713,-0.7743532061576843
9594,9594,1,0.997332,231.63860899196297,28.18740440741804,648.3260966622048,-0.21727758018112342,1.2095556679580812,0.4604996144771576,0.4999443292617798,-0.7334820032119751
9595,9595,1,0.9982064,238.721477676518,33.42230254286835,654.0998164614199,-0.31228698962114676,1.5132700875220715,0.4794311225414276,0.5741381645202637,-0.6637102365493774
9596,9596,1,0.9991642,248.65447955458657,42.17139128042987,654.946878201382,-0.4475892740288461,1.9051344175270408,0.5022963881492615,0.6476155519485474,-0.5729681253433228
9597,9597,1,0.9986229,247.18897701920045,51.28887889494109,632.2622019868277,-0.5775690284657026,2.4146328821547978,0.5161610245704651,0.7268675565719604,-0.45303571224212646
9598,9598,1,0.9978091,259.80514971135597,56.80319421087514,644.3167131517281,-0.7873074091172764,2.893418850743042,0.5336310267448425,0.7582595348358154,-0.3745403587818146
9599,9599,1,0.9991503,265.5626423693348,60.946371643064445,636.201454604887,-0.85845432286619,3.1310854150650536,0.5320829153060913,0.7777055501937866,-0.33475640416145325
9600,9600,1,0.9984862,262.24061795781637,60.930117430675175,617.8667279849924,-0.8953290944047688,3.325191765712125,0.5287779569625854,0.7954593300819397,-0.29603782296180725
9601,9601,1,0.99775225,276.83691130776975,64.32705986917894,646.5479006559601,-1.0374541754679312,3.477016770602107,0.5454670786857605,0.7854626774787903,-0.2924277186393738
9602,9602,1,0.99719703,270.24425240682586,61.78316583149999,617.4830899464529,-0.959939258986075,3.440048308703007,0.5327476263046265,0.7986195683479309,-0.2799765467643738
9603,9603,1,0.9983279,261.5110279907047,61.94468990619092,592.6617650073068,-0.8544040364880142,3.3566598996361128,0.5166316628456116,0.8101257681846619,-0.27710646390914917
9604,9604,1,0.9988673,291.08751887093314,64.87329687067266,639.8646539597954,-1.0282031762494372,3.4747883493709084,0.5361157655715942,0.7925962805747986,-0.29046696424484253
9605,9605,1,0.9982229,279.78842988093885,61.90512517763017,609.9927436767197,-0.8867246318680178,3.0732181090882027,0.5427402853965759,0.7762900590896606,-0.320635050535202
9606,9606,1,0.9967092,269.02289628656814,56.605430631839,590.0242818081051,-0.6451391894458826,2.328158519417794,0.5486668348312378,0.7187063694000244,-0.42711350321769714
9607,9607,1,0.9967918,269.6424407119869,54.83279761684457,595.4180135323165,-0.440282920452186,1.7230331689773057,0.5253282189369202,0.6303906440734863,-0.5715224742889404
9608,9608,1,0.99795294,255.17785685235103,47.35333365687429,576.5231252787358,-0.2773099327203647,1.3058332629068092,0.5022599101066589,0.5486626029014587,-0.6683594584465027
9609,9609,1,0.9983248,258.41801979065576,42.87739989064983,594.4826463296828,-0.1908595165933266,1.0707749955716703,0.4556831121444702,0.474466472864151,-0.753149688243866
9610,9610,1,0.9979977,248.9637796997482,39.483348092788674,584.1924383853179,-0.09293056038138578,0.9215549127424767,0.416556179523468,0.434293657541275,-0.7986676692962646
9611,9611,1,0.99951303,240.98577550791435,38.32747972382618,584.9860069840721,-0.01616620223353254,0.8367456612001627,0.3756328225135803,0.40494826436042786,-0.8336167931556702
9612,9612,1,0.9996691,247.21963066412977,38.442761936485375,616.5043792603766,-0.029202814946854356,0.8526300629587045,0.3600194454193115,0.394840806722641,-0.8452731966972351
9613,9613,1,0.99945956,242.64004102370495,37.99917767744487,615.9721931485004,-0.014090865657227999,0.8221372479753019,0.35688456892967224,0.3828233778476715,-0.8521031141281128
9614,9614,1,0.99879444,238.18659469873054,36.432529102084224,625.7324938820335,-0.03206180693726166,0.8359431943576342,0.3703084886074066,0.3833673298358917,-0.8461094498634338
9615,9615,1,0.9991605,230.6490916921647,37.421383285265996,626.9365765248554,-0.012200104904975551,0.8336066750968945,0.36594104766845703,0.38046860694885254,-0.8493119478225708
9616,9616,1,0.99874866,226.20833171010295,35.39763420727966,636.8722239644381,-0.04059228793166514,0.8478672018853083,0.3858208656311035,0.38080668449401855,-0.840314507484436
9617,9617,1,0.99909914,222.12081855493247,34.23642315428642,653.5513140539775,-0.06648800074454522,0.8716459616700469,0.398843914270401,0.380845844745636,-0.8341942429542542
9618,9618,1,0.9994541,208.87706636521102,34.026358223921356,635.621753645957,-0.05888520346508957,0.8802456265197,0.4186593294143677,0.3906540274620056,-0.8198254704475403
9619,9619,1,0.99929273,208.30422627687332,34.06145250696523,643.0545760181069,-0.07031146372414297,0.9428802195197199,0.41963350772857666,0.41060277819633484,-0.8095141053199768
9620,9620,1,0.99856216,202.07698748727637,33.86924339304422,644.4304669987758,-0.07898388700427,1.0231908580238478,0.42712998390197754,0.43837741017341614,-0.7908130288124084
9621,9621,1,0.996391,203.30980712260885,35.60118609534597,658.9155765417116,-0.09092369999588602,1.1109630417212168,0.4212343096733093,0.46036145091056824,-0.7814275026321411
9622,9622,1,0.9936546,191.21137115220662,36.27601977778429,628.7960311093892,-0.045859845775958294,1.11282611508257,0.4213922619819641,0.478008896112442,-0.7706725001335144
9623,9623,1,0.9929223,190.7907969892223,36.50482602082892,632.0832612459102,-0.03543534713164987,1.1241322716465667,0.412956178188324,0.4813101291656494,-0.7731803059577942
9624,9624,1,0.98973817,185.97763878633802,37.68560697244141,625.3162408519196,-0.026269565458514714,1.1357458394442796,0.4155682325363159,0.48767849802970886,-0.7677713632583618
9625,9625,1,0.99311936,181.0206555221537,38.18503452134441,609.473892137234,-0.0002744413895380451,1.1240923017642732,0.41311588883399963,0.49354955554008484,-0.7653392553329468
9626,9626,1,0.99273336,183.7357322779054,39.25704680719694,622.4911280315902,-0.035913860082633725,1.1714199437255308,0.4236665666103363,0.49850231409072876,-0.7563082575798035
9627,9627,1,0.9934782,183.73086877624394,39.15602103868448,625.5467921061014,-0.044962920070957826,1.204571650609308,0.4254732131958008,0.5075230002403259,-0.7492616772651672
9628,9628,1,0.99326706,180.77004002991032,39.136550424380616,617.3099483542737,-0.049027337298705155,1.2159436990686758,0.43444690108299255,0.5145711898803711,-0.7392377257347107
9629,9629,1,0.99412656,183.54239927160305,39.71974015334823,624.937146841315,-0.0816824083714218,1.2456599716264187,0.4456382393836975,0.5163164734840393,-0.7313165664672852
9630,9630,1,0.99356115,184.87464416975732,40.1721649091328,629.7204940440341,-0.11103266622924954,1.2739553796270793,0.4573255479335785,0.5190528631210327,-0.7221062779426575
9631,9631,1,0.99469626,183.1844251554298,39.10014068464334,624.3327063468467,-0.10279313819731545,1.2481879800465756,0.45855575799942017,0.5149203538894653,-0.7242814898490906
9632,9632,1,0.9969351,184.0726587952905,39.45311913760454,624.264933020898,-0.1073407342815647,1.2389729671022969,0.4611451327800751,0.5110577940940857,-0.7253724336624146
9633,9633,1,0.99681216,183.92234111276176,39.11197455134168,621.4562473419519,-0.10396221023842969,1.218184137909376,0.46218815445899963,0.506170392036438,-0.7281303405761719
9634,9634,1,0.9947068,184.07131625075158,39.21847934270615,620.9074862407421,-0.09099256320549812,1.1873070988364394,0.4569784700870514,0.4974830150604248,-0.7373474836349487
9635,9635,1,0.9949404,184.5888307918684,38.98617904848499,619.1177555101119,-0.06932913280963357,1.1644062130490482,0.4456927478313446,0.49377790093421936,-0.7466869354248047
9636,9636,1,0.99212366,186.92196044504348,38.68500724852123,625.4975892008148,-0.05550782868460866,1.146849212248994,0.43248629570007324,0.4869740307331085,-0.7588227391242981
9637,9637,1,0.991034,187.01221323917548,39.3471319819607,626.0266975431924,-0.032502592761313835,1.1236747861968124,0.4193445146083832,0.4804971218109131,-0.7702419757843018
9638,9638,1,0.9934923,188.8741747201731,38.834776861900195,628.9370830066018,-0.022003421237242707,1.1290028040461346,0.408395916223526,0.48331376910209656,-0.7743517756462097
9639,9639,1,0.99436224,187.24901406912446,39.26660367841644,622.4445960500974,0.005900783276102773,1.1246623572923093,0.39541393518447876,0.48781269788742065,-0.778258740901947
9640,9640,1,0.9943492,187.65065491798444,38.23301800520594,620.7200598039831,0.01711475959005699,1.136403282171596,0.3870270848274231,0.49582117795944214,-0.7774133086204529
9641,9641,1,0.99509144,184.5775669112205,38.092787447041594,608.6975663086339,0.031771055992522314,1.1408374176385587,0.3860401511192322,0.5055893063545227,-0.7715908288955688
9642,9642,1,0.9950488,187.60837666648106,38.26247069162308,619.1879386223079,-0.0016802255496661048,1.179232807741329,0.3973008692264557,0.5099775791168213,-0.762938380241394
9643,9643,1,0.9954248,188.31518047898018,37.704862020670504,622.2121953125849,-0.03341764915482885,1.187757054029157,0.41499248147010803,0.5079540014266968,-0.7548271417617798
9644,9644,1,0.9960425,184.82760196397942,39.253980040807456,603.7894849309256,-0.02744131317265099,1.135168433451424,0.42852699756622314,0.4971698224544525,-0.7544447183609009
9645,9645,1,0.9976599,189.70257911561578,40.18411589762067,614.6662913923584,-0.06959266908118666,1.1407854143955143,0.44420501589775085,0.4878653585910797,-0.7514448165893555
9646,9646,1,0.9983125,194.8511369985445,41.105458118316754,629.0035221787045,-0.10495921108267238,1.158975117787955,0.451997846364975,0.4825914204120636,-0.7502022981643677
9647,9647,1,0.9994473,198.35125125865477,43.12418741079892,623.8984884298445,-0.13062491295467565,1.1636776256673194,0.466270387172699,0.48221373558044434,-0.741661548614502
9648,9648,1,0.9982187,204.53994269150758,44.698267389569914,632.3295214360714,-0.17080112405176534,1.2655414435507977,0.4715205132961273,0.5078654289245605,-0.7209307551383972
9649,9649,1,0.99900264,203.77730144865586,47.03101953302905,621.6498796941113,-0.16982468329186423,1.3814014957191034,0.4678044617176056,0.54912269115448,-0.692548394203186
9650,9650,1,0.99899477,213.03101858955247,51.7109594437327,636.746412767385,-0.18664372717205657,1.562849749264906,0.4466078281402588,0.5928301811218262,-0.6701446771621704
9651,9651,1,0.9991769,222.16176063954285,58.218883844110586,646.7610958282281,-0.2296324941913297,1.8031008798265755,0.43733787536621094,0.643797755241394,-0.6279013752937317
9652,9652,1,0.99786085,220.76445277437293,63.21058282564302,623.9995054523046,-0.18471382177753642,1.8519571434693178,0.41884365677833557,0.6712890267372131,-0.61150723695755
9653,9653,1,0.99910873,233.83380846987086,68.78461036970187,641.1709439514261,-0.22112062106476976,2.0092736874708907,0.40676015615463257,0.6941680312156677,-0.5938661694526672
9654,9654,1,0.9995059,240.34879360843738,68.38347900733281,647.2449693161078,-0.2064878909025787,2.0628280187539616,0.3850230276584625,0.7077116370201111,-0.5923694372177124
9655,9655,1,0.99942636,239.8835627787818,67.73361728840301,641.372354980901,-0.2044069187017978,2.139785060450884,0.3786093592643738,0.7274348735809326,-0.5722705125808716
9656,9656,1,0.99869835,245.26386228279594,68.2409195504763,636.2942589234988,-0.22051251896802232,2.22819346485947,0.3750329315662384,0.7463433146476746,-0.549838125705719
9657,9657,1,0.99899966,261.389740700943,71.41727814917445,654.6894523973759,-0.3106984826528846,2.433874691057861,0.38370105624198914,0.76408851146698,-0.5185964107513428
9658,9658,1,0.9983108,282.9989045818271,75.34247945955453,682.5962081157048,-0.41945993060449493,2.686333475982676,0.3888213634490967,0.780580997467041,-0.4893989861011505
9659,9659,1,0.9975133,291.30877224841544,79.06731544364449,674.3680584382787,-0.4277290304086486,2.7037509313409047,0.38655757904052734,0.7862336039543152,-0.4820892810821533
9660,9660,1,0.9987173,303.18392766647264,81.62703260692773,681.1309071997183,-0.47057451225750596,2.7625421390196445,0.3901412785053253,0.7882179021835327,-0.47592267394065857
9661,9661,1,0.9978561,307.5458950779659,82.96789835429821,685.4818058277946,-0.5277988651992511,2.901354066502766,0.39909642934799194,0.7976362109184265,-0.45221516489982605
9662,9662,1,0.99785125,329.8718023789484,86.84030684638269,715.0986370672658,-0.6529996986741421,3.0431908233062974,0.4172370731830597,0.7923094630241394,-0.44515055418014526
9663,9663,1,0.998125,329.50949556835155,88.29247458236814,699.6954276370229,-0.6804339385252051,3.0290736626169146,0.4329283833503723,0.7906655073165894,-0.43292155861854553
9664,9664,1,0.9980945,314.73625644615805,86.17990055001407,666.1864100908086,-0.6495916659091479,3.068055509878837,0.43319177627563477,0.806776225566864,-0.4018172025680542
9665,9665,1,0.9985928,326.3524970372643,88.762558882473,688.9821131709067,-0.6738581147393187,3.171694963044684,0.4216920733451843,0.8110429048538208,-0.40544450283050537
9666,9666,1,0.99770737,316.4689122846972,86.9557112285094,674.7345660656658,-0.6219098348855919,3.075639732951817,0.41882455348968506,0.8097789287567139,-0.41090643405914307
9667,9667,1,0.99816656,321.5796839381416,87.63881396142212,688.0637376714244,-0.595412203082146,3.1128381627677113,0.39867454767227173,0.815372109413147,-0.4197940230369568
9668,9668,1,0.99711585,312.63525803828884,86.0329216870968,668.9344717633982,-0.4884894286507767,2.8981971561404443,0.3815256655216217,0.8096398711204529,-0.4460061490535736
9669,9669,1,0.9984236,314.9802593810951,85.3333421905257,668.4232767038785,-0.4918302458162243,2.9131119964011547,0.37956127524375916,0.8121793270111084,-0.44305533170700073
9670,9670,1,0.9985436,316.97632477809816,89.1743460257244,667.7676778612047,-0.5543613730647925,3.1702426881095467,0.3836251199245453,0.8325048089027405,-0.3997093439102173
9671,9671,1,0.9983912,320.9786196992984,89.78269402703542,676.5870978124344,-0.6483400826780802,3.372743108773433,0.39993947744369507,0.8379138708114624,-0.3714146614074707
9672,9672,1,0.9984641,326.0567984913691,88.47214896204805,688.7772219720479,-0.7229712710779648,3.4172530333399314,0.41889768838882446,0.8298004865646362,-0.3687220811843872
9673,9673,1,0.99821967,322.6055659122632,87.58753961692103,678.5261065434689,-0.7795819764179134,3.396136180066555,0.4451197385787964,0.820843517780304,-0.35788866877555847
9674,9674,1,0.9981206,320.6152097966767,87.82467723815603,681.2147904211405,-0.79367096347142,3.3159806893155133,0.4586140811443329,0.8088170886039734,-0.3680870532989502
9675,9675,1,0.9976738,324.2461198530982,88.69058493985726,687.816230813503,-0.8059102472925055,3.294736378430683,0.4617920219898224,0.8037239909172058,-0.3752013146877289
9676,9676,1,0.99806255,314.5379731144517,86.42227766279852,675.3303957184226,-0.6618697693525325,3.2081829563686726,0.42385515570640564,0.8180356025695801,-0.3887990117073059
9677,9677,1,0.9988047,301.6019786970089,84.76808316243695,660.5204234074747,-0.7122125926524512,3.5052010980210957,0.42679640650749207,0.8404792547225952,-0.33382555842399597
9678,9678,1,0.99890304,311.827607490453,88.9538799264518,685.8049972047253,-0.6315351003583054,3.5533582852014813,0.3834671080112457,0.8522742986679077,-0.35578295588493347
9679,9679,1,0.9987569,320.83162583027206,90.18282792473644,704.3535887829621,-0.5970728492985896,3.607430947458531,0.3574564456939697,0.8588550686836243,-0.3668690621852875
9680,9680,1,0.9989875,307.6274116247602,88.15061361702742,678.1440849273073,-0.37187225283779396,3.2337530661750997,0.30447009205818176,0.8580565452575684,-0.41356614232063293
9681,9681,1,0.9987709,311.0477300467165,88.98405310943103,688.2094517476643,-0.21963908837908708,2.9733398164976266,0.24544470012187958,0.8441329598426819,-0.47665128111839294
9682,9682,1,0.9986645,311.9043180109934,86.81183566951195,690.8916874333421,-0.0960674884679807,2.7678731215401235,0.19069033861160278,0.8294439315795898,-0.5250332951545715
9683,9683,1,0.9981996,323.6655613940741,86.64449674318887,720.693639030213,-0.022812153637728694,2.64974133862135,0.13962344825267792,0.8045850992202759,-0.5771898627281189
9684,9684,1,0.99827623,306.79004353950444,86.54950772073589,685.5009441103347,0.04892957493777826,2.501124698544126,0.12547940015792847,0.8018078207969666,-0.584259569644928
9685,9685,1,0.9986589,318.1604699534767,87.49275017971932,706.1685746894144,-0.13244095179733853,2.5858016821181886,0.21314406394958496,0.7937136888504028,-0.5697264075279236
9686,9686,1,0.9988752,305.08342628701024,86.9374137607183,678.355475818778,-0.1355277940159342,2.596087871455852,0.2320086807012558,0.8065630793571472,-0.5437167882919312
9687,9687,1,0.9989188,313.4914367755966,87.62326188435195,694.561899023856,-0.3193409014447291,2.974433343833287,0.291564017534256,0.8318278789520264,-0.4722847044467926
9688,9688,1,0.9988574,299.9791538494114,87.52161512273496,668.6301042538249,-0.40435368842954833,3.1413471249794354,0.334046870470047,0.8459132313728333,-0.4157445728778839
9689,9689,1,0.9989717,300.8899832500402,87.21421511865235,671.2156671281303,-0.5597416676671562,3.4573150682395424,0.37275803089141846,0.8549207448959351,-0.36077970266342163
9690,9690,1,0.99930584,310.9426411026249,87.8998644804531,684.5682350853644,-0.7882945564132217,3.7751338956111975,0.42216673493385315,0.8492404222488403,-0.3171215355396271
9691,9691,1,0.99928826,310.5013318789433,86.97280810227574,678.2836190002926,-0.8930875587513919,3.7625284915809116,0.4588673710823059,0.8341465592384338,-0.3060069978237152
9692,9692,1,0.9988018,313.408124485311,87.95965580569616,682.2581568249769,-0.9492939563184133,3.6696240966642244,0.48317575454711914,0.8170455694198608,-0.3146072328090668
9693,9693,1,0.9989421,326.17428915279015,89.04928388197408,706.2181416324025,-0.9990677856111102,3.4169565717058927,0.5114197731018066,0.7820589542388916,-0.35613712668418884
9694,9694,1,0.9993013,329.2697303759686,87.28500234676893,711.8018355486437,-0.9850699958438479,3.3911918191037693,0.5061050653457642,0.7817413210868835,-0.3643325865268707
9695,9695,1,0.9990677,306.2592764853757,86.5398133139626,663.8115724719135,-0.7961198461195327,3.259222149504294,0.47675251960754395,0.8023158311843872,-0.3591606020927429
9696,9696,1,0.99926525,301.71319581185145,86.630636568752,658.3275760849035,-0.7252423210487831,3.3238544460703237,0.44897258281707764,0.8207851052284241,-0.35317912697792053
9697,9697,1,0.9990577,306.3356681488305,86.6834020373708,674.1882556746057,-0.6819620855006375,3.6151574176098773,0.40181970596313477,0.8523839116096497,-0.3346380293369293
9698,9698,1,0.9988501,308.3836353057853,88.13983646936337,690.9701551272761,-0.6174947528393926,3.811068188221653,0.3593628406524658,0.8730493783950806,-0.3296106159687042
9699,9699,1,0.9983577,298.93990976437425,85.52059982303854,676.143482052545,-0.5104305343983387,3.5932964085226415,0.34261777997016907,0.8716325759887695,-0.3505277931690216
9700,9700,1,0.99833494,304.9175811609493,86.28181795657481,688.034130568138,-0.4154578264622379,3.445595488203437,0.3086855709552765,0.8689886927604675,-0.3867453336715698
9701,9701,1,0.9980982,302.4705624840203,84.57594700793392,695.4080588163647,-0.34220423239323566,3.3243245055243413,0.28608325123786926,0.8640056848526001,-0.41430729627609253
9702,9702,1,0.9972441,292.73058058401074,82.18260922622846,689.9282919093463,-0.30446031558317416,3.034299437021851,0.29820266366004944,0.8388590216636658,-0.45540177822113037
9703,9703,1,0.9973132,286.14290925894926,78.42737854611481,682.650962479018,-0.25925085935988695,2.7504280519247644,0.3037753701210022,0.811592698097229,-0.4990369975566864
9704,9704,1,0.99866855,257.80371188241537,70.01015518846374,628.1985626440982,-0.15405634316959735,2.199027408527223,0.32951846718788147,0.7581185102462769,-0.5627379417419434
9705,9705,1,0.9995741,251.74642110326258,61.88156615512984,617.8475558926755,-0.11145011993350473,1.7371599016751187,0.35190707445144653,0.6688227653503418,-0.6548569202423096
9706,9706,1,0.9996288,257.6054388907029,51.658201208881856,629.3394835445234,-0.1116130917352065,1.4513765783483483,0.36177825927734375,0.5892508625984192,-0.7224264144897461
9707,9707,1,0.9995814,267.4690349920341,45.21770472891141,659.6410560097008,-0.15324127813212163,1.26895901160678,0.37653210759162903,0.5153747200965881,-0.7698132991790771
9708,9708,1,0.9993911,253.64561832389077,44.14040332106714,633.513612709479,-0.0999526525387103,1.0982504151252128,0.38073575496673584,0.47209882736206055,-0.7950868606567383
9709,9709,1,0.99900454,253.90742058928456,44.546140278219234,640.6360566965897,-0.09488728713270547,1.0661670292064471,0.3758506774902344,0.4560687243938446,-0.8066830635070801
9710,9710,1,0.9995173,237.0981614998202,43.21060214238852,615.8277258446204,-0.0536225152633527,1.0006696813473723,0.3843734860420227,0.44571903347969055,-0.8084501028060913
9711,9711,1,0.9990829,243.32999553341065,42.21519760361982,650.8896679689203,-0.12126029796964895,1.069618321246488,0.40103086829185486,0.4490791857242584,-0.7984372973442078
9712,9712,1,0.9986338,232.857341506706,41.476231476927744,643.6366388580121,-0.129606924100993,1.084002316879215,0.42126932740211487,0.4552897810935974,-0.784374475479126
9713,9713,1,0.9980591,222.0207872349333,42.76958123601634,642.518313649019,-0.11209491496015123,1.0865763221368412,0.4237871766090393,0.454399436712265,-0.783534049987793
9714,9714,1,0.99778926,212.81694691936517,41.00909127561595,628.2710503965474,-0.08222659297052937,1.0674295531824565,0.4234039783477783,0.4576622247695923,-0.7818403244018555
9715,9715,1,0.9987225,208.75444018620024,41.18815896032178,624.8534085040075,-0.07268198400600093,1.073397299889054,0.42348727583885193,0.46153098344802856,-0.7795175909996033
9716,9716,1,0.9985468,204.66493851940837,41.13001691046584,624.1944817462615,-0.08522123923900374,1.07902097617831,0.43637385964393616,0.46129849553108215,-0.7725163698196411
9717,9717,1,0.999108,203.59459269436104,42.463564775889346,630.7496580300867,-0.09259867568987754,1.0866924943383116,0.4389166235923767,0.4579767882823944,-0.7730520963668823
9718,9718,1,0.999286,203.27949673247858,42.64747089995991,631.9960807077694,-0.0926170902454357,1.083836394407581,0.43892842531204224,0.45596203207969666,-0.7742354273796082
9719,9719,1,0.99940205,204.54648935780642,41.97855435622119,637.0024397718395,-0.08846801511048696,1.0712621451644506,0.4330093562602997,0.4503382742404938,-0.7808318138122559
9720,9720,1,0.9992822,205.9035278527275,41.617657553258944,637.8894269882621,-0.09586114387297896,1.0872903790843855,0.43445760011672974,0.4557667672634125,-0.7768675684928894
9721,9721,1,0.998887,202.8178419716335,42.942936411755035,628.0512213881947,-0.07163775384762965,1.0793092448683708,0.4285334348678589,0.45844370126724243,-0.7785811424255371
9722,9722,1,0.9983052,206.12965741029907,44.26115874809991,632.9772308525174,-0.06743249596424296,1.1018318339009283,0.4183245897293091,0.4642488956451416,-0.7806904911994934
9723,9723,1,0.99859375,208.8836862020842,45.09754516631881,637.2889873930654,-0.06328909081121006,1.1451589222405851,0.40761542320251465,0.478329598903656,-0.7778499126434326
9724,9724,1,0.99886477,204.01702354013108,45.981884260194526,618.7666155440097,-0.03251458682015827,1.1442460544089779,0.4023147523403168,0.48966580629348755,-0.7735439538955688
9725,9725,1,0.99862826,211.46810916421762,46.884806898072874,626.7180222118348,-0.07492474582730999,1.1935316089303545,0.4139980673789978,0.4990502893924713,-0.7612847089767456
9726,9726,1,0.9986965,217.39619836140105,46.4134695467934,631.1109007985696,-0.15219213311919452,1.2561592962753958,0.44826459884643555,0.5104619860649109,-0.7338171005249023
9727,9727,1,0.9981085,216.25027027222868,48.20502888832337,624.189655234727,-0.20907078476740773,1.340084165046207,0.4796246588230133,0.531367838382721,-0.6982896327972412
9728,9728,1,0.9994191,224.16878590473755,52.18352676946649,633.6401271595514,-0.3267937569385823,1.5313109850078932,0.5145247578620911,0.565172016620636,-0.6448603868484497
9729,9729,1,0.9990256,233.21173740297104,58.71351928158421,638.7546512650028,-0.46531663815871793,1.7930384872702458,0.5466596484184265,0.6066468954086304,-0.577185332775116
9730,9730,1,0.9988642,245.03986787161247,66.2291240918981,643.0658818741722,-0.6425542601311486,2.1465515286813943,0.574607789516449,0.6511021256446838,-0.4958750009536743
9731,9731,1,0.99942195,264.6027374974941,73.80816859272143,669.0619520780664,-0.8115564461389443,2.5021735652818107,0.5801905393600464,0.6813517212867737,-0.4462498724460602
9732,9732,1,0.99914706,271.01427857208614,73.17554984139939,680.2684776316634,-0.8734085086027098,2.773503156005241,0.5661650896072388,0.7135262489318848,-0.4127196967601776
9733,9733,1,0.99900323,267.2495987821996,73.82288812557132,673.7509988371818,-0.776190420174835,2.8308396046912754,0.5319041609764099,0.7396177053451538,-0.41236355900764465
9734,9734,1,0.99898833,267.190578908952,74.90398586947593,669.5702591302916,-0.6945598984924183,2.8341595135613122,0.503669261932373,0.7553744316101074,-0.41919782757759094
9735,9735,1,0.9986399,279.6906102899483,76.26152795781356,692.5150774355756,-0.7488207624506796,3.0291061081261144,0.49181047081947327,0.7695357799530029,-0.407353937625885
9736,9736,1,0.9981329,273.3155775991983,75.57481364152379,670.3548502966977,-0.6532267844562094,2.9095338705496085,0.476400762796402,0.7746068835258484,-0.41596463322639465
9737,9737,1,0.99804354,296.37527127694534,77.34206243056646,707.7048169843547,-0.7267906225142092,2.989735938279581,0.4735929071903229,0.7688332796096802,-0.42965707182884216
9738,9738,1,0.99802953,279.41679979944666,74.73649389818756,662.9355797876918,-0.6728095875099525,2.6779549830956513,0.5038173794746399,0.7427908182144165,-0.44094207882881165
9739,9739,1,0.9976915,282.61746969272014,74.25810640612927,665.5522601582529,-0.6613136019618602,2.4940201246933795,0.5149975419044495,0.7155504822731018,-0.47197991609573364
9740,9740,1,0.9987835,264.42480590030385,67.7451724120347,622.5534473203024,-0.5162095720720911,2.0052314487364837,0.5301748514175415,0.6601029634475708,-0.5321454405784607
9741,9741,1,0.9990338,262.8354389131696,62.31151231697347,628.1904150046595,-0.4529488594271725,1.7120508473321914,0.529094934463501,0.6015378832817078,-0.5985070466995239
9742,9742,1,0.999276,251.07491850528064,56.06099602636198,602.4153619348646,-0.32205371121436893,1.4381303116071602,0.509819746017456,0.5598341226577759,-0.6531994938850403
9743,9743,1,0.9991351,258.5461411511235,53.470440162588375,616.9052395483367,-0.31947739809187503,1.3699164318982195,0.49945998191833496,0.536636233329773,-0.6801186203956604
9744,9744,1,0.99911374,261.3022235272134,53.26607008328924,621.3710935537623,-0.3292447539459905,1.3796363352265741,0.4989420473575592,0.5370964407920837,-0.6801354885101318
9745,9745,1,0.9990742,260.6193389525102,53.1150685118273,621.7348823801334,-0.32652568062237913,1.4213415473412694,0.49418145418167114,0.5504929423332214,-0.6728612184524536
9746,9746,1,0.99936205,270.36895091329774,54.46996516881165,652.1197819683615,-0.40243806838244583,1.5241260824468845,0.5024008750915527,0.5564166903495789,-0.6618110537528992
9747,9747,1,0.99937683,259.6995667805602,53.627731430617615,640.5304073643853,-0.36375441046581075,1.5047063378186893,0.4992483854293823,0.5595662593841553,-0.6615411639213562
9748,9748,1,0.9995932,254.2154832208245,51.987302405042236,646.8189748114627,-0.36226612175494083,1.509267853728014,0.5001127123832703,0.5576348900794983,-0.6625184416770935
9749,9749,1,0.9988701,238.51842858816596,49.02406136807925,644.8848909590084,-0.3065218387813172,1.430134786151443,0.49318623542785645,0.5410022735595703,-0.6812370419502258
9750,9750,1,0.998985,234.5808882383285,48.13364811059156,658.4311390721804,-0.2811210299576479,1.391817542977754,0.4805092215538025,0.5260187387466431,-0.701723039150238
9751,9751,1,0.99926585,227.44753175762585,46.88059149671481,646.9323356219902,-0.2291601993628822,1.3233006065726127,0.4695776104927063,0.5163946747779846,-0.7161238789558411
9752,9752,1,0.9992182,224.79287822717245,45.6409945004713,650.2593451302887,-0.21157425437448377,1.2713334813913026,0.46455278992652893,0.5004822015762329,-0.7305534482002258
9753,9753,1,0.99912864,218.20367125612879,45.7364351589066,641.0781833541294,-0.1764114983114889,1.2151672274404506,0.45994094014167786,0.48868778347969055,-0.7413761615753174
9754,9754,1,0.99943167,215.16745802697517,44.90276605614682,639.0339739379906,-0.15860552046487061,1.1812132663131456,0.45600494742393494,0.4802173972129822,-0.7493001818656921
9755,9755,1,0.9991603,210.8623999342518,44.301567135099354,632.6677260769255,-0.13025029871123056,1.1625712652597224,0.448047012090683,0.4799962341785431,-0.7542264461517334
9756,9756,1,0.9991394,210.4378902072431,44.97739571028894,632.8782100908489,-0.12422104463942296,1.1875049370496675,0.44314679503440857,0.4887472093105316,-0.7514965534210205
9757,9757,1,0.9991185,204.1736228967483,45.069703127149644,615.1072907423113,-0.0933968898881234,1.1791148960272502,0.44050875306129456,0.49743762612342834,-0.747333824634552
9758,9758,1,0.99919254,208.9782861427985,44.740158339639144,626.6676318858342,-0.08918973266093698,1.1874936096971334,0.425918310880661,0.49660420417785645,-0.7562922239303589
9759,9759,1,0.9991436,209.52553806743387,45.22337105583674,624.6422360503933,-0.06924661741474702,1.1816599202708575,0.41401147842407227,0.497896671295166,-0.7620324492454529
9760,9760,1,0.999183,212.19532780888062,45.90657833959953,629.3124681137916,-0.05603706090335815,1.1954645771669046,0.39920929074287415,0.5020196437835693,-0.7672080993652344
9761,9761,1,0.9988317,216.76088232454083,45.6668527227329,632.5898289457914,-0.04332113350343161,1.1981278210910584,0.38341307640075684,0.504274845123291,-0.7737578749656677
9762,9762,1,0.99869186,210.41216042038764,45.81930462640755,612.628179987886,-0.00451201931406901,1.163818144896088,0.37637776136398315,0.5061180591583252,-0.7760053277015686
9763,9763,1,0.99876213,219.73184298343827,46.906007382703365,636.531742714288,-0.038940934693338994,1.228956251063179,0.3732648193836212,0.5130770802497864,-0.7729330062866211
9764,9764,1,0.998857,220.4093378469745,47.27464086515829,634.8046926718444,-0.03184213104822768,1.2588763210127505,0.36636874079704285,0.525321364402771,-0.767991840839386
9765,9765,1,0.998676,218.08628447716555,49.296777472006994,623.4399579758971,-0.04221570764968542,1.305840778917144,0.37809857726097107,0.5443216562271118,-0.7488360404968262
9766,9766,1,0.9990159,221.72110930999816,49.99023303541433,627.9265472603564,-0.07890907599148875,1.4460375451503926,0.38491198420524597,0.5833090543746948,-0.7152575254440308
9767,9767,1,0.9979923,225.55145458381023,54.92155528690447,625.7410162560421,-0.10532226917608713,1.5730608941454873,0.3887198567390442,0.616204559803009,-0.6849737167358398
9768,9768,1,0.99900264,224.70460595156464,61.5070628342928,615.7650689500837,-0.11569493993403299,1.6984189887343684,0.39065849781036377,0.6501724123954773,-0.6516607999801636
9769,9769,1,0.9987575,233.51636893671744,68.37208894720202,633.8822508143134,-0.18932916448816947,1.9183010711354618,0.4000971019268036,0.6822872757911682,-0.6118876338005066
9770,9770,1,0.998804,237.53768347514963,70.14355342786908,646.16155497463,-0.22835484969577263,2.042094097706385,0.4027732014656067,0.69818115234375,-0.5918757319450378
9771,9771,1,0.999172,243.4357630450933,73.58525793304064,660.4281142001583,-0.27590186476961776,2.193320424899338,0.40505078434944153,0.7153707146644592,-0.5693669319152832
9772,9772,1,0.9992447,235.60798277014086,72.62632657099353,638.7092341674821,-0.24022104828403143,2.1509447568276,0.40370067954063416,0.7209420800209045,-0.5632658004760742
9773,9773,1,0.999458,240.86854444860364,70.5370832789831,647.5257154975499,-0.26093915529057377,2.1719554972630175,0.40424513816833496,0.720538318157196,-0.563391923904419
9774,9774,1,0.99940073,248.93473617092536,73.36065981414849,656.9760754704042,-0.29375581298240355,2.275163145441616,0.4020264148712158,0.7321665287017822,-0.5498245358467102
9775,9775,1,0.9995598,259.5219299053297,75.97643248400072,680.0596526034361,-0.3256793890940181,2.3527945785594224,0.39595848321914673,0.7332081198692322,-0.5528316497802734
9776,9776,1,0.99920577,263.6445982247506,75.92560179829484,678.2723792688689,-0.3065129460669998,2.3821721326243765,0.38019606471061707,0.7436494827270508,-0.5499422550201416
9777,9777,1,0.99855334,266.8328694994782,77.52513373639553,674.200932517923,-0.2901906761306739,2.4100407944948548,0.36777570843696594,0.7531274557113647,-0.5454723238945007
9778,9778,1,0.9990349,272.599262624642,78.97553395331246,675.8729808596618,-0.2885401740408854,2.3814808337224718,0.36385706067085266,0.7485877871513367,-0.5542782545089722
9779,9779,1,0.99856395,274.93742381390206,79.92818407816141,664.4436500715752,-0.2761950111670525,2.4819088481336173,0.34917038679122925,0.7732933163642883,-0.5292424559593201
9780,9780,1,0.9980496,277.58840052154477,80.92859357055896,664.6073051568045,-0.33539736651841934,2.567281636569769,0.3694649934768677,0.7786079049110413,-0.5072134137153625
9781,9781,1,0.9973291,282.434882417755,80.00911974990946,673.9173045862611,-0.3813401463442692,2.552794536680952,0.3865700364112854,0.7672510147094727,-0.5117514133453369
9782,9782,1,0.9983783,267.30466608214095,76.61093847361296,637.9947234825385,-0.3768199931735656,2.4216522218288357,0.41768983006477356,0.7579407691955566,-0.5010600090026855
9783,9783,1,0.9983089,262.7122353440199,69.96220115192283,630.2668076420058,-0.36785717139088775,2.081033804790278,0.45176130533218384,0.6995331048965454,-0.5536834001541138
9784,9784,1,0.9984382,262.68266949193304,63.46072503599644,626.1214048415296,-0.31647275967619815,1.726849406438212,0.45959189534187317,0.6304914951324463,-0.6255044937133789
9785,9785,1,0.9990637,253.3152546692694,57.8204445676865,605.0416289883161,-0.22307441159666574,1.4306471002046093,0.4511150121688843,0.5726516842842102,-0.6845183968544006
9786,9786,1,0.99912447,260.08573354002715,57.559190870013545,625.2282380879068,-0.2167969048825195,1.3277368937588625,0.439408540725708,0.5311155915260315,-0.7244559526443481
9787,9787,1,0.9993437,259.5948332593201,57.085559361694266,632.5137092707877,-0.2077792134051402,1.3081086399668032,0.43255171179771423,0.5220765471458435,-0.7350749373435974
9788,9788,1,0.9994752,246.8870465266234,56.6252829397821,618.8319487322566,-0.19777416185178726,1.3124370312099285,0.446838915348053,0.5287969708442688,-0.7216015458106995
9789,9789,1,0.99946266,244.80611513351315,55.66612807281147,628.0652507265446,-0.22892170641163584,1.3575516032917,0.4594774842262268,0.5344685316085815,-0.7093827724456787
9790,9790,1,0.9994136,244.1517209223896,56.571549871103365,640.5014047036857,-0.2763476394660956,1.4351259507003982,0.4753091335296631,0.5444342494010925,-0.6911386251449585
9791,9791,1,0.9996025,242.3014393164557,54.08179503637561,644.5553203909749,-0.3144856924954948,1.4619298976897062,0.49281299114227295,0.5462580323219299,-0.6773017048835754
9792,9792,1,0.99918157,236.0294506220282,52.86912254390088,638.2442681900396,-0.3041009921466606,1.4303904674568098,0.4986669719219208,0.5402234196662903,-0.6778569221496582
9793,9793,1,0.99905604,236.14214096350267,52.87087800456184,644.0387093302348,-0.2994768238350005,1.4069337789402125,0.49551922082901,0.5308994054794312,-0.6874638795852661
9794,9794,1,0.9988888,223.047840830921,52.7915178066333,626.7872721451321,-0.21399750662204745,1.3054816639216311,0.47845160961151123,0.5155341625213623,-0.7108506560325623
9795,9795,1,0.9995216,216.37747620619908,51.86090936093648,627.32510609655,-0.1384869939721915,1.2131778841970429,0.44795045256614685,0.4932239353656769,-0.7457013726234436
9796,9796,1,0.99964464,206.53919057701387,49.971517340271824,619.6932505470211,-0.07553859600705738,1.133260058172092,0.428994745016098,0.4756881594657898,-0.767909049987793
9797,9797,1,0.99952257,192.5926533692694,48.52209901915904,601.0464535602488,0.00045468743617396376,1.05499828286045,0.41009676456451416,0.46308568120002747,-0.7857304811477661
9798,9798,1,0.9996934,188.78989718877588,47.97338759572653,602.361556093408,0.03432767368369087,1.041787341961734,0.39151686429977417,0.4607485234737396,-0.796508252620697
9799,9799,1,0.9993303,181.4017039634863,47.926297706308226,587.0944911201867,0.06303736868714346,1.0270324043027168,0.3894096612930298,0.465069979429245,-0.7950283288955688
9800,9800,1,0.99921525,181.9361673309791,47.50442671240765,597.777153239746,0.05910638364389888,1.0655664690213735,0.383515328168869,0.47454240918159485,-0.7922912836074829
9801,9801,1,0.9986523,179.9473448393197,48.15787895161899,598.0475286706811,0.07077942137514412,1.0762298886519253,0.3771339952945709,0.47866901755332947,-0.7928719520568848
9802,9802,1,0.99885106,179.84110513314826,48.243763819759124,611.5552804441577,0.0750087246285022,1.096683237398505,0.36662840843200684,0.4790511429309845,-0.7975547909736633
9803,9803,1,0.9990538,178.7569141140494,48.2748611314178,611.4436259317403,0.08611807053634932,1.098375314847288,0.3600675165653229,0.48069512844085693,-0.7995521426200867
9804,9804,1,0.9990596,178.79262595614213,48.4625708112205,613.2785741098231,0.08822703152770194,1.1012501040491733,0.35754328966140747,0.48074227571487427,-0.8006557822227478
9805,9805,1,0.99915636,178.84577337313877,48.61642682112566,607.617294389959,0.09116110647259655,1.0965351904234115,0.3582279682159424,0.48244819045066833,-0.7993225455284119
9806,9806,1,0.99882084,179.7868907057913,48.878177284708336,614.0454050703295,0.07618497537963832,1.1140069704649038,0.36376357078552246,0.48368608951568604,-0.7960677742958069
9807,9807,1,0.99850756,181.368811411493,49.82909046472374,613.431520835341,0.06882542961495666,1.1198753141671278,0.3670288622379303,0.48479726910591125,-0.793890118598938
9808,9808,1,0.99858093,187.58438859108796,49.68622166188027,630.8991634534051,0.04022901758221601,1.1617789299150807,0.3682951331138611,0.48910364508628845,-0.7906556725502014
9809,9809,1,0.9989176,183.1156962790044,49.170768401009575,614.2351960601611,0.06625565016363354,1.1529685337884952,0.3637374937534332,0.49796509742736816,-0.787226676940918
9810,9810,1,0.9994987,181.75701363003634,49.306017689164946,603.4620605844815,0.0914998978439259,1.152753869755686,0.35219159722328186,0.5068947076797485,-0.7867774963378906
9811,9811,1,0.9993181,186.78757559044024,49.36338535213549,624.3226152660553,0.08757154240958938,1.2015665610718207,0.3361598253250122,0.5132197737693787,-0.7896848320960999
9812,9812,1,0.99939215,183.69052633995867,48.21815861002426,613.2978896706136,0.12051160027359265,1.176994235563765,0.3221778869628906,0.5149310231208801,-0.7943849563598633
9813,9813,1,0.9992347,179.1551599476737,47.617839414288,600.863375747522,0.17364378753801746,1.1355423671036393,0.2957358956336975,0.5119642019271851,-0.8064941763877869
9814,9814,1,0.9993374,179.36368816516253,48.05018093592263,606.5982521619943,0.20235573089901826,1.122106971682607,0.2717025876045227,0.5049872994422913,-0.8192468881607056
9815,9815,1,0.9993285,178.11874037048415,47.79758559978604,607.5825998653303,0.2275034970399047,1.0942668004224738,0.2547074854373932,0.4952539801597595,-0.830570638179779
9816,9816,1,0.9991518,174.8387865530466,47.06589075904975,596.2095056860754,0.2510957735087087,1.0391324776373076,0.24726668000221252,0.48218482732772827,-0.8404505252838135
9817,9817,1,0.99930227,176.66867038439833,48.146237705345435,607.6042447459917,0.24049470056785704,1.0293558539617191,0.24993611872196198,0.4687897562980652,-0.8472119569778442
9818,9818,1,0.99937975,174.97072112134347,46.930325941001286,600.8674384698978,0.257827133125132,0.982862753854795,0.2427530735731125,0.4558408856391907,-0.8563177585601807
9819,9819,1,0.99959916,176.1792866473522,47.535282341381645,606.6735688041821,0.2568887265879788,0.9517493320278045,0.24125102162361145,0.43800997734069824,-0.8659937977790833
9820,9820,1,0.99949896,173.98482711063068,46.66751061372912,596.5468212671839,0.256063345555839,0.9127232793335351,0.2507111430168152,0.42791101336479187,-0.8683525323867798
9821,9821,1,0.99942845,173.92959123622725,45.455374726870474,597.1639661519472,0.2525524184271626,0.8956984406201781,0.2541113495826721,0.42136266827583313,-0.8705636262893677
9822,9822,1,0.99938333,173.19230393105076,45.243094383690845,593.1600002327276,0.24594053398468874,0.8870469889964224,0.2627241313457489,0.4196975827217102,-0.8688095211982727
9823,9823,1,0.99911445,178.04040912580038,43.71151125551302,605.2325983041668,0.21132406027632478,0.9033880375698436,0.27795466780662537,0.4203660488128662,-0.8637323379516602
9824,9824,1,0.9991652,180.64391247186427,43.338916184407935,606.4756152891048,0.1711163127985307,0.9252110417830721,0.30450427532196045,0.4271998405456543,-0.8513386249542236
9825,9825,1,0.99928313,182.49242169721575,41.47194559931823,608.7581613517297,0.10469323071589383,0.9345912424171223,0.35082104802131653,0.42700719833374023,-0.8334203958511353
9826,9826,1,0.9989531,182.74642151852265,39.28805567887834,588.3769298853141,0.07002857521050136,0.9088453894311347,0.38711515069007874,0.4270569384098053,-0.8171684145927429
9827,9827,1,0.9989759,197.51720343421312,37.43030227006421,609.3095666269952,-0.03857666597573335,0.9184074303199911,0.431765615940094,0.4140591323375702,-0.8013323545455933
9828,9828,1,0.99915874,207.41545597337495,37.48784578600925,628.9313117658688,-0.13646539575706143,0.9532153986900029,0.46964120864868164,0.4095804691314697,-0.7821003794670105
9829,9829,1,0.9988574,211.3320095501722,37.478617613221836,626.5495446452685,-0.1730597431668931,0.9355694487532887,0.48947134613990784,0.4005345404148102,-0.7745901942253113
9830,9830,1,0.9991659,212.77436981159485,36.71002449990292,625.6173051999825,-0.21335934263085568,0.9251851572399331,0.5120521187782288,0.3933284282684326,-0.7636067867279053
9831,9831,1,0.99810374,212.43182620339311,36.35787658298558,620.5065572713104,-0.2200692450103838,0.8926526735518949,0.5209221839904785,0.38239786028862,-0.7631592154502869
9832,9832,1,0.9982033,213.78038028079902,37.32699172996672,621.4851195745365,-0.21962264385031458,0.8760024820767282,0.519941508769989,0.37471872568130493,-0.7676240801811218
9833,9833,1,0.99758685,214.12202186039335,37.63490407497659,615.3692137919428,-0.2291344673476207,0.8626425564062845,0.5293088555335999,0.37054142355918884,-0.7632373571395874
9834,9834,1,0.9964468,211.50747943368592,37.98151036664358,607.9374995226017,-0.23225396869834136,0.8472783325804131,0.5391235947608948,0.36590275168418884,-0.7585914134979248
9835,9835,1,0.9977591,209.58443808360232,37.4740320836193,601.1842777741913,-0.23778915857869384,0.848827536578947,0.5479462742805481,0.3686387240886688,-0.7509064078330994
9836,9836,1,0.9978689,212.08560157216516,37.22431141105738,609.2839159181536,-0.2721775944152145,0.8673217520497916,0.5578862428665161,0.36937424540519714,-0.7431861758232117
9837,9837,1,0.997928,215.15904905323728,38.016230503435004,613.3975316042596,-0.3108004256228185,0.8921992993260145,0.5711660385131836,0.3723413944244385,-0.7315266132354736
9838,9838,1,0.9981305,215.2790309623797,38.201639375747284,616.5262394762192,-0.35422340243821965,0.9188890221967008,0.5890164375305176,0.37530800700187683,-0.7156839966773987
9839,9839,1,0.99865675,216.34689852251788,38.324623359861896,617.5614855343764,-0.39605349477866586,0.9426579375335126,0.6055700182914734,0.37820112705230713,-0.7001777291297913
9840,9840,1,0.9984072,213.6983505740872,38.46677122005455,611.2814159683115,-0.3799213023838663,0.942429743757289,0.6040921807289124,0.3816113770008087,-0.699603796005249
9841,9841,1,0.9980124,214.69366006310284,38.43702420731631,612.2307922409988,-0.38325621669404975,0.95861449676361,0.603163480758667,0.38705840706825256,-0.6974092125892639
9842,9842,1,0.9976857,216.64594761060343,39.867887451301215,621.0803877504842,-0.39880397389408967,0.9853184563236804,0.6023093461990356,0.39027735590934753,-0.6963527202606201
9843,9843,1,0.9982389,216.29913839512287,38.80786582588103,621.2121118976701,-0.37293788219043184,0.998108842304685,0.589401125907898,0.39954477548599243,-0.702118456363678
9844,9844,1,0.9987531,213.99640651583925,40.02413712971506,619.9955650538021,-0.33537193521194036,1.0046543535214294,0.5740829706192017,0.40558379888534546,-0.7112879157066345
9845,9845,1,0.99839324,216.20241823259775,38.21517951664247,626.1067382856318,-0.3015469477210399,1.011872086724304,0.5506382584571838,0.4132479131221771,-0.725274920463562
9846,9846,1,0.9984863,213.85209193578154,38.97770824961299,621.6114181707297,-0.26822899820851726,1.0176792403057864,0.5378832817077637,0.42029231786727905,-0.7307776808738708
9847,9847,1,0.99855715,212.19508589319128,38.493777733123956,617.7393402204257,-0.2792324345562236,1.0263964726817403,0.5466712117195129,0.42361629009246826,-0.7222879528999329
9848,9848,1,0.9988381,213.5349862247477,38.76766757204161,623.1163463557808,-0.3020855238157304,1.0171063781220464,0.5549255013465881,0.4148401618003845,-0.7210862040519714
9849,9849,1,0.99884415,209.8577753300898,37.38623391364021,612.2336749693417,-0.2907901040490949,1.0061011187993196,0.5590296983718872,0.4173382818698883,-0.7164597511291504
9850,9850,1,0.9984289,215.0684749298559,36.90231761409771,627.0257009279238,-0.3283907753576641,1.0289304291717092,0.5631358623504639,0.4163917899131775,-0.7137898206710815
9851,9851,1,0.99864537,211.67901846207678,37.981008985119786,622.969107559009,-0.3358187880997512,1.0443485342447085,0.571373701095581,0.4201596677303314,-0.7049808502197266
9852,9852,1,0.99896085,209.41900894518548,38.18887758641315,626.745662908401,-0.3369233890249878,1.072049108812235,0.5700178146362305,0.42729809880256653,-0.7017806172370911
9853,9853,1,0.9990289,204.16854072095194,38.19438377568812,616.3919290613067,-0.3039143414007741,1.0863947811849568,0.563166618347168,0.43979084491729736,-0.6995909810066223
9854,9854,1,0.9984555,200.13933424057186,39.22644217317643,612.3505319916281,-0.27617185563470387,1.1025006345677613,0.5542957782745361,0.44897130131721497,-0.7008430361747742
9855,9855,1,0.9986511,206.13625256594332,39.98802955298627,635.4642488100275,-0.2734653597518292,1.156927175626519,0.5311686396598816,0.4594549834728241,-0.7118715047836304
9856,9856,1,0.9990139,195.2351961139847,41.132729148231114,612.4817007562128,-0.1804430355476821,1.095141073648138,0.5089782476425171,0.45700421929359436,-0.7294438481330872
9857,9857,1,0.9991811,199.01318192203135,42.11260077950598,633.3332015753316,-0.17203028154921834,1.1127497478209003,0.48835134506225586,0.45478519797325134,-0.7447707056999207
9858,9858,1,0.9993167,198.37503094034864,41.670921807617354,629.975423393214,-0.12570416234972562,1.078994199746795,0.46589431166648865,0.4506026804447174,-0.761511504650116
9859,9859,1,0.99899036,197.76148651459968,41.37379932245094,628.3043994060995,-0.08189289534535027,1.0359228354641288,0.4433445334434509,0.4409557282924652,-0.7803869247436523
9860,9860,1,0.99898106,198.03945932692622,41.533048333614964,629.2948249091656,-0.06881947196411262,1.014515804946437,0.4356524646282196,0.4336903393268585,-0.788745641708374
9861,9861,1,0.9986829,196.2445884666718,41.98357547489784,626.3309803282662,-0.05471783084301805,1.0019998247974604,0.43117865920066833,0.43093815445899963,-0.7927025556564331
9862,9862,1,0.9982907,195.3730020236413,42.602633214683514,627.4451519954116,-0.04737109837139188,1.0038756659335668,0.4269682765007019,0.4309639632701874,-0.7949643135070801
9863,9863,1,0.9989023,200.50695957414544,41.84629306923214,643.8510069330565,-0.0615383441094759,1.0326621786974206,0.41978931427001953,0.43444716930389404,-0.7968893647193909
9864,9864,1,0.9988092,198.68696307495338,41.53725653643627,636.3002032739754,-0.04409065526602325,1.0408900110477068,0.41382908821105957,0.44328394532203674,-0.7951382994651794
9865,9865,1,0.9985852,198.84648850550033,40.87072955105851,636.3758751469701,-0.04934938652190929,1.0583038524921933,0.4157315194606781,0.4501033127307892,-0.790300190448761
9866,9866,1,0.9984875,201.039417296137,40.53865013292884,643.7794566353459,-0.06514752708799096,1.082654133296551,0.41803279519081116,0.454557329416275,-0.7865279912948608
9867,9867,1,0.9982095,200.48419274984272,40.51423522102302,641.5778097431088,-0.04776968339202799,1.0645137117624486,0.40975117683410645,0.4507797062397003,-0.7930331826210022
9868,9868,1,0.9976774,199.36948998180355,40.38347550223449,636.2114277398732,-0.03239227872012048,1.0421629601711326,0.40499716997146606,0.44668105244636536,-0.7977802157402039
9869,9869,1,0.99774003,199.94829655358944,41.013719414122455,640.5258001592562,-0.035166427913698034,1.0418029947047396,0.4042397141456604,0.443386048078537,-0.799999475479126
9870,9870,1,0.99751866,201.68584604548883,40.876253788462854,647.3397253377552,-0.04627274210329246,1.0471477628828234,0.40575936436653137,0.44130048155784607,-0.8003832101821899
9871,9871,1,0.9973513,200.16932692533328,40.490308048097,641.2539507662077,-0.04643582184936642,1.0454338655425495,0.4106002748012543,0.4438197612762451,-0.7965120673179626
9872,9872,1,0.99721694,198.84888870763893,41.28272205623072,638.184260606132,-0.08070419676620592,1.0773403498648486,0.4336740970611572,0.45213600993156433,-0.7794227600097656
9873,9873,1,0.99743575,201.26219224196538,40.68565960587512,644.0570586361204,-0.14275925858543814,1.1318687217828878,0.4618310034275055,0.4626595079898834,-0.7567419409751892
9874,9874,1,0.99710935,195.51403762149843,40.53471326157594,621.4882338085698,-0.1638967225201379,1.1564885315530768,0.48973363637924194,0.47794514894485474,-0.7291978597640991
9875,9875,1,0.9975998,202.54136447818453,40.8939350678588,644.3101573111356,-0.24576170324946178,1.2558795043445277,0.508593738079071,0.49080196022987366,-0.7074220180511475
9876,9876,1,0.99801093,198.96413091458746,40.54622955070777,632.0210347776048,-0.2555018968436547,1.2774222950486918,0.5212437510490417,0.5011869668960571,-0.6907363533973694
9877,9877,1,0.99789953,198.63564979666845,39.83146971570934,632.6907237002658,-0.26207147195388586,1.2827890114930642,0.5239355564117432,0.5021770000457764,-0.6879751682281494
9878,9878,1,0.99839765,198.6911300177975,39.95594861009295,633.17757325572,-0.24003991555629675,1.243062371800984,0.515468418598175,0.49224892258644104,-0.7014153003692627
9879,9879,1,0.9984909,201.03366835855317,40.02773777377892,639.5001015825482,-0.2049680950270877,1.192337271452984,0.4950985610485077,0.47809821367263794,-0.7254650592803955
9880,9880,1,0.9986873,199.9202059789528,39.9147726637896,637.6416529116974,-0.17761219655081295,1.1485933662190888,0.4851223826408386,0.4674283266067505,-0.7390312552452087
9881,9881,1,0.99899215,200.88925951138836,40.28792010153929,638.1687643998044,-0.15090364615538696,1.1159726133141683,0.4709010422229767,0.45908647775650024,-0.7533205151557922
9882,9882,1,0.99919325,201.08631083936754,39.70703703652657,638.6224031524002,-0.13332941205555063,1.108006323985777,0.4604812264442444,0.45900866389274597,-0.7597815990447998
9883,9883,1,0.9989569,201.70416019924497,38.93656291654911,636.882607997709,-0.11568746238153063,1.0978190751323489,0.4505174160003662,0.4594946801662445,-0.7654402256011963
9884,9884,1,0.99779224,202.29559758398156,39.25601939662078,637.569897724518,-0.09842425831554322,1.099800444450983,0.43889352679252625,0.4618750810623169,-0.7707424759864807
9885,9885,1,0.997983,198.75886530420567,39.40105057732869,631.9865482235781,-0.07152614421825117,1.1012142051733753,0.42888492345809937,0.46746981143951416,-0.7730005383491516
9886,9886,1,0.99754167,196.28633637699932,38.145345056081815,621.8311072705815,-0.039079503451479286,1.0806969597123148,0.41694334149360657,0.47000500559806824,-0.7779805064201355
9887,9887,1,0.99825484,195.677058782231,37.46167016290982,623.043627363961,-0.02087837861739775,1.0704853449734713,0.4056133031845093,0.46832171082496643,-0.7849539518356323
9888,9888,1,0.99733233,201.38476776729337,37.88832130749872,640.6035622247805,-0.04251173524089609,1.092351373909329,0.4032268822193146,0.46557700634002686,-0.7878109812736511
9889,9889,1,0.9966264,204.30384393957232,37.27348733177131,650.0368044823416,-0.04118697090974516,1.0858799930181204,0.39473438262939453,0.4597991704940796,-0.7954681515693665
9890,9890,1,0.9956558,195.79175443258205,36.913225145220196,624.6130140449202,-0.00239222181106492,1.033865964958616,0.39456525444984436,0.45624154806137085,-0.7975975871086121
9891,9891,1,0.9968533,201.25821134970533,36.30205595690669,641.3726965447989,-0.024540840110559174,1.0565292078626867,0.39309775829315186,0.455562949180603,-0.7987093329429626
9892,9892,1,0.9966317,200.91775699029222,35.97738219912594,641.1883126702622,-0.029423984814518814,1.0577432026538178,0.39665913581848145,0.4558689594268799,-0.7967716455459595
9893,9893,1,0.99588084,199.64052806194323,35.91325082594427,642.3074902178558,-0.037171422976416416,1.0724342297695857,0.4018326997756958,0.4596518874168396,-0.7919915318489075
9894,9894,1,0.99592847,197.12663776396357,35.441932328755314,635.9816102681303,-0.02743922227904415,1.0684470130439094,0.4016270935535431,0.4625025689601898,-0.7904347777366638
9895,9895,1,0.995583,195.47073693108186,36.362401932382916,632.6650429589296,-0.028110933653799512,1.0599264205642596,0.4064640998840332,0.45947036147117615,-0.7897303104400635
9896,9896,1,0.9947513,194.96548533813663,36.26104924274364,632.6412019421226,-0.03691331302299734,1.0530669562688353,0.4132532775402069,0.4558393359184265,-0.7883098125457764
9897,9897,1,0.99461114,193.43420136741972,35.88648014740537,629.2627266633194,-0.026482655183123167,1.0386216381219349,0.4107682406902313,0.4533688724040985,-0.7910284996032715
9898,9898,1,0.9949102,195.52948021474523,35.6295764327642,630.9449349479037,-0.038655170015929684,1.029669310057854,0.41584035754203796,0.44852399826049805,-0.7911403775215149
9899,9899,1,0.99666363,198.58006815980139,36.06151460655105,646.007147038017,-0.05371746423830796,1.0334913071006695,0.4144829213619232,0.4408128559589386,-0.7961707711219788
9900,9900,1,0.9965653,195.57785489783748,35.635356690761576,634.0612895757231,-0.031357809914702627,0.9950320417249701,0.411647230386734,0.43439480662345886,-0.8011539578437805
9901,9901,1,0.9971551,194.38522043453398,36.52253650063604,630.9179092572259,-0.019975639787178652,0.9839733278403101,0.4080568253993988,0.4315674304962158,-0.8045117259025574
9902,9902,1,0.9973718,195.86453547182134,36.56876452836244,636.4739604620872,-0.02036259318495645,0.9819971961296904,0.40389519929885864,0.4282130002975464,-0.8083948493003845
9903,9903,1,0.9971258,194.78273590360857,37.00332362725863,629.4824766103418,-0.005886411284654964,0.9538061067839391,0.40073850750923157,0.4213887155056,-0.8135356903076172
9904,9904,1,0.99610066,195.84276738032887,37.29344920894291,633.6887630566853,-0.008498998072309234,0.9496820836420644,0.39940449595451355,0.41722071170806885,-0.8163350820541382
9905,9905,1,0.99578434,197.06473420399803,36.76440894148019,634.0987330275165,-0.0007726744314120074,0.9458490428725547,0.3925243020057678,0.41721922159194946,-0.8196662664413452
9906,9906,1,0.9945109,197.4129678454742,36.504972581887415,635.6034016785884,0.0028636445780053153,0.9380565982708614,0.3892517685890198,0.41409480571746826,-0.8228052854537964
9907,9907,1,0.99343646,194.96526438775422,36.678885342080626,628.2512467084313,0.014638563153858525,0.9184043165162804,0.3890214264392853,0.4102739691734314,-0.8248258233070374
9908,9908,1,0.9937312,198.3002887241676,36.55210111085695,635.9250970618992,0.0017815143696770016,0.9204174681572834,0.38966771960258484,0.40688812732696533,-0.8261968493461609
9909,9909,1,0.9933755,197.97032846185326,36.70024404947255,636.8004063057018,-0.005925256507961575,0.9050706249775455,0.3957406282424927,0.3992469012737274,-0.8270376920700073
9910,9910,1,0.9937343,199.34933294186632,36.27136741953546,642.5445023684869,-0.03375619903811816,0.9028501536718846,0.4097384810447693,0.39375248551368713,-0.8228446841239929
9911,9911,1,0.9938113,198.54081415881407,35.9138314583113,638.7933184031413,-0.04365207412316885,0.9194988661187178,0.4181145429611206,0.40147125720977783,-0.8148626089096069
9912,9912,1,0.9947685,198.09480978879995,36.33514073490886,634.1913544845486,-0.07641111878064641,0.9621814877620297,0.43968096375465393,0.4163624942302704,-0.7958159446716309
9913,9913,1,0.9943715,200.3000621907743,35.70788364893145,640.1963810463213,-0.15176811522059114,1.0969291160769112,0.47096937894821167,0.45604318380355835,-0.7551241517066956
9914,9914,1,0.99810934,201.49192127463138,37.717598088753874,647.5479278210017,-0.25717581130854344,1.316551391106979,0.508156418800354,0.5099952816963196,-0.6940330862998962
9915,9915,1,0.9977297,199.19832228308232,41.28542984774866,639.7463913176408,-0.3695987672391416,1.5137663424451566,0.5524555444717407,0.5499781966209412,-0.6263521313667297
9916,9916,1,0.99841094,203.0783134844626,45.38437876078344,648.341225506367,-0.5125698975494042,1.8133918475894768,0.5793394446372986,0.5970377326011658,-0.5548980236053467
9917,9917,1,0.99948514,208.75649218469417,50.53575412903752,652.0770628381798,-0.6238382264604769,1.989807101258905,0.600162148475647,0.6139167547225952,-0.5127490758895874
9918,9918,1,0.99956495,211.38376641204255,52.48160950244321,661.4791096371737,-0.7116599480999182,2.0980556942280986,0.6155706644058228,0.6172289848327637,-0.49000120162963867
9919,9919,1,0.9996215,214.16961571051206,50.91028316014478,661.0101457040596,-0.6808917353120855,2.0690632402132088,0.6058741807937622,0.6191385984420776,-0.49958378076553345
9920,9920,1,0.999546,211.36337920367524,51.46419627058188,654.9437474247112,-0.5724634874878457,1.8840488965033295,0.5894376039505005,0.5990626811981201,-0.5419291853904724
9921,9921,1,0.999681,208.04073305911106,48.36875517347863,645.0979069437909,-0.40600822942934234,1.6426441336819604,0.5497162342071533,0.5742142200469971,-0.6067043542861938
9922,9922,1,0.9987237,204.95890752969376,45.51023641721489,639.1487879682072,-0.2616784225240036,1.4079944373974411,0.505983829498291,0.5356404781341553,-0.6760693192481995
9923,9923,1,0.99908173,200.9093913385768,41.576975325294676,628.5514078323431,-0.13790891276256498,1.1823156640383767,0.4635583162307739,0.4879322052001953,-0.739618718624115
9924,9924,1,0.99852437,189.00738937583097,39.21025660566903,594.3673164255541,0.0018092640716962322,0.9815794221642347,0.4195064604282379,0.447944313287735,-0.7895316481590271
9925,9925,1,0.9977162,195.42825763356407,38.405389605387974,616.6666856667895,0.0250095865445461,0.9336706280652937,0.3864457607269287,0.42157086730003357,-0.8203278183937073
9926,9926,1,0.99794084,192.01020699812318,37.54062356777059,605.1503612868245,0.06058274646566416,0.8870842648860285,0.3736530542373657,0.41214340925216675,-0.8309760093688965
9927,9927,1,0.9984366,190.58844991022076,37.010187453982375,601.4203756425404,0.07613955406481675,0.8498777423938102,0.3679127097129822,0.40001049637794495,-0.8394235968589783
9928,9928,1,0.99886703,185.0401049050968,36.59717154979855,585.4711827460856,0.10719690483435818,0.8022754782214641,0.36276692152023315,0.3897184431552887,-0.8464748859405518
9929,9929,1,0.99873537,181.87935230104108,34.68682007006362,578.3624371698719,0.1318985411310854,0.7537119170577652,0.35379984974861145,0.37551766633987427,-0.85662841796875
9930,9930,1,0.9988669,185.21145620374645,33.88843763775213,589.026178836774,0.1271417454362423,0.729204373938989,0.3481869101524353,0.3599417209625244,-0.8655679821968079
9931,9931,1,0.9991543,189.63957080253587,33.78206281911153,604.702613088997,0.10690953938157119,0.7344196850747028,0.3493340313434601,0.35385435819625854,-0.8676132559776306
9932,9932,1,0.9990502,191.3958099356341,33.306775373179505,610.4220798577203,0.10554103065688286,0.7242673744064237,0.34539496898651123,0.3473522961139679,-0.8718077540397644
9933,9933,1,0.99902797,189.91378837195245,33.07633116377654,606.0201829937689,0.11883722321824544,0.6951192698211366,0.3406387269496918,0.33718183636665344,-0.8776524066925049
9934,9934,1,0.99885476,190.6423036918285,33.34960966906615,609.5459442206904,0.11203342077336578,0.7012289860636622,0.3429017961025238,0.33756235241889954,-0.8766242861747742
9935,9935,1,0.9987923,187.33857795261255,32.57760356809809,601.5046105925436,0.11696652002418927,0.6826605541250753,0.3484691083431244,0.33374083042144775,-0.8758916854858398
9936,9936,1,0.99897146,192.39014938237668,32.116180292748574,616.6456876375083,0.09145464706905282,0.6985774450839649,0.3523973524570465,0.3337164521217346,-0.8743280172348022
9937,9937,1,0.9987778,187.5627190543959,33.85042195855234,596.0301994988281,0.11684924543806159,0.6854193516509369,0.3511413037776947,0.33583950996398926,-0.8740203976631165
9938,9938,1,0.99915683,196.1635131114692,34.73071608835985,616.6001896281394,0.08222990892106825,0.7446164417403897,0.3526338040828705,0.3507191240787506,-0.8675514459609985
9939,9939,1,0.999471,198.70560230008266,36.79059253512932,612.6478501381473,0.05570222149534856,0.8297900720730811,0.36717912554740906,0.3856809139251709,-0.8464217185974121
9940,9940,1,0.99932814,207.72343490755296,38.39389385757318,623.5442423694934,-0.035037849329797546,0.9884698330142944,0.40524032711982727,0.4368043839931488,-0.8031078577041626
9941,9941,1,0.99907804,217.44322140609412,41.64963675823797,635.8935214151089,-0.14537259374229042,1.2237056884289852,0.4428520202636719,0.5027163028717041,-0.7424005270004272
9942,9942,1,0.99865425,220.83373223405343,49.88121201256746,632.6539356605313,-0.22652125291166966,1.4502597199908238,0.47178906202316284,0.5591973662376404,-0.6816989183425903
9943,9943,1,0.99896264,229.80913744426547,55.79476952052991,648.136717573524,-0.35071630565953404,1.7346124897837933,0.49741411209106445,0.6093905568122864,-0.6174321174621582
9944,9944,1,0.9992261,242.11191036720848,59.42855315936796,669.7412972954395,-0.5093997212112872,2.0366079492303863,0.5236750841140747,0.6459691524505615,-0.5554172992706299
9945,9945,1,0.99867946,249.7679177495314,61.28482733554324,673.4870054600129,-0.6090333462637834,2.1984319928614515,0.5419012308120728,0.6620819568634033,-0.5176781415939331
9946,9946,1,0.9995036,255.01389042154437,62.22714283119865,670.6868311605652,-0.6564889112743119,2.360308240321302,0.5411459803581238,0.6868037581443787,-0.4852439761161804
9947,9947,1,0.99933213,260.1659411296316,64.10689309094447,667.0803800948598,-0.6699881044014007,2.559499723639636,0.5238631963729858,0.7209506630897522,-0.4536491632461548
9948,9948,1,0.9989079,262.22881362298864,66.7817974014849,664.0484936952929,-0.6809607832768336,2.773646843876192,0.5063989162445068,0.7523333430290222,-0.42137250304222107
9949,9949,1,0.9990766,273.1609723514924,69.3251447199043,675.3227456720083,-0.71542884819838,3.0498945175604817,0.48294487595558167,0.7828086614608765,-0.39239633083343506
9950,9950,1,0.9991767,275.93452504717567,68.90403162531177,674.4426164729381,-0.6950505637284339,3.109689307612868,0.46789878606796265,0.7947317361831665,-0.38661643862724304
9951,9951,1,0.99904937,288.6872645082489,73.87697609917198,691.3116935778932,-0.7062303767287025,3.2338475568086507,0.45053717494010925,0.805086612701416,-0.38581323623657227
9952,9952,1,0.9979819,294.6193304873439,75.03933411634937,692.7394537129245,-0.7149011085757556,3.3287518450029476,0.4411754310131073,0.8151138424873352,-0.37543800473213196
9953,9953,1,0.99767715,293.1988197221338,76.68843982750731,675.8541214798573,-0.664146469011167,3.3918578015196905,0.4206713140010834,0.8327569365501404,-0.3599327802658081
9954,9954,1,0.99871373,307.79402291169555,77.70295947980041,702.1226100423779,-0.7512077110239576,3.783217168132052,0.4060765504837036,0.8526210784912109,-0.32884517312049866
9955,9955,1,0.9989889,297.9247488683689,77.2987245372063,673.1967655421773,-0.6972185091841272,3.831005029521055,0.39271000027656555,0.8673363924026489,-0.3057883381843567
9956,9956,1,0.99894255,296.88484831083025,79.36025970460385,669.5463659378734,-0.7161244323015898,4.023412684965067,0.3855423033237457,0.8784043788909912,-0.282423198223114
9957,9957,1,0.9991085,296.25251538391865,76.7113871812433,662.069368684247,-0.7231462525945357,4.004457902396726,0.3897729814052582,0.8779284358024597,-0.27806249260902405
9958,9958,1,0.9989925,301.0570387059646,79.48902989503186,670.484140062394,-0.6986313866076354,3.971604770038584,0.3807670474052429,0.8780936002731323,-0.28977251052856445
9959,9959,1,0.99870455,294.9171446524002,76.32585576747503,652.1624628586341,-0.6168742605908176,3.8031899221344374,0.3697650134563446,0.8799538612365723,-0.2982534170150757
9960,9960,1,0.9988852,302.8228975512397,77.38026746507906,664.2908052835038,-0.6530162643896882,3.8816004424124024,0.37045302987098694,0.8799864649772644,-0.29730188846588135
9961,9961,1,0.9990908,296.7787078093762,76.97563136169941,644.7892104084902,-0.6427659889091903,3.966616827323379,0.3657945990562439,0.8893465399742126,-0.2743302583694458
9962,9962,1,0.99841285,302.2723010439187,79.6268835504534,655.8155842143527,-0.6735131322388759,4.084230091792662,0.3637605607509613,0.8916195034980774,-0.26961636543273926
9963,9963,1,0.9985202,305.03252447219455,79.06310494361075,655.8168791747977,-0.6944101655044452,3.987375856433245,0.37653136253356934,0.8836437463760376,-0.2782047688961029
9964,9964,1,0.99834275,307.0290393208078,77.98427883281592,659.9817602417146,-0.6991962559252949,3.971958605973924,0.37746044993400574,0.8819075226783752,-0.2824229896068573
9965,9965,1,0.9985434,313.5563086820005,80.25097339886207,674.5963734053927,-0.7714464847080962,4.067311875052564,0.38991981744766235,0.8772944808006287,-0.2798517942428589
9966,9966,1,0.99869823,312.81196118399276,80.58193634937301,673.0668830464917,-0.7808124337318358,3.935589595884801,0.40424203872680664,0.8670050501823425,-0.2913600206375122
9967,9967,1,0.9983741,325.0231257009866,82.33463630201935,695.6633439934016,-0.8837753348878264,4.057865862258846,0.41914239525794983,0.8604400157928467,-0.28976309299468994
9968,9968,1,0.99819046,309.2186891407728,81.4464503159284,663.35293839182,-0.8169771623790751,3.872229216547606,0.42510688304901123,0.8579844832420349,-0.2883518636226654
9969,9969,1,0.9977641,323.6545441484094,83.44212691927108,688.1012398407578,-0.8943991041861584,3.95179448835385,0.43302732706069946,0.851962149143219,-0.2943601906299591
9970,9970,1,0.9980609,323.2276663684889,83.4982309909357,684.8255669878381,-0.8764756936347884,3.869232023944084,0.43468523025512695,0.8485958576202393,-0.30155235528945923
9971,9971,1,0.9975672,316.50505082486774,82.32485915334384,671.6508525269069,-0.8545751011522438,3.921832988346464,0.42825427651405334,0.8566650748252869,-0.2876166105270386
9972,9972,1,0.9975338,318.8190939914159,82.4248892867323,678.8911197764919,-0.8744603052914223,4.04443150632194,0.4225536286830902,0.8621246814727783,-0.2796238958835602
9973,9973,1,0.99742186,319.36433874193546,81.20083095718283,678.9162156181935,-0.8701277371346708,4.111208546930959,0.41512638330459595,0.8677186369895935,-0.27337607741355896
9974,9974,1,0.9966575,311.6631346037295,80.04090443931655,662.5530167333417,-0.7923607948473309,3.9611212297426883,0.4076005518436432,0.8690397143363953,-0.2804136574268341
9975,9975,1,0.99699736,303.93703006107194,79.52331524313874,649.1454700268401,-0.8096066957822147,3.860106833187896,0.4278291165828705,0.8597152829170227,-0.2790195941925049
9976,9976,1,0.99838674,319.27820830188074,80.43201606958178,679.1237750753567,-0.9774765755809874,4.202754948397304,0.4409809410572052,0.8594245314598083,-0.25869929790496826
9977,9977,1,0.9987288,330.0081320915235,80.81575848599569,704.0932782093265,-1.1404552463364193,4.405428382760918,0.4640141725540161,0.8499953746795654,-0.24939683079719543
9978,9978,1,0.99869615,304.26203588335653,76.48551467320733,657.3043655357864,-0.9763924774042329,3.9484114425187036,0.47140321135520935,0.8411785960197449,-0.2649482786655426
9979,9979,1,0.9988815,323.12237264782846,77.17347490415322,700.3845379593349,-1.1401606368239148,4.112686785629934,0.4906351566314697,0.8283172249794006,-0.2704954743385315
9980,9980,1,0.9985763,298.85622036172566,74.91148128566032,658.2801563490019,-0.9184571268510704,3.3005106307832275,0.5157093405723572,0.7886767387390137,-0.3347131609916687
9981,9981,1,0.99844307,288.59299590709384,70.14099571137696,649.8109684558838,-0.6974794067180443,2.5311267443588337,0.5230489373207092,0.7246267199516296,-0.4487047791481018
9982,9982,1,0.99823534,270.70524924731643,61.741167829127924,626.1559887060586,-0.45459945372990723,1.8290852522100591,0.5113433599472046,0.6357324123382568,-0.5782493948936462
9983,9983,1,0.9995894,255.74799428428113,50.604614951673874,620.5624453546229,-0.2548377117482035,1.3323046150061593,0.4664177894592285,0.5348759889602661,-0.7045297026634216
9984,9984,1,0.99884653,247.1798295416395,44.08754789462112,612.8078440006947,-0.1284174565759177,1.0376846021329384,0.42194727063179016,0.45508357882499695,-0.784129798412323
9985,9985,1,0.9994153,246.6412835207957,41.09716999393151,618.8295798510386,-0.09551793810713073,0.9060340944761522,0.4046388566493988,0.4061897099018097,-0.8193151950836182
9986,9986,1,0.99949443,241.2549575967232,40.247384641641624,608.6365245254993,-0.0606060415145186,0.836548563399872,0.3961114287376404,0.38532012701034546,-0.8334411382675171
9987,9987,1,0.99947315,241.86852811298363,40.577965897265386,612.444370090741,-0.0724101513669387,0.8225324052750411,0.4024660587310791,0.3759501278400421,-0.834675133228302
9988,9988,1,0.99915683,243.17586746540005,40.16041335118939,623.1030916607218,-0.10973693037217905,0.8808408604278167,0.41769248247146606,0.3925064206123352,-0.8194337487220764
9989,9989,1,0.9985185,234.34928044514194,40.42289966259861,625.5143186556394,-0.11560425007029988,0.9557093046832328,0.42711636424064636,0.418434739112854,-0.8015510439872742
9990,9990,1,0.99754626,223.04688564011101,40.58722158929419,622.7998737069348,-0.11918394702571317,1.0427598153562356,0.4390306770801544,0.45002028346061707,-0.7776463627815247
9991,9991,1,0.9990753,211.9824281333979,40.90234393183062,623.5419148021151,-0.110940680453991,1.1851416684473133,0.43648773431777954,0.4996156692504883,-0.7482397556304932
9992,9992,1,0.99893755,202.36532052951497,41.172677751135545,609.9113406953448,-0.08377783560921859,1.2251610629098113,0.4341459572315216,0.5217941999435425,-0.7343351244926453
9993,9993,1,0.9979366,195.33504505132927,41.852304579775335,623.185610220051,-0.08046844402849325,1.2798031375383887,0.43009090423583984,0.5307597517967224,-0.7302848100662231
9994,9994,1,0.99886525,186.38565292405983,43.53951598151687,619.6641316652489,-0.048979045540474796,1.2600645943888231,0.4246433973312378,0.5258290767669678,-0.7370086908340454
9995,9995,1,0.99905425,172.10173384936675,43.498191466977026,605.9345735979641,0.010888056336672043,1.177064152252539,0.4161657691001892,0.5079309344291687,-0.7541964054107666
9996,9996,1,0.9985654,167.7219829795897,43.985125889614814,603.0023147337046,0.03557640310736315,1.1466513070046285,0.40904170274734497,0.4997827410697937,-0.7634803652763367
9997,9997,1,0.99815077,167.41508041449086,44.14758987633298,612.2841359994776,0.034608399827511196,1.1778137350932143,0.40344879031181335,0.5055718421936035,-0.7626442313194275
9998,9998,1,0.9983265,163.10368600165052,44.952333698165,600.3077904684199,0.06717771802214094,1.1529428074272665,0.39449387788772583,0.5054166316986084,-0.7674168944358826
9999,9999,1,0.99878234,161.1896612797668,44.50755851865821,601.7043509892638,0.07746515753869658,1.140332387042673,0.3900117576122284,0.5010812878608704,-0.7725337743759155
10000,10000,1,0.9990061,159.86646922911288,44.48774424119096,602.2051746614474,0.08985169122933281,1.1145409712174312,0.3847244083881378,0.49210962653160095,-0.7809066772460938
10001,10001,1,0.99880946,161.64481307240243,44.8412564416769,605.7969885235076,0.0883122499472561,1.0867789225878999,0.38382238149642944,0.4791143536567688,-0.7893856763839722
10002,10002,1,0.99873525,163.18066963575913,44.626949672705216,604.411118498784,0.0895999187509398,1.0462234014450513,0.38421061635017395,0.46474358439445496,-0.7977440357208252
10003,10003,1,0.99817276,167.674059775929,44.359071454816046,615.5289939522886,0.06914585159907621,1.0488283496309136,0.38709479570388794,0.45864373445510864,-0.7998772263526917
10004,10004,1,0.99798656,164.4604229241368,44.00319109172108,598.0256173627268,0.08589920114984821,1.00633104823239,0.39070597290992737,0.4530184268951416,-0.8013258576393127
10005,10005,1,0.9980599,165.29698747284343,43.684345930510766,592.3323787367345,0.08695741242440826,0.9879281167276232,0.3927868604660034,0.4494912922382355,-0.8022943139076233
10006,10006,1,0.99899334,164.03383348657368,44.00666511186026,582.9234625214299,0.10001724353024913,0.9822414878697392,0.3902520537376404,0.4533812403678894,-0.8013418912887573
10007,10007,1,0.9988668,170.3007817606839,42.93255616685758,597.2734233878075,0.08531949109524063,1.009465095949743,0.3831174671649933,0.45764121413230896,-0.8023624420166016
10008,10008,1,0.998212,170.88709890068102,42.38048626508334,595.862686593841,0.09755912444147519,1.0243031352599659,0.3729841411113739,0.4667767584323883,-0.8018742799758911
10009,10009,1,0.99842703,172.7142628998458,42.32573978166801,600.6208119982111,0.10051973475875105,1.0380464411586623,0.36515358090400696,0.47040003538131714,-0.8033596277236938
10010,10010,1,0.9985429,174.3506084004434,42.085726196077495,602.8237781592039,0.10600269540402815,1.0332356018656341,0.35811707377433777,0.4684823453426361,-0.8076363801956177
10011,10011,1,0.9982894,175.06556992975575,42.36954563862352,605.0320463777217,0.0951488452989822,1.0611430866961962,0.36230799555778503,0.4769745469093323,-0.8007672429084778
10012,10012,1,0.99863654,173.3173607740073,41.99519181518529,597.420093111477,0.08571387951645379,1.1016455757430963,0.3720928430557251,0.49635279178619385,-0.784334659576416
10013,10013,1,0.9987847,175.32844587098654,41.95951707661904,606.4925244348578,0.044844142162729944,1.2086321626896697,0.38609787821769714,0.5264392495155334,-0.7574894428253174
10014,10014,1,0.99897325,178.2904382743753,41.97485556707915,615.5639876213385,0.000798053818842653,1.3497786089545958,0.3965812921524048,0.5646798610687256,-0.7237817049026489
10015,10015,1,0.9983253,176.26741248324666,41.86523519308721,612.6641820549065,-0.005921438831939954,1.4164869667070774,0.3988800346851349,0.5864243507385254,-0.704983115196228
10016,10016,1,0.9983974,175.7463452517217,41.824076822470204,615.0956857282994,-0.004184189177023166,1.5191122097077043,0.38850143551826477,0.6165540814399719,-0.6847830414772034
10017,10017,1,0.99719316,173.7268547581876,41.98594226773775,613.0517449999712,0.013115905073751983,1.6018690856026156,0.3734283149242401,0.6434386968612671,-0.6682349443435669
10018,10018,1,0.99656796,167.97196982336368,40.65819212510013,600.3902300741762,0.0647829753386848,1.6921957152576972,0.34287548065185547,0.68244469165802,-0.6455274224281311
10019,10019,1,0.9981128,167.5602245536628,47.97576335200395,620.2095057229292,0.0711145052379471,2.0513071828145284,0.305034875869751,0.7496758699417114,-0.5873157978057861
10020,10020,1,0.997988,163.65192047602275,54.851338755641784,627.268031561824,0.10650024726722236,2.4070382487995503,0.26041024923324585,0.8092584609985352,-0.526580810546875
10021,10021,1,0.998686,167.91277391181373,62.954111479397774,662.3101423503654,0.1468113604783827,3.065454734617004,0.1887710988521576,0.8764731884002686,-0.4428998827934265
10022,10022,1,0.9986191,171.01172682825032,65.9292025754882,685.1707960438139,0.2292102306368131,3.5897754644718844,0.12066815793514252,0.9145702719688416,-0.386005699634552
10023,10023,1,0.9986656,169.13821440761123,68.99734020146126,703.1688711037065,0.38869924763736946,3.7120572164259653,0.044214487075805664,0.920292854309082,-0.3887237310409546
10024,10024,1,0.9991124,159.74300236149173,68.08692757959342,684.6967422996473,0.5571828617685878,3.736585216103651,-0.026149556040763855,0.9268218874931335,-0.3745896816253662
10025,10025,1,0.99721223,158.51427145209527,72.86608616568576,720.6108400692548,0.7263952650486221,3.750772240124215,-0.10246878862380981,0.9099010229110718,-0.4019704759120941
10026,10026,1,0.9978801,153.666153912147,76.33062139063907,724.1474832734234,0.8236798513178561,3.473313823276196,-0.14807382225990295,0.8826466202735901,-0.44610434770584106
10027,10027,1,0.9972609,148.00620352236157,79.78528053349105,714.9044240459771,0.9104786032263532,3.237609459007893,-0.19205360114574432,0.8577685356140137,-0.4768108129501343
10028,10028,1,0.99696344,147.15359940401396,80.96252726206747,722.0536604088155,0.9239065869435424,2.894572614632436,-0.20823147892951965,0.8143754601478577,-0.541693925857544
10029,10029,1,0.9922396,141.4238869736383,81.59438687213823,700.9369053239174,0.9031955731189306,2.6131081017203353,-0.20271845161914825,0.7877553105354309,-0.5816758871078491
10030,10030,1,0.9890771,140.45069109454582,83.91642471680736,714.3518577901174,0.8384525246345612,2.572404309564889,-0.16428489983081818,0.7800959944725037,-0.6037059426307678
10031,10031,1,0.9915326,134.14111750540397,82.72749935416944,701.9303258054941,0.7323938270036857,2.4899775039933445,-0.09607402235269547,0.7830308079719543,-0.6145181655883789
10032,10032,1,0.9946719,135.96457389519276,84.81231357385838,718.3524535279493,0.6122889493065828,2.5280366384685364,-0.02416156977415085,0.7847205400466919,-0.6193786263465881
10033,10033,1,0.9910946,137.96920411185343,84.0974064929324,731.9769081858059,0.5176840561467565,2.604701488716487,0.029320284724235535,0.791418731212616,-0.6105708479881287
10034,10034,1,0.990608,138.86830074746214,83.15155557760332,732.0087211455199,0.35272849064010214,2.5394881265983797,0.12758392095565796,0.7781235575675964,-0.6150171160697937
10035,10035,1,0.9935795,145.96170058520107,83.30160725327966,735.8968672267778,0.20068172389658961,2.3416908558701435,0.21771186590194702,0.7322999835014343,-0.6452428102493286
10036,10036,1,0.99431604,143.69117599432215,76.91138242848153,725.3888087462211,0.12798460220310043,2.1245026917356777,0.2763752043247223,0.6898876428604126,-0.6690828204154968
10037,10037,1,0.99665016,142.59793549283836,65.02375046611172,704.554935567198,0.12172526982187201,1.7118799273489822,0.311052531003952,0.6067167520523071,-0.7315334677696228
10038,10038,1,0.99758315,141.83487774287508,53.348588575946145,689.8641970554528,0.15171347280157305,1.3906584182170518,0.31502199172973633,0.531380295753479,-0.7863816618919373
10039,10039,1,0.9874765,139.12448119903647,43.6687829313013,676.6713262622801,0.1928383413034486,1.1568316150433169,0.30644169449806213,0.47115829586982727,-0.8271054029464722
10040,10040,1,0.9932973,138.1913689497063,40.29241989392318,678.1394400861112,0.21729757378484899,1.0393599418323467,0.295187771320343,0.4319714307785034,-0.8522117733955383
10041,10041,1,0.9969139,143.2308940860864,36.95599104816123,711.0210144904846,0.23092008313772439,1.0249681350567779,0.2677447199821472,0.4150184988975525,-0.8695242404937744
10042,10042,1,0.99587375,138.68220059740864,35.1842048129813,684.807799777353,0.28835020595844607,0.9571447175365863,0.24372385442256927,0.40680283308029175,-0.8804033994674683
10043,10043,1,0.99705577,139.10332936369244,33.0592955146541,687.692121746729,0.31025485713393725,0.9500419842913904,0.2260947823524475,0.40610235929489136,-0.8854162693023682
10044,10044,1,0.9967044,136.82910333750823,32.88263648153588,680.3237191506811,0.3296711003889188,0.9644193551271257,0.21638458967208862,0.4164201617240906,-0.8830469846725464
10045,10045,1,0.99667454,135.38767693366802,32.43610465814708,672.7627592655346,0.33352886975819174,0.9907022733157864,0.2165958136320114,0.4314872622489929,-0.8757311105728149
10046,10046,1,0.99675995,137.0849205642231,32.96145312597857,677.5928572521055,0.3181569237369866,1.049284054995258,0.22207610309123993,0.45038458704948425,-0.8647751212120056
10047,10047,1,0.99726546,135.95739961741123,32.76433918777136,672.9096219731257,0.29195032935204274,1.1026904617150441,0.2419983148574829,0.4719310402870178,-0.8477723598480225
10048,10048,1,0.9970951,138.68070324685755,33.86214720826771,694.343800238883,0.24969263071312597,1.1986558160245215,0.2577499449253082,0.49085572361946106,-0.8322413563728333
10049,10049,1,0.9977094,133.18003237215706,34.506943095508454,673.6603847477444,0.2531221603211462,1.201378273680774,0.26898178458213806,0.502395510673523,-0.8217344880104065
10050,10050,1,0.99631643,136.12235387770275,34.194408027194584,689.668550390143,0.24706588786154662,1.2286890892434323,0.2629244923591614,0.503030002117157,-0.8233052492141724
10051,10051,1,0.99775094,134.82760121175957,34.16765259647215,674.5811377768424,0.2756085269608927,1.1658722098822856,0.25216221809387207,0.49137425422668457,-0.8336459994316101
10052,10052,1,0.99742776,139.77873246684075,34.2800483261002,693.3289950780478,0.28430936768258547,1.158834033562893,0.23410876095294952,0.4791220724582672,-0.8459522128105164
10053,10053,1,0.9971306,143.40733497124214,33.89042804229849,705.646782499458,0.29705466606619185,1.142880307556158,0.21743439137935638,0.4679936170578003,-0.8565653562545776
10054,10054,1,0.99753785,145.60756084104932,34.76645099895175,699.1439201166992,0.32059103840651126,1.1043205543029635,0.20080895721912384,0.4579748213291168,-0.8659878373146057
10055,10055,1,0.9982987,154.0883870421007,33.552916362181115,713.3290112461187,0.29537043334363633,1.0913931108978792,0.2042819857597351,0.4468035101890564,-0.8709968328475952
10056,10056,1,0.9981943,155.28869288013118,32.810044091767786,702.4961805961248,0.2784750102680794,1.02856480627252,0.21989810466766357,0.4296630322933197,-0.8758050799369812
10057,10057,1,0.997566,158.0232113194289,31.68779685994213,701.7372115769577,0.2064999548547723,1.0254420693714672,0.2675632834434509,0.42706549167633057,-0.8637273907661438
10058,10058,1,0.99785763,161.66076185038756,31.78859992444997,712.7238064106672,0.12616278803976216,1.035733945213617,0.3131992220878601,0.42081978917121887,-0.8513618111610413
10059,10059,1,0.9961539,161.5634909384128,31.035212845398746,702.8603141814547,0.08244663153481392,1.0043602456257519,0.3469097912311554,0.4118092954158783,-0.8426545858383179
10060,10060,1,0.9971301,161.41513322419613,30.700051984044546,693.5444821754892,0.04863431334843225,0.9683185654380033,0.3742431700229645,0.4005369246006012,-0.8363684415817261
10061,10061,1,0.99576133,159.89298949503413,31.5846390845571,679.065170682806,0.05282142051141274,0.9376731565657601,0.38142064213752747,0.39469417929649353,-0.8359036445617676
10062,10062,1,0.9942212,159.489445607511,31.030982499286733,674.4936758702597,0.06157402574516038,0.8744449094184807,0.3811039626598358,0.37362727522850037,-0.8456727862358093
10063,10063,1,0.9965888,165.76313957168114,29.53683235818779,691.4840420653569,0.04321711393036243,0.8125931347811441,0.3798191547393799,0.343746542930603,-0.8588222861289978
10064,10064,1,0.997384,165.22110317057502,29.89809833806704,683.8156952304262,0.06923398719778642,0.7136380026445435,0.37064990401268005,0.3084150552749634,-0.8760700821876526
10065,10065,1,0.9939355,164.6457330194423,29.564880590941623,671.2370804370811,0.10689464976900681,0.6293792471343216,0.3543248176574707,0.2805318236351013,-0.8920514583587646
10066,10066,1,0.9963727,169.84283351147835,28.890977132620577,675.9536939005737,0.0932831998864841,0.598617232735813,0.35551583766937256,0.26684850454330444,-0.8957680463790894
10067,10067,1,0.9963483,175.64138498161356,27.760447661688886,676.9359063629605,0.06658396255721549,0.5658829453508166,0.3664734959602356,0.2538576126098633,-0.8951276540756226
10068,10068,1,0.9948639,177.5032018327573,27.163260609033927,668.2179067389588,0.026710981532087515,0.5226332805453555,0.39598673582077026,0.23766489326953888,-0.8869667053222656
10069,10069,1,0.9937343,179.28020871431772,26.858338811917786,654.1700404491911,-0.026932076768782155,0.522985575194493,0.4360443651676178,0.24023883044719696,-0.8672661781311035
10070,10070,1,0.9952524,178.72468087782474,26.709055681429334,644.8378612879887,-0.05061983483392455,0.47358127283284973,0.4579489231109619,0.22075384855270386,-0.861133337020874
10071,10071,1,0.99604154,190.41618207298222,25.680434450499146,662.2978208559102,-0.11158799747443096,0.40017150853668126,0.472669392824173,0.18556924164295197,-0.8614799380302429
10072,10072,1,0.9973943,189.18672319254657,24.076575543893778,633.4715148377289,-0.0936687667452849,0.32463868698324466,0.4809883236885071,0.16233371198177338,-0.8615672588348389
10073,10073,1,0.9969946,196.1839125649626,24.516312425233156,620.7409696955859,-0.10786860273612864,0.21392931459698156,0.48997923731803894,0.11560245603322983,-0.8640350103378296
10074,10074,1,0.9975769,212.13205980582703,23.54310569146681,641.9627925042911,-0.18244916317589654,0.1667412817342121,0.5030813217163086,0.09398674219846725,-0.859113335609436
10075,10075,1,0.9967307,216.5232933639685,23.154137185780797,630.132118386431,-0.1754368913189043,0.14569868135984532,0.501435399055481,0.08721785247325897,-0.8607878088951111
10076,10076,1,0.994348,217.25884818922808,23.733859237178788,620.5655461005342,-0.1241958944694418,0.18873725754834322,0.47576266527175903,0.10703727602958679,-0.8730366230010986
10077,10077,1,0.99444866,220.51940484107897,22.53568450685474,611.3186203854364,-0.09156753264489664,0.40218155389442445,0.4549146890640259,0.20879852771759033,-0.8657111525535583
10078,10078,1,0.9939639,238.66218873313923,20.60389442287217,637.2987607500426,-0.137473464211987,0.5859379626165538,0.4424089193344116,0.2847961187362671,-0.8503913879394531
10079,10079,1,0.9949596,240.46307367885865,21.933614312541682,616.8681579034555,-0.11710365931118431,0.6617965654436503,0.43577834963798523,0.3255808353424072,-0.8391033411026001
10080,10080,1,0.9975501,245.42588236229085,22.886422380968583,613.3587803125231,-0.1386075149641421,0.8004879213827262,0.4393172860145569,0.38394343852996826,-0.8121500611305237
10081,10081,1,0.9981997,248.10923153246878,23.522854162001096,609.5150681048277,-0.11975660992013455,0.8849561090966294,0.4206990897655487,0.42256343364715576,-0.8027780055999756
10082,10082,1,0.9975635,249.43382987834102,24.692876866865603,608.9413948158726,-0.1020895933917654,0.9213456586584086,0.40532150864601135,0.4385127127170563,-0.8021353483200073
10083,10083,1,0.99323964,257.0964505543471,24.477055008657686,619.8888393028227,-0.11574503932698714,0.9595858646760816,0.3969667851924896,0.44858813285827637,-0.8007409572601318
10084,10084,1,0.9920298,260.54394516028555,24.52285402946964,624.3030346338301,-0.12565483035037125,0.9233898072709966,0.39939239621162415,0.431675523519516,-0.8087905049324036
10085,10085,1,0.99242353,268.94052068119566,26.027981219578844,638.9362964451476,-0.12924916407507359,0.8986831655099,0.3858572840690613,0.4140956997871399,-0.8244022130966187
10086,10086,1,0.9902614,263.51150716645844,26.455520104235273,624.0638666604755,-0.11289577841426485,0.8418382520784918,0.392039030790329,0.3982936143875122,-0.8292572498321533
10087,10087,1,0.9924583,263.17198885890565,26.409381930828683,624.616840563642,-0.11028862910547586,0.7965678986449086,0.39271441102027893,0.37933796644210815,-0.8377817273139954
10088,10088,1,0.99391276,263.163084598211,27.029506888844306,626.142147807891,-0.10905781174498812,0.7744374721648903,0.39231225848197937,0.36853253841400146,-0.8427780866622925
10089,10089,1,0.9946379,269.0947847652156,25.78726158984931,646.2826852947475,-0.1571711042288372,0.8417914209477986,0.40370646119117737,0.38540345430374146,-0.829750120639801
10090,10090,1,0.99666506,253.60912344896835,26.629520633127758,617.2011360958164,-0.13504248884724274,0.8173668152213883,0.4247177541255951,0.38668757677078247,-0.8185887336730957
10091,10091,1,0.99779934,262.7693311126854,26.18372329816985,647.3335140730811,-0.21162094866810013,0.8603055063085185,0.44472458958625793,0.3849900960922241,-0.8087043166160583
10092,10092,1,0.9984205,253.88098557161504,26.053493685375,630.7369712893859,-0.21208892604447138,0.8110012113418266,0.46670836210250854,0.37065595388412476,-0.8029928207397461
10093,10093,1,0.9987955,265.4722884999473,25.93237677059423,667.2450854861839,-0.2597611059565283,0.7246441774008807,0.46631935238838196,0.3198414146900177,-0.8247712850570679
10094,10094,1,0.99867886,264.5227915621323,25.469788948411438,669.4573311458201,-0.2380427133676628,0.6516892009456099,0.45584145188331604,0.2919953763484955,-0.8408015370368958
10095,10095,1,0.9978283,258.71326835405915,25.496589033661518,665.0898002484697,-0.22608470302199724,0.6015835104081074,0.4591490924358368,0.27284765243530273,-0.845420777797699
10096,10096,1,0.9975981,257.39094586319885,26.26542187730851,670.0600052939018,-0.18141389543144548,0.5034184871531019,0.4331401288509369,0.23197495937347412,-0.8709633946418762
10097,10097,1,0.9988709,248.09216632002475,26.81274705677173,651.692879272122,-0.10661215819790665,0.4608449865510998,0.4068557322025299,0.22039738297462463,-0.8865063190460205
10098,10098,1,0.9992785,246.87261370965675,26.29937031290558,655.8538416083887,-0.05154325953079599,0.4292530582814257,0.3690616190433502,0.20786719024181366,-0.9058613181114197
10099,10099,1,0.9990361,248.3913397631192,26.160970301425284,662.780283333369,0.0004982444311963581,0.445365351116169,0.3263467252254486,0.21486783027648926,-0.9205051064491272
10100,10100,1,0.9987141,238.79517085560178,26.39292463475513,642.5192435589997,0.08278446380122893,0.469304428100707,0.2865462601184845,0.23296497762203217,-0.9293107986450195
10101,10101,1,0.99829096,240.846656692535,26.082604241690827,650.445389214943,0.10569455470774214,0.46059385527882957,0.2626023590564728,0.2274012416601181,-0.937725305557251
10102,10102,1,0.9981787,238.99877672689823,26.06027352948284,649.7992392368066,0.1070506043767787,0.5090608753314889,0.26347771286964417,0.24977006018161774,-0.9317694902420044
10103,10103,1,0.99786586,233.9484232972727,26.363350826066366,640.5277930013992,0.10382043427495646,0.5862555009192485,0.27516859769821167,0.2875883877277374,-0.9173740744590759
10104,10104,1,0.99814343,235.59166562753475,27.055541254407945,648.6820226837157,0.07927262426295341,0.6563072254765066,0.28648144006729126,0.3138238787651062,-0.9052308797836304
10105,10105,1,0.99890065,242.10677209119743,27.84380394574254,666.3631424717452,0.023059195344977714,0.8028695540672106,0.3069345951080322,0.3654251992702484,-0.878780722618103
10106,10106,1,0.99871516,240.2533696765552,26.979035088013518,662.2274270701649,0.026858309670926114,0.8946194402134963,0.30435991287231445,0.40587085485458374,-0.8617621660232544
10107,10107,1,0.9985061,229.13286818845006,28.08842000537831,636.3181540334245,0.08799119119775604,0.9393265331908337,0.28261515498161316,0.43893277645111084,-0.8529165983200073
10108,10108,1,0.9984819,233.34321591564364,27.898727681071723,650.2456111113344,0.10285799062113599,1.0253252291935795,0.25623875856399536,0.46690723299980164,-0.8463683128356934
10109,10109,1,0.99788,228.89359566671146,27.469189576361725,641.6679754438941,0.1587528981896065,1.003796990376045,0.2233598530292511,0.46675458550453186,-0.8557164072990417
10110,10110,1,0.99688005,231.0598646841767,27.958517676469643,648.7692056568177,0.18806341292107293,0.993245475916998,0.1956373155117035,0.4592919647693634,-0.866473913192749
10111,10111,1,0.9969373,226.89570914042142,27.463769055181857,639.5998847709881,0.2455364423952178,0.9113212619260296,0.16094820201396942,0.4334554076194763,-0.8866860270500183
10112,10112,1,0.99689084,227.7379200612801,27.570384711390727,642.2873143266594,0.25832422116297593,0.8222973431999979,0.15149766206741333,0.3940807282924652,-0.9065036773681641
10113,10113,1,0.9969175,227.43091452722823,27.837552242841166,641.912906322541,0.2556120819745226,0.7855260906301111,0.15551099181175232,0.3777710199356079,-0.9127461314201355
10114,10114,1,0.9975647,228.0505500801497,28.14386234121594,646.6628002836321,0.23710796114903376,0.7869039099553158,0.16872374713420868,0.37506774067878723,-0.9115133285522461
10115,10115,1,0.9982785,227.2086932711425,30.496639290842932,645.2336539814286,0.22020709540292369,0.7793168212360652,0.18475382030010223,0.3688186705112457,-0.9109548926353455
10116,10116,1,0.99845815,224.34991462363067,31.738684559207247,639.2900982611155,0.1992559753711894,0.7794268939777244,0.20812080800533295,0.36942070722579956,-0.9056566953659058
10117,10117,1,0.9980775,224.6228360329229,32.58681633053939,640.4793061484852,0.17196639555566273,0.7792301309695046,0.22954854369163513,0.36661142110824585,-0.9016116261482239
10118,10118,1,0.998387,222.3497640994311,33.54711458194331,633.8411327121163,0.16869628983304708,0.7754450035058804,0.23813572525978088,0.36667826771736145,-0.8993543982505798
10119,10119,1,0.9964191,223.93902358256392,34.37582390840556,640.4081636563483,0.18002928612078903,0.7843800136822555,0.22416727244853973,0.3666514456272125,-0.9029483795166016
10120,10120,1,0.99711466,228.162876802623,35.749105756030694,653.3854542340752,0.17307438541058856,0.8157840551208763,0.21835045516490936,0.3719094693660736,-0.9022230505943298
10121,10121,1,0.9965281,227.0945956191916,38.31212769531803,650.4316066248099,0.18676796077000962,0.820807075899979,0.21007519960403442,0.3724954128265381,-0.9039444923400879
10122,10122,1,0.99841726,228.06895491422765,39.026761259837635,650.8848684731473,0.20145463568559704,0.8383644708505695,0.19613350927829742,0.3794559836387634,-0.9041818380355835
10123,10123,1,0.9986009,231.92501600738333,39.31035504449628,662.6891347660928,0.2089236105740614,0.8552910570551007,0.18061527609825134,0.3805959224700928,-0.9069315195083618
10124,10124,1,0.9986518,225.39734432176908,39.24744990551193,643.8223669288554,0.24106133761804072,0.8303602505282551,0.17001976072788239,0.3802509307861328,-0.9091218709945679
10125,10125,1,0.9984199,219.1535185996518,39.48530747038862,623.7450466039253,0.2648247701441555,0.809808886123816,0.1656094491481781,0.38195452094078064,-0.9092217683792114
10126,10126,1,0.9979961,228.3786404181706,40.30606490860333,648.9746146751721,0.24152421586523368,0.8466489470767719,0.16333524882793427,0.38337385654449463,-0.909035861492157
10127,10127,1,0.997664,234.75313649863585,39.801232141122604,662.4946864522212,0.23108478574271826,0.8680247772239844,0.1582190841436386,0.38621342182159424,-0.9087386727333069
10128,10128,1,0.9977125,228.5811497142795,41.07884971110544,646.482292886105,0.24979851108845944,0.8561305327177083,0.15653444826602936,0.38801857829093933,-0.908261239528656
10129,10129,1,0.997689,224.83211601885998,40.55087650663565,637.1553068143963,0.2584185196324861,0.8262582194133875,0.15829214453697205,0.38065069913864136,-0.9110700488090515
10130,10130,1,0.9974523,233.81241131431207,41.00721669210913,660.8834276336061,0.22925658270022914,0.8466996807939611,0.16227589547634125,0.3762427270412445,-0.9121994972229004
10131,10131,1,0.99685824,240.64221228996382,41.548304798173376,677.5933661337539,0.2094331321524368,0.8636613746113628,0.16353726387023926,0.3741663992404938,-0.9128280878067017
10132,10132,1,0.99687093,239.2134005915331,41.64666638401641,673.4089119700195,0.19913210874265241,0.8555476777790136,0.17504853010177612,0.37247011065483093,-0.9113858342170715
10133,10133,1,0.9981517,242.90767889780443,41.907141998620126,680.4018940564964,0.18829002742476544,0.8664714611833777,0.17608653008937836,0.37322425842285156,-0.9108771681785583
10134,10134,1,0.99810374,238.41964139901336,41.22158705249014,666.746074542394,0.19630334551077538,0.8547351533831988,0.18012000620365143,0.37604546546936035,-0.9089260697364807
10135,10135,1,0.9982168,237.4392781247112,40.956175383057264,661.6329937999836,0.19701515268550557,0.8465444172644961,0.18256942927837372,0.3755357265472412,-0.9086481332778931
10136,10136,1,0.9986154,234.67580453056712,40.6089773450963,653.7787701939093,0.20123122168984114,0.8272121421276429,0.18601764738559723,0.3716636002063751,-0.9095403552055359
10137,10137,1,0.99884903,236.27584677253188,40.06386772631138,655.2386253955692,0.18971939330495416,0.8152353732608164,0.19281964004039764,0.36631542444229126,-0.9102931022644043
10138,10138,1,0.9986809,241.73385834476053,40.08805073433336,667.4745185531237,0.15592249309406683,0.8305381636196859,0.20755833387374878,0.3661915957927704,-0.9070960879325867
10139,10139,1,0.9985429,239.34067206446957,39.29360635423253,656.4639449045585,0.1464977326088447,0.8366315337270229,0.22151580452919006,0.3749656081199646,-0.900184154510498
10140,10140,1,0.9988588,243.23942471722634,39.52922479102977,666.8697278394058,0.07530562038879833,0.902324543473401,0.26471075415611267,0.39410993456840515,-0.8801168203353882
10141,10141,1,0.99921083,245.31703543448168,39.07805772237965,672.4074859652598,0.01948946511145677,0.97536984787205,0.2975071668624878,0.4180935323238373,-0.8583048582077026
10142,10142,1,0.9991841,230.65532269807167,38.15488204404812,632.3225204769179,0.02634224416953186,0.9894443688263362,0.32759737968444824,0.44442567229270935,-0.8337660431861877
10143,10143,1,0.99916136,236.3930327803822,37.47939352473522,644.8242457938996,-0.03065769257327508,1.0737682321379787,0.3502918481826782,0.4670810103416443,-0.8118687868118286
10144,10144,1,0.99870694,233.17339477573685,37.304081714030275,635.1436120466527,-0.03199317254411102,1.097262187243999,0.3580513894557953,0.48072513937950134,-0.8004390001296997
10145,10145,1,0.99842656,235.5961294088908,35.109099345084765,642.4190980317204,-0.01704836363965709,1.0790441064627116,0.34197354316711426,0.47433146834373474,-0.811211347579956
10146,10146,1,0.9988336,243.1400230116354,34.79342661779657,663.7512271711222,-0.020433897393600072,1.0753859408971034,0.32600539922714233,0.46270325779914856,-0.8243944048881531
10147,10147,1,0.998672,231.29418481552295,34.621555085928456,632.0377835415028,0.05746234088110097,0.9768064382419867,0.3036652207374573,0.44661852717399597,-0.8416171073913574
10148,10148,1,0.9985405,232.90786343517152,34.510751465849445,638.7555575471915,0.049913218063920475,0.9655258507625679,0.30493009090423584,0.4380689263343811,-0.8456436991691589
10149,10149,1,0.9983004,232.92459917451455,34.24336291334172,640.5128269554334,0.027953255658340045,0.9765670682101044,0.3197341561317444,0.4400841295719147,-0.8391042947769165
10150,10150,1,0.9985667,240.14419667498373,33.27066305240485,659.5776475472254,-0.025955920804851963,1.0349134432186478,0.3372473120689392,0.4503736197948456,-0.8266969919204712
10151,10151,1,0.99902844,228.308522722535,34.841649773586475,627.6747129393167,0.005162955425158103,1.0177419220185333,0.34575194120407104,0.4598861336708069,-0.8178999423980713
10152,10152,1,0.9991573,233.21301265601937,34.79924484450597,641.4706407528887,-0.04106685584533445,1.0853831014721709,0.36163488030433655,0.4745911657810211,-0.8024858236312866
10153,10153,1,0.9992512,232.79608269899214,34.11653195960449,641.0101853365637,-0.04943256377248686,1.0975295272669754,0.36713242530822754,0.4791673421859741,-0.7972530722618103
10154,10154,1,0.9989563,232.57321873213212,32.079402575280426,640.5756770760715,-0.06639037758281842,1.079251220057266,0.37964606285095215,0.4730246067047119,-0.7950575947761536
10155,10155,1,0.99876535,234.25998711350925,31.632248179984966,645.3860916454256,-0.09127243043765189,1.0694220280623867,0.39235323667526245,0.46496036648750305,-0.7936440110206604
10156,10156,1,0.99868745,233.4169400778845,31.569594126681125,641.4967929426009,-0.10711333103559506,1.0137978612466672,0.4089328944683075,0.4442286789417267,-0.7971416115760803
10157,10157,1,0.9987583,227.1068219109343,31.71130756629094,628.4021080433095,-0.0997605877623857,0.9450017513110819,0.42247623205184937,0.4232901930809021,-0.8014607429504395
10158,10158,1,0.9978771,231.28708682239179,31.110980644382483,636.6518308436677,-0.1301719747049698,0.937297685155746,0.433133602142334,0.4146575927734375,-0.8002839088439941
10159,10159,1,0.99816656,231.33406210674755,30.576219963875698,635.9503243891027,-0.1391525318237091,0.9081854095737297,0.44065800309181213,0.40327903628349304,-0.8019890785217285
10160,10160,1,0.9982248,232.12308474385895,30.525497449179728,638.788982438203,-0.15183094592398727,0.908307059622691,0.4461824893951416,0.4008830189704895,-0.8001337647438049
10161,10161,1,0.99816555,229.82410862314214,29.247057189457234,630.4349834873605,-0.14800412155005402,0.8967676334566177,0.4511852264404297,0.4016532301902771,-0.7969357371330261
10162,10162,1,0.99782676,229.32687350709327,28.889312473979004,628.1961702534737,-0.1400035747912664,0.9003830330213539,0.44762393832206726,0.4053460359573364,-0.7970743179321289
10163,10163,1,0.9978356,228.76720288070786,29.42065740514619,627.076691829324,-0.14709181607887148,0.9230437962237168,0.4521223306655884,0.4131888747215271,-0.7904811501502991
10164,10164,1,0.9977188,234.65755138982067,29.236841777121157,641.3784528071513,-0.1763271527325618,0.9570949911268921,0.45381107926368713,0.41797035932540894,-0.7869919538497925
10165,10165,1,0.9978922,236.9492645382522,29.56753299942186,646.0696676620656,-0.19810700791955296,0.9704619880316786,0.4612167477607727,0.4185386598110199,-0.7823711633682251
10166,10166,1,0.99831736,229.7425118693934,30.519067184430053,630.4455220911873,-0.1703121123838931,0.9517138699314468,0.4621131420135498,0.41891294717788696,-0.7816414833068848
10167,10167,1,0.9982843,229.68299461689472,30.173391906443527,627.6559078136007,-0.16559365707503435,0.9473285386081193,0.46093621850013733,0.41951847076416016,-0.7820115685462952
10168,10168,1,0.9977617,227.30279081826868,30.010925396634846,622.6824159002961,-0.1399666554423159,0.9318135756377969,0.45131784677505493,0.41846656799316406,-0.7881611585617065
10169,10169,1,0.99806756,236.55354251514544,30.193332300912758,650.2556931270905,-0.1678009810792228,0.9725872037701115,0.44128817319869995,0.41998305916786194,-0.7930189371109009
10170,10170,1,0.9982755,236.79224646956524,30.519302097523838,651.6705561196726,-0.14866265302254802,0.9638877841392822,0.42907166481018066,0.41777825355529785,-0.8008487820625305
10171,10171,1,0.9984781,233.80463611839994,31.418850891438343,646.4017994453408,-0.12623729938672923,0.9328867261331589,0.4230521619319916,0.4089173674583435,-0.8085873126983643
10172,10172,1,0.998733,236.38913342766395,30.900522923146912,651.5238343520774,-0.13127947960191505,0.946726700812507,0.4197485148906708,0.4125549793243408,-0.8084612488746643
10173,10173,1,0.9988907,235.33465896529128,31.158489462067124,649.8701385539422,-0.12303835254944832,0.9521111518117571,0.41633468866348267,0.4157065451145172,-0.8086121082305908
10174,10174,1,0.998911,233.5339486661757,31.75846644648111,646.3933829324243,-0.12937873408468667,0.9584879623559247,0.424017071723938,0.418012797832489,-0.8034144639968872
10175,10175,1,0.99905676,238.70903152894553,32.40159947762339,653.8719523536475,-0.15532251158825255,0.9869082293188339,0.4290597438812256,0.42299947142601013,-0.7981098294258118
10176,10176,1,0.99888235,238.89071738856646,32.41834152067138,653.219085393655,-0.16108874091036746,0.9966978854491284,0.43217119574546814,0.4263952672481537,-0.7946164011955261
10177,10177,1,0.9990189,237.9859465558283,32.54079212650628,651.2511666615937,-0.16054647868760463,1.0088150537455078,0.43315815925598145,0.43156835436820984,-0.7912791967391968
10178,10178,1,0.9989813,238.3739583682334,31.81978974074842,652.5085592613599,-0.18250139221802664,0.9948399281286593,0.4461493492126465,0.42420414090156555,-0.7880365252494812
10179,10179,1,0.99915826,238.27821372248127,31.22791075413795,648.0782443390225,-0.1886205740422275,0.9277134021715888,0.45593637228012085,0.40085935592651367,-0.7946280837059021
10180,10180,1,0.99883705,237.68031124328968,31.017841101671237,644.421177002084,-0.18658676885392164,0.8718964763412735,0.4602981507778168,0.38118961453437805,-0.8017606139183044
10181,10181,1,0.99857306,232.00455862197035,31.53356566888171,624.8996959161773,-0.14795768484409977,0.8009443155889092,0.4573845863342285,0.3632108271121979,-0.8117125034332275
10182,10182,1,0.99862754,232.8049614149271,31.086542623536644,625.9774553072097,-0.17190881854036072,0.7934472384748781,0.47107449173927307,0.358002632856369,-0.8061780333518982
10183,10183,1,0.99875426,236.56729147337464,29.81055181074538,632.2385469750903,-0.20689580937598512,0.7961206228815179,0.4840451776981354,0.355428010225296,-0.7996069192886353
10184,10184,1,0.9987452,235.82994244409758,30.29004906077596,628.2514959555465,-0.22890455203748716,0.807822587076262,0.4996122717857361,0.3586331903934479,-0.7885238528251648
10185,10185,1,0.99848926,243.9989187204301,28.653326338809638,644.9206742218557,-0.2868454979006726,0.8397475521205581,0.512283444404602,0.36226552724838257,-0.7786715626716614
10186,10186,1,0.9983192,246.03078331709,29.1022228530137,650.904019085601,-0.3100492277544359,0.8657858591922498,0.518287718296051,0.3672504723072052,-0.7723373174667358
10187,10187,1,0.9981501,248.5188854101995,28.584524182625447,656.6569962602592,-0.3181573584470493,0.8717671634862931,0.5165399312973022,0.36762112379074097,-0.7733312845230103
10188,10188,1,0.9984289,243.83114058050424,28.80160214193391,644.7127119259621,-0.3040229280762361,0.8693436884562711,0.5204063653945923,0.37148162722587585,-0.7688814997673035
10189,10189,1,0.99834216,243.6584680321067,28.418204048574836,646.3532214136903,-0.2912846238950664,0.8642644110793217,0.5129187107086182,0.370758980512619,-0.7742429971694946
10190,10190,1,0.9983569,245.08551312499955,28.45060946628448,647.6131701869864,-0.2904415558664118,0.8576846484534294,0.5106568932533264,0.36818617582321167,-0.7769611477851868
10191,10191,1,0.99837315,246.18268479526182,28.793838951767537,650.3077764098333,-0.2971631604782703,0.8447048707596245,0.5124942064285278,0.3613204061985016,-0.7789719700813293
10192,10192,1,0.99837166,246.22282642377152,28.84351392820692,651.0221751623695,-0.29993963508043864,0.8299625651133705,0.5143328309059143,0.3550752103328705,-0.7806301116943359
10193,10193,1,0.9983203,235.50131711405461,29.314035632345007,627.6460414386266,-0.2602816122624882,0.7795641185414809,0.5194340944290161,0.3453626334667206,-0.7816092371940613
10194,10194,1,0.99812,243.10678950662523,28.93944267961867,642.8505802918091,-0.28874154318050615,0.778844036514384,0.5185133814811707,0.33869224786758423,-0.7851314544677734
10195,10195,1,0.99788314,244.13801213493312,29.496134382873365,645.2459370669809,-0.30427106810346544,0.7666844281022619,0.5252602696418762,0.3310503363609314,-0.7839052081108093
10196,10196,1,0.9976647,238.44946857556354,29.548907500740864,631.6814977096445,-0.2928557425226503,0.7602471721223404,0.5330194234848022,0.3331693112850189,-0.7777458429336548
10197,10197,1,0.9976426,239.3877515037665,29.88559877902564,635.0237498412527,-0.3111746876327307,0.7694931589931674,0.5396116375923157,0.33347246050834656,-0.7730559706687927
10198,10198,1,0.998005,242.5973227303532,31.016534198747745,642.3381390468189,-0.3369805181389916,0.8016764754224898,0.5445162057876587,0.3399580121040344,-0.766766369342804
10199,10199,1,0.9989403,239.66308154560303,32.35048145959019,636.4473799627373,-0.3284799767225959,0.8288684850055815,0.5453084707260132,0.35107189416885376,-0.7611749172210693
10200,10200,1,0.99860007,241.0096402788847,32.483390866845276,644.2731767082752,-0.34200742477489676,0.8918324123234053,0.543221116065979,0.37054443359375,-0.7533974647521973
10201,10201,1,0.9986234,239.5166001599238,31.821709865245868,639.6574199601133,-0.3106846461784255,0.9102429995381033,0.5296319127082825,0.38333839178085327,-0.7566648125648499
10202,10202,1,0.9987203,244.34365785589887,31.912527254528552,651.5188844745948,-0.2735762819851235,0.9318078183224325,0.49681007862091064,0.3921453654766083,-0.7742104530334473
10203,10203,1,0.99871635,241.10257819812293,32.40476696588946,648.8532065651401,-0.19852742526869693,0.9045694676978708,0.4598977863788605,0.3898514211177826,-0.7978156805038452
10204,10204,1,0.99835473,246.5779114983775,31.613485234715693,661.6150090167974,-0.1738824422103716,0.9026398545721556,0.4319898784160614,0.3882303535938263,-0.81404048204422
10205,10205,1,0.9983491,246.2870899930875,32.47111768305018,665.9299670030888,-0.15201438371421278,0.894592435687307,0.4171654284000397,0.3841385841369629,-0.8236568570137024
10206,10206,1,0.9986719,242.1844818339927,32.763074305638064,659.7120656882402,-0.11401438751672854,0.8693240142010302,0.402113676071167,0.3791937530040741,-0.8333766460418701
10207,10207,1,0.998755,241.60564518553858,32.61307609895775,661.9586800741799,-0.09222813262071007,0.8637573863027708,0.3876900374889374,0.37786850333213806,-0.84078049659729
10208,10208,1,0.9985103,239.76676282438544,31.9266876587876,658.9220715851736,-0.0904423400052792,0.8963667020100797,0.3885188400745392,0.3928329348564148,-0.8335078358650208
10209,10209,1,0.99822396,241.13904268666897,32.78296878172505,666.5328057204262,-0.1025540623509169,0.9390030041594626,0.3892729580402374,0.4040038287639618,-0.8277967572212219
10210,10210,1,0.9980362,234.22895973369668,31.605420616742105,652.0550818522278,-0.06864982085713611,0.9538966333708832,0.3811092972755432,0.41989025473594666,-0.8236794471740723
10211,10211,1,0.99843687,235.87711061749292,32.70117269904372,662.2358254121913,-0.0629232524782462,1.0094755212572077,0.36790263652801514,0.4356479048728943,-0.8214977383613586
10212,10212,1,0.99825996,236.45568908119935,33.53132789213726,667.5723611987947,-0.0386583048949711,1.0396145211317658,0.3471825420856476,0.4455987513065338,-0.8251703381538391
10213,10213,1,0.99811566,235.6928806437131,33.15489457218079,667.0803251811752,-0.018033766445508755,1.057520042648458,0.333282470703125,0.4546471834182739,-0.8259652853012085
10214,10214,1,0.9981869,235.36276163286286,33.567172428646536,665.6185581804109,-0.0020339783686308486,1.068487124962936,0.32276272773742676,0.4603760242462158,-0.82696932554245
10215,10215,1,0.998044,237.38389204988883,33.51055343005739,671.6903117245122,0.007668537816028191,1.0747351657215052,0.3107312321662903,0.4606338143348694,-0.8314220309257507
10216,10216,1,0.9980386,220.80678089788694,33.60258453296343,625.944441616503,0.08595010536238852,1.008990430751548,0.29750341176986694,0.46450790762901306,-0.8341007828712463
10217,10217,1,0.99795306,236.22316997337282,33.28886749680465,666.7639182787217,0.036231639554169866,1.095461420770593,0.2928643822669983,0.47338324785232544,-0.8307458758354187
10218,10218,1,0.99779475,229.74218758240383,32.883847187188906,649.5873813534329,0.06796130484064405,1.0770312764639751,0.28577107191085815,0.4781222939491272,-0.8305022716522217
10219,10219,1,0.9980064,230.60412450082606,33.33439256128952,650.8879048907239,0.07241276134194764,1.0798798645812113,0.2807958126068115,0.4784244894981384,-0.8320238590240479
10220,10220,1,0.9982009,232.93723375471106,33.50815385731739,659.6243304033663,0.06481134419556153,1.092866639014167,0.27946165204048157,0.4778338372707367,-0.8328121304512024
10221,10221,1,0.9983736,235.9691697860436,33.396075782983715,664.4796161110326,0.06015379528024223,1.0847185003380446,0.2774291932582855,0.472311794757843,-0.8366329073905945
10222,10222,1,0.9983815,235.1758995497904,33.858792199881606,660.8285160113973,0.06993175029216955,1.0439986213837504,0.2747625708580017,0.4589751064777374,-0.8448949456214905
10223,10223,1,0.9986513,233.8881808816267,33.6715921241894,656.8470408074016,0.07533670168211407,1.0071858481758318,0.27570393681526184,0.4473392963409424,-0.8508083820343018
10224,10224,1,0.9985971,232.20201082368968,34.088892367463366,653.729741288315,0.07787452196638274,0.9635512263196521,0.2794273793697357,0.4311766028404236,-0.8579085469245911
10225,10225,1,0.9984975,232.39794703902078,33.72827475042288,653.3750324449826,0.08030416575374016,0.9319569508161192,0.2788478136062622,0.4192824065685272,-0.8639711737632751
10226,10226,1,0.9983198,233.87159401584702,32.75095545635046,655.0748290812614,0.07523410756622007,0.9043076154467057,0.2809908390045166,0.40827685594558716,-0.868535578250885
10227,10227,1,0.99863976,230.05548874000706,33.59826157311986,645.7429544289487,0.08402700438002592,0.8654583272501992,0.28513678908348083,0.39599621295928955,-0.8728597164154053
10228,10228,1,0.99855644,226.4464512764886,32.586979075529165,634.1812737091918,0.08377796828837315,0.8430948163924987,0.2958530783653259,0.39342740178108215,-0.8704515695571899
10229,10229,1,0.99868995,229.376945420517,31.982066362935957,642.7946739654795,0.02693623053931787,0.8578056027181693,0.3297644555568695,0.39249956607818604,-0.8586031794548035
10230,10230,1,0.9986357,228.35686013614793,31.35151238798866,640.2946943994899,-0.008347885953069303,0.8504198195737783,0.35782551765441895,0.3885938227176666,-0.8490911722183228
10231,10231,1,0.99902415,234.33724505076145,30.653119158174004,653.6140207555114,-0.08135273785985535,0.8449462501444744,0.3939816355705261,0.376017689704895,-0.838683009147644
10232,10232,1,0.99867153,225.3780833892491,30.653685698358885,631.728531425286,-0.0849717404041159,0.7892107814041722,0.4212762415409088,0.3609176278114319,-0.8320245146751404
10233,10233,1,0.9983897,231.5444142823615,30.014130213894646,650.0667321744514,-0.16539137219123198,0.7794732941600678,0.45563796162605286,0.3439751863479614,-0.821020781993866
10234,10234,1,0.9973463,225.15483459975852,28.42446375331792,626.9433004948002,-0.1606933848549903,0.6637064273962814,0.4776383638381958,0.30646488070487976,-0.8233716487884521
10235,10235,1,0.997598,227.2984010941867,26.646949223471044,629.035093907704,-0.16651868884249857,0.5739714242517777,0.4803412854671478,0.2700018584728241,-0.8344886898994446
10236,10236,1,0.99691486,227.8016444516419,25.88577050942509,630.8395258413059,-0.15345178760625544,0.502362962618824,0.4724803864955902,0.24059197306632996,-0.8478666543960571
10237,10237,1,0.9972873,229.2407319893897,24.774448725537837,632.6707150278479,-0.1768456673900926,0.4668758229047338,0.48474809527397156,0.22514255344867706,-0.8451805114746094
10238,10238,1,0.9976847,228.93203842512563,24.884855982848094,629.2484264593189,-0.1852779771326763,0.4138326773456729,0.49331825971603394,0.20245575904846191,-0.8459603190422058
10239,10239,1,0.99825853,228.01691529431238,24.787080750604986,625.9962812686415,-0.19821521091355082,0.35166380931269275,0.5049271583557129,0.17562633752822876,-0.8451058864593506
10240,10240,1,0.997532,229.52346268106007,24.200282077193492,627.0650045639535,-0.22047493868352278,0.25954973411781557,0.5161202549934387,0.1357094794511795,-0.8456966876983643
10241,10241,1,0.99703634,232.0198702857533,23.593084095386462,634.6503619159301,-0.25568065020359926,0.20838090419140903,0.52848881483078,0.11297592520713806,-0.8413893580436707
10242,10242,1,0.99690694,233.52399473428508,23.301494850257154,637.1841179634442,-0.29382076345486063,0.18564730401669483,0.545962929725647,0.10299348831176758,-0.8314546346664429
10243,10243,1,0.9967416,233.86504492721306,23.475605634037716,638.742671208597,-0.315495329217264,0.14747597846124372,0.5557183623313904,0.08655186742544174,-0.8268530368804932
10244,10244,1,0.9966755,233.54423160189276,23.4986554391229,638.3020533818241,-0.33924639102408966,0.11271282016072104,0.5680198669433594,0.07216495275497437,-0.8198449611663818
10245,10245,1,0.996985,227.7922253006229,23.792272662818746,622.7780046214388,-0.32714813832376677,0.19403300906045481,0.5781898498535156,0.10646753013134003,-0.8089259266853333
10246,10246,1,0.9973289,232.2004031582169,23.385899683182384,634.7118983238191,-0.3770700600763498,0.2815606802497097,0.5911370515823364,0.14029493927955627,-0.7942759394645691
10247,10247,1,0.9975261,228.1584440037236,23.7261414240976,625.6807806413435,-0.35379436063382913,0.3598956460503397,0.5888389945030212,0.17363590002059937,-0.7893790602684021
10248,10248,1,0.99749595,232.77988325391695,24.376206012933523,642.987260031953,-0.3689969829801583,0.43385993129701433,0.5801848769187927,0.19900564849376678,-0.7897989153862
10249,10249,1,0.99774843,230.68671330962562,23.289192438518455,641.8001149011544,-0.2734439126905772,0.431641872325906,0.5335977673530579,0.2048172503709793,-0.8205628395080566
10250,10250,1,0.9970381,224.9213824345161,24.116533670215205,631.3835214688628,-0.1250998041314254,0.4252471020866011,0.45904824137687683,0.21030877530574799,-0.8631598353385925
10251,10251,1,0.9960227,226.8233354998798,22.899607980993135,645.5660044730053,-0.004217005240316224,0.3984840029069921,0.36746978759765625,0.20113377273082733,-0.9080259203910828
10252,10252,1,0.99557,221.95520502193145,22.258418755247874,640.507418374268,0.12037050224036155,0.3232390821283998,0.28473997116088867,0.17083971202373505,-0.9432587027549744
10253,10253,1,0.99486536,216.92185782932737,21.495754621329194,639.4538152822887,0.2514802544955373,0.24181941223458447,0.18770888447761536,0.1332675665616989,-0.9731419086456299
10254,10254,1,0.9958461,214.2381811803592,21.085586223015135,638.3937330496493,0.34256100332525463,0.20575862366892472,0.11558305472135544,0.11530245095491409,-0.9865829348564148
10255,10255,1,0.99554175,215.32710264865406,20.601166291078272,644.0837310214462,0.3879249199693596,0.23115487385117603,0.0736350268125534,0.12630830705165863,-0.989254355430603
10256,10256,1,0.99516463,215.56231712451972,20.73408206921646,649.1788336581079,0.4098291853263619,0.23975308828474112,0.05383624508976936,0.12865935266017914,-0.9902264475822449
10257,10257,1,0.99668026,216.8088621739258,20.073329206374094,654.1404346470575,0.40702469961655424,0.2732216011324831,0.05323219671845436,0.14466431736946106,-0.9880478978157043
10258,10258,1,0.9966311,210.7107650648505,20.334861846048064,637.7267804476404,0.41551499188790375,0.29839388264818084,0.05683939903974533,0.1600801646709442,-0.9854661822319031
10259,10259,1,0.9966703,211.84599133019637,20.631409728387663,641.1324991590363,0.4138610250678884,0.3619143741235819,0.05496659502387047,0.1895313262939453,-0.9803349375724792
10260,10260,1,0.99683076,209.41583940911391,21.186093065726478,636.0646872798726,0.41485784740024206,0.443086641006967,0.05701250210404396,0.22954179346561432,-0.9716275334358215
10261,10261,1,0.99664825,211.6984242033527,20.24871253084027,638.8122973178455,0.41414997804810344,0.4811547300660222,0.052851490676403046,0.24832068383693695,-0.9672350287437439
10262,10262,1,0.99605703,212.0273933081794,20.20703035619049,640.6644764950092,0.42599068655832795,0.4245198994265751,0.042976751923561096,0.22025015950202942,-0.9744961857795715
10263,10263,1,0.99579775,212.35981090629278,20.31693891424634,639.6119373482007,0.44293946657084304,0.3670890187127178,0.028828755021095276,0.19225862622261047,-0.9809207320213318
10264,10264,1,0.99528956,211.91176803907683,19.945712922156293,637.1759052884546,0.46908195627308447,0.3057324019901225,0.007977833971381187,0.16295187175273895,-0.9866017699241638
10265,10265,1,0.9946137,211.84533565950372,19.257575610534087,633.4005103330633,0.49291586667134635,0.2683384801795414,-0.012068896554410458,0.14595697820186615,-0.9892172813415527
10266,10266,1,0.9962012,213.8894955360524,19.847857932371443,635.973150799598,0.5011340495448834,0.207662176484269,-0.02134299837052822,0.114492267370224,-0.9931948184967041
10267,10267,1,0.996557,207.91018167112438,20.116575995103286,620.544308690222,0.48804930441912386,0.17340777967744028,0.0005724453367292881,0.10032423585653305,-0.9949546456336975
10268,10268,1,0.995523,217.00908035692555,18.93116742462467,644.6004668716054,0.4411231255363883,0.15364262636516468,0.02643403597176075,0.09023524820804596,-0.9955695867538452
10269,10269,1,0.994998,212.40973826459654,18.85370629117403,632.7564737705447,0.4109338800981715,0.15432351744328837,0.06089375168085098,0.09324465692043304,-0.9937793016433716
10270,10270,1,0.9933217,215.12178299136988,17.7229122381741,638.6738171347916,0.3679288680441825,0.1730956820161568,0.09269675612449646,0.10434120148420334,-0.9902122616767883
10271,10271,1,0.99397415,210.31932053630143,17.44078393139839,627.6593681068285,0.34951843717058984,0.22401374792880782,0.11764270812273026,0.13208399713039398,-0.9842327237129211
10272,10272,1,0.99470854,212.2045604912149,17.18006268360398,632.9013937098538,0.3125633340610898,0.22658072653377567,0.14535705745220184,0.13329903781414032,-0.9803584814071655
10273,10273,1,0.99438715,209.12668737879406,16.97371795710957,627.5332610611968,0.3027583230327671,0.2738604462340559,0.15940706431865692,0.15803401172161102,-0.9744817018508911
10274,10274,1,0.9942827,208.42076695476166,17.610318046743288,623.6690680327284,0.3161807193085087,0.2826526602994518,0.14981146156787872,0.1621636301279068,-0.975325345993042
10275,10275,1,0.99450547,211.56668050213895,16.7572927552968,634.39284243112,0.3138119157985588,0.3058003409356899,0.14380605518817902,0.17213886976242065,-0.9745193719863892
10276,10276,1,0.99514455,208.04334937750625,16.978737031166546,627.1644577649163,0.3436699214655782,0.2750192531643601,0.12579934298992157,0.1581345498561859,-0.979371190071106
10277,10277,1,0.99528164,207.62694892674415,17.638374809498046,623.4148788609544,0.3574301323495037,0.1776552136479437,0.11661482602357864,0.10946547985076904,-0.9871262907981873
10278,10278,1,0.9949826,208.8068659467914,17.20011081950903,629.6689947746968,0.3651077684162897,0.12765226496908103,0.10745490342378616,0.08442146331071854,-0.9906192421913147
10279,10279,1,0.9944131,206.3730558068738,17.680337785411304,621.9511857565984,0.3898585827264629,0.08475906457329802,0.09164158999919891,0.06286060810089111,-0.993806004524231
10280,10280,1,0.9946175,206.63786776547832,17.609963229908967,622.8938612245634,0.40024862412641576,0.01986404303333461,0.08273632079362869,0.03076106309890747,-0.9960965514183044
10281,10281,1,0.99446684,206.9837438360128,17.303964826524815,624.3111200056528,0.40686649438163996,0.04866394475012966,0.07583477348089218,0.045087698847055435,-0.9961004853248596
10282,10282,1,0.99444526,207.69380835503523,17.304309548232162,622.9555536163651,0.4119527870858269,0.055637226223663724,0.07027124613523483,0.04848037660121918,-0.9963491559028625
10283,10283,1,0.99415237,206.44171411326442,16.909078048639536,621.3069452890887,0.40865313607995946,0.09085971595116216,0.07497141510248184,0.06674662232398987,-0.9949493408203125
10284,10284,1,0.99419075,205.2157969648517,17.568971456205393,618.9095489766114,0.40915925032979183,0.18315182427343862,0.07551983743906021,0.11195070296525955,-0.9908398985862732
10285,10285,1,0.99399143,209.11475300198106,17.81882480898111,628.7085007172265,0.40156530153798653,0.17515193827254621,0.07464224100112915,0.10602786391973495,-0.9915577173233032
10286,10286,1,0.9939956,207.24169590934207,17.539634463794247,624.8516644841367,0.39430801191903275,0.17123593310830884,0.08468695729970932,0.10537496209144592,-0.9908199906349182
10287,10287,1,0.9937656,206.67084484839629,17.63677127732323,622.707508429982,0.3923541069154403,0.17150007284681013,0.0876636654138565,0.10575788468122482,-0.9905202388763428
10288,10288,1,0.9933761,208.1274466486876,17.863536277355426,625.1151735000063,0.39158369605855353,0.1279722696861275,0.08619626611471176,0.0834808498620987,-0.9927744269371033
10289,10289,1,0.99272126,207.27492871428316,17.695007042335163,623.7105796087932,0.4101434447335512,0.07209068735612804,0.07224521785974503,0.055901311337947845,-0.995819091796875
10290,10290,1,0.99412435,208.40776255162328,17.518360651672925,627.9801442277085,0.4287825813042532,-0.02880684953979485,0.05502341687679291,0.006392884999513626,-0.9984646439552307
10291,10291,1,0.99283844,208.39139425920177,17.266292671768245,628.9085078623694,0.45725571874114557,-0.10161849269299678,0.031448278576135635,-0.028651827946305275,-0.9990946054458618
10292,10292,1,0.9910637,206.62319711983434,16.838709954926028,624.0352001479692,0.5143718578159594,-0.1393043184867066,-0.014077495783567429,-0.04754999652504921,-0.9987697005271912
10293,10293,1,0.99061626,208.16830137157353,16.614150091952357,630.3056516965145,0.5207572416781684,-0.21518793369140524,-0.020227165892720222,-0.0817992091178894,-0.9964435696601868
10294,10294,1,0.99170715,209.11197489060933,16.41111265265479,632.1337363680072,0.5059916415344099,-0.285463582529893,-0.007867821492254734,-0.11243844777345657,-0.9936274886131287
10295,10295,1,0.9941148,208.7267101591709,15.934023493572989,632.7227011479522,0.5161331380610445,-0.26709425771572526,-0.016072051599621773,-0.10365550965070724,-0.9944833517074585
10296,10296,1,0.9951692,208.21390310079335,15.65950159586403,634.5994673729762,0.5236626965246091,-0.2071104234217712,-0.022770818322896957,-0.07615368068218231,-0.9968360662460327
10297,10297,1,0.9955,213.07321985686352,14.949102211705528,649.4811930589914,0.5271502773468592,-0.14164316489333678,-0.034081410616636276,-0.04407793655991554,-0.998446524143219
10298,10298,1,0.99559265,210.86739270643787,15.194294565448184,642.9321702337382,0.5463866855665356,-0.11656365831016047,-0.04756040871143341,-0.03392814099788666,-0.9982919692993164
10299,10299,1,0.99519956,217.05894215445934,13.998186382910854,661.8351916887942,0.43249889276706516,-0.1514205124226986,0.03739998862147331,-0.043753355741500854,-0.9983420968055725
10300,10300,1,0.9950512,215.57403567625147,14.548352300978578,658.0063541363438,0.34471573155298907,-0.17404449372318553,0.11134467273950577,-0.05245077982544899,-0.9923967123031616
10301,10301,1,0.9942287,211.61399507966493,14.63963427725229,647.594267092357,0.2878798039588309,-0.18515796774020474,0.1652088165283203,-0.0565844289958477,-0.9846341013908386
10302,10302,1,0.9937337,208.8578196933837,15.344171079138187,637.6576358938247,0.22060812362542936,-0.24118189147746838,0.2251121550798416,-0.08109496533870697,-0.9709521532058716
10303,10303,1,0.99350005,211.52967924028994,15.628607463023522,644.7741064073753,0.14076571002910532,-0.316132046037102,0.27802178263664246,-0.1095246747136116,-0.954310417175293
10304,10304,1,0.9931063,209.35894559393083,15.77242304157067,637.0005016499616,0.08160082836019188,-0.3462062484351655,0.32628628611564636,-0.12053632736206055,-0.9375544190406799
10305,10305,1,0.9912158,212.22942107542337,15.797084945498952,640.8795193394895,0.021944594455708802,-0.3520401456391251,0.3619953989982605,-0.11929856985807419,-0.9245145916938782
10306,10306,1,0.9889819,219.58366610748286,16.147361330936068,661.7071857431137,-0.029093031999629152,-0.2747908976288519,0.3791407346725464,-0.08341493457555771,-0.9215716123580933
10307,10307,1,0.9928906,219.33784068210232,17.426563679859836,664.5967531074316,-0.06059763270243777,-0.060282102970654575,0.40378352999687195,0.004535059444606304,-0.9148433208465576
10308,10308,1,0.9921366,219.73044666167837,17.702402195135775,668.0317061151295,-0.06702199494169904,0.21514993731355558,0.40826594829559326,0.12113547325134277,-0.9047901034355164
10309,10309,1,0.9967744,217.95210321639945,20.828813174171597,674.1215569537159,-0.004997783259764334,0.5642164169209188,0.3617416024208069,0.26628825068473816,-0.8934391736984253
10310,10310,1,0.99644095,214.1062594345614,23.124858139833123,669.9141299773772,0.0525625313074264,0.9315239101863451,0.3155842423439026,0.4180195927619934,-0.8518604636192322
10311,10311,1,0.99843293,207.38696481995066,31.475322234134726,673.419871231224,0.12186836983516468,1.316505618271524,0.25630050897598267,0.5498114824295044,-0.7949952483177185
10312,10312,1,0.9973103,203.4646517622161,41.12819680046492,686.4845738236918,0.18287634381772144,1.7110419237143568,0.196557879447937,0.6542226076126099,-0.7303134799003601
10313,10313,1,0.99802846,203.66149032255018,53.02417360105033,706.668765041276,0.20481953600287423,2.0741066366648213,0.16239279508590698,0.7214727401733398,-0.6731312870979309
10314,10314,1,0.99692506,200.65342008148752,55.679004439601364,707.062501679956,0.23451510621811833,2.2903734983021415,0.13794627785682678,0.7634999752044678,-0.6309030652046204
10315,10315,1,0.99708,199.28243728957133,56.32297924400128,711.7732688285618,0.21315990886818886,2.4390021978939393,0.14538879692554474,0.7850285172462463,-0.6021564602851868
10316,10316,1,0.99704856,195.54383548374585,56.91343282545561,705.3343266952394,0.14650323210280544,2.501768901119307,0.18584038317203522,0.7935611009597778,-0.5794171094894409
10317,10317,1,0.9933007,195.30993500499847,58.478379519157635,717.4000687407328,0.07769330777565998,2.282990201680984,0.23660646378993988,0.7433816194534302,-0.6256206035614014
10318,10318,1,0.9941695,192.26255549865837,57.04661608500469,721.9426114704823,0.052046648415882656,1.9695850842601832,0.27338260412216187,0.6729558110237122,-0.6873081922531128
10319,10319,1,0.99691904,185.8154469613285,44.36442933560814,701.1821195220506,0.06887776881289225,1.5447146336706503,0.2999575138092041,0.5831578969955444,-0.7549518942832947
10320,10320,1,0.9957015,186.73845756657127,34.80278593410079,700.1077687981093,0.09843161662501518,1.1735482491831564,0.29884037375450134,0.47612252831459045,-0.8270440697669983
10321,10321,1,0.99187344,190.18074848601236,29.998129583582312,712.184361438782,0.10800425263846065,0.9244260985860177,0.2939489483833313,0.3854176998138428,-0.8746697306632996
10322,10322,1,0.9946801,192.00117342660766,28.8393253853898,717.9955594361372,0.0898195162481551,0.793480695630647,0.306194931268692,0.3330739736557007,-0.8917995691299438
10323,10323,1,0.9931472,184.21652249566168,27.051522955466407,684.783043246803,0.103635181494292,0.5880791793352019,0.32579559087753296,0.26412448287010193,-0.9077970385551453
10324,10324,1,0.99189854,184.3281521414721,26.361276236646972,684.0541089278959,0.078514978348937,0.4643493308865608,0.34581390023231506,0.21192069351673126,-0.9140582084655762
10325,10325,1,0.9808028,187.75624176094516,25.814672644666548,682.3723822591824,0.03109628018699483,0.37080309123812355,0.3754904270172119,0.17239002883434296,-0.9106528162956238
10326,10326,1,0.9883931,187.31752495196966,25.295092041961368,670.6069042318272,0.0124905301407642,0.23712370115551765,0.394977867603302,0.11781185865402222,-0.9111052751541138
10327,10327,1,0.991884,190.51880853556085,24.834581420873786,669.646909645982,-0.01781836795742789,0.14636203098126765,0.41098010540008545,0.07982873171567917,-0.9081425070762634
10328,10328,1,0.9922444,203.34768022967364,24.560639829236578,705.492573565372,-0.10585036135905945,-0.024470210832858427,0.42913809418678284,0.00973290391266346,-0.9031864404678345
10329,10329,1,0.99000645,204.57951235459083,24.789277195179533,692.2387681160875,-0.1152129611070598,-0.14356258299780755,0.43741655349731445,-0.037001095712184906,-0.898497462272644
10330,10330,1,0.9962603,203.3748485450394,25.136885793218955,667.3031413254188,-0.06872383394636924,-0.11580341948080047,0.4248725175857544,-0.02896452695131302,-0.9047897458076477
10331,10331,1,0.9964696,206.25256700981413,26.24585286622079,651.0229882657352,-0.05558270991634742,-0.09391294080714573,0.42270150780677795,-0.022486476227641106,-0.9059900045394897
10332,10332,1,0.9984219,211.28840404072034,26.36574352579019,653.200480452662,-0.06645297715116141,-0.04727116083897234,0.4235806167125702,-0.0026897797361016273,-0.9058544039726257
10333,10333,1,0.9984811,212.869179823933,26.97355446368694,643.7656427689172,-0.05457674691084834,-0.06757117867514899,0.4188096821308136,-0.012640153057873249,-0.9079861044883728
10334,10334,1,0.9986646,218.21635037513047,26.75842597207459,652.5326809302488,-0.04088829856178148,0.014942684744547729,0.4001258313655853,0.022840991616249084,-0.9161755442619324
10335,10335,1,0.9982936,217.44283886984124,26.700110383534497,639.4517388223165,0.0341778370951463,0.1844773950633815,0.3575022518634796,0.09895160794258118,-0.9286553263664246
10336,10336,1,0.99705505,212.35647634902958,28.668101065093623,614.5997171261644,0.130948589483678,0.3412102784109448,0.3024793267250061,0.1755276322364807,-0.9368544220924377
10337,10337,1,0.99874604,213.4648120357897,37.26944748597854,621.3699275062156,0.19037574998888418,0.6742863926865447,0.24249684810638428,0.32119879126548767,-0.9154379963874817
10338,10338,1,0.9994289,210.49968306034398,52.1170258231979,631.7332323003105,0.26980696809276405,1.0874811642705295,0.16438885033130646,0.47875988483428955,-0.8624182939529419
10339,10339,1,0.9993911,207.12773221639188,64.70241177053258,638.5631355279812,0.36987558543663646,1.5119346616411362,0.07247947156429291,0.6166996955871582,-0.7838547229766846
10340,10340,1,0.9992822,219.27785783439927,74.1690662857415,677.1396777922383,0.4792691059103603,2.204915351284381,-0.03802970424294472,0.7581233978271484,-0.6510013341903687
10341,10341,1,0.99838173,220.90725131819786,80.41755915684922,699.7013572621967,0.7131069291181932,3.0091568653091314,-0.16928458213806152,0.8472981452941895,-0.5034169554710388
10342,10342,1,0.99826425,227.00575158306137,86.01448181657865,724.5574720051419,0.8433389374187215,3.3143292357383483,-0.2290997952222824,0.8532447814941406,-0.46849408745765686
10343,10343,1,0.9989073,230.2041396961754,89.40475927169574,735.2252234509865,0.8896952027508184,3.418366171646287,-0.2489461898803711,0.8526440858840942,-0.459373414516449
10344,10344,1,0.9990243,228.89474467145706,90.03709280074368,731.7346719054267,0.9207526826832599,3.44113884798454,-0.26143360137939453,0.8525174856185913,-0.4526216983795166
10345,10345,1,0.99900347,227.41255292096332,87.81378265989122,728.0937586771344,0.927805651368699,3.601071808806565,-0.25653520226478577,0.8677206039428711,-0.4257354736328125
10346,10346,1,0.99901605,228.43626029877979,87.34995798608475,729.4933730144791,0.9238463714665718,3.8973960079731813,-0.24362792074680328,0.8896024823188782,-0.386332631111145
10347,10347,1,0.99884427,230.0464581086277,90.31576238031063,736.7697699888823,0.9280157817196385,4.216437331565469,-0.23470677435398102,0.9058533906936646,-0.3526221513748169
10348,10348,1,0.9986039,225.289949976172,84.39332751429149,717.9783528226031,0.9217796103046741,4.328987294485109,-0.22506868839263916,0.9182142615318298,-0.325924277305603
10349,10349,1,0.99784124,228.53188188448146,88.37303956041274,731.7925354200937,0.9165831053353926,4.548840270132635,-0.2180481255054474,0.9246569275856018,-0.3121931552886963
10350,10350,1,0.9980544,226.08629513977425,86.54382539905494,727.1584222246402,0.9236637297007798,4.6788500963894055,-0.21483471989631653,0.9308681488037109,-0.2955174446105957
10351,10351,1,0.9981717,232.0307933513127,90.01552765623153,748.1553067378186,0.9613360794700753,5.038335152245211,-0.22048811614513397,0.9358935356140137,-0.2747512459754944
10352,10352,1,0.9982141,231.85510663384434,90.31759937411412,743.7363791093695,0.9682338473354373,5.209601076011721,-0.21778370440006256,0.9415389895439148,-0.25704988837242126
10353,10353,1,0.998618,232.26299831606875,89.81040744600061,745.9098739667837,0.9088758383859415,5.511812637432599,-0.19072777032852173,0.9533954858779907,-0.2337946593761444
10354,10354,1,0.99834085,228.34928922853956,86.7176531422531,730.3573161369064,0.7141366817337323,4.8102057401840765,-0.13664992153644562,0.9486150741577148,-0.2854054272174835
10355,10355,1,0.9988098,222.59027802095343,83.00060467422885,708.7657163562939,0.37062150539626576,3.7950410919692477,0.0048040528781712055,0.9225995540618896,-0.38572922348976135
10356,10356,1,0.9991155,209.52236492372413,65.50799498561686,642.8100082027557,0.18366733384295938,2.408165388467355,0.1615307331085205,0.813414454460144,-0.5588065981864929
10357,10357,1,0.9989712,218.6484494926299,46.907397228511535,637.7911518974269,0.07941118865883849,1.4665824506958605,0.2759677767753601,0.604921817779541,-0.746934711933136
10358,10358,1,0.99920624,211.88226854965004,38.577410700894454,606.9008041121459,0.05902049973174681,0.8837690948232275,0.3466736376285553,0.41296589374542236,-0.8421856164932251
10359,10359,1,0.99844116,216.91179934810597,29.88340518244458,600.5921987425564,0.013104017640429877,0.521957433930315,0.39083144068717957,0.26181408762931824,-0.8824421763420105
10360,10360,1,0.99323034,219.53251111739573,26.125529846620722,595.660627005245,-0.04038982228648753,0.3131182201842994,0.43254393339157104,0.1676732748746872,-0.8858845829963684
10361,10361,1,0.9971404,230.7701316849203,24.0457487961222,615.4839488676798,-0.10241268284406337,0.16493624082462677,0.448521226644516,0.09769082069396973,-0.8884172439575195
10362,10362,1,0.9954822,236.95610814170743,22.997690047971783,626.4593821708914,-0.12486436000574877,0.027271834343949433,0.4473702013492584,0.03659124672412872,-0.8936000466346741
10363,10363,1,0.9932289,240.65759747855418,23.2738083630165,629.6088259208647,-0.13554281750613553,-0.02791098576627854,0.44684740900993347,0.012036551721394062,-0.8945292234420776
10364,10364,1,0.99511445,236.72355321785585,23.643083127310163,616.654172975653,-0.10652466712394272,-0.05951982291205683,0.439719021320343,-0.0030999467708170414,-0.8981299996376038
10365,10365,1,0.99709904,243.03894452150743,23.38829629300488,633.9207324140298,-0.12814669754962557,-0.06102198443130209,0.43593791127204895,-0.002744317054748535,-0.8999725580215454
10366,10366,1,0.9965963,242.17543841369312,23.774317558286793,625.8902555092219,-0.11226866646131219,-0.03662693557580736,0.4318743050098419,0.006986044812947512,-0.9019067883491516
10367,10367,1,0.9949551,242.70861637214682,23.760804853430262,621.7561423746058,-0.10878561324393037,-0.022844762723689738,0.43164536356925964,0.013111342675983906,-0.901948094367981
10368,10368,1,0.9944918,239.68190912647228,24.051971545910053,614.6254575895185,-0.09658715508729387,-0.008917889906829837,0.43178460001945496,0.018795695155858994,-0.901780903339386
10369,10369,1,0.9947915,240.9457197580795,24.241654713742488,615.3886485054951,-0.09661156827312439,-0.011291738050113484,0.4297122061252594,0.0174255333840847,-0.9027977585792542
10370,10370,1,0.9948314,240.73070322216782,24.498800914873215,615.9523384110908,-0.09905569107482405,-0.01751176552754489,0.4311661124229431,0.014256715774536133,-0.9021599888801575
10371,10371,1,0.99523735,241.46484368744441,23.791958964212643,617.7824153858822,-0.1085089157327817,-0.07253693990456021,0.43419352173805237,-0.00906973797827959,-0.9007739424705505
10372,10372,1,0.9946748,243.87008824819245,23.650316825768233,624.86766291693,-0.10949081635200957,-0.12823272352500478,0.42620474100112915,-0.033152952790260315,-0.9040189981460571
10373,10373,1,0.9963882,239.60011862470068,23.797022556285423,614.8778736204706,-0.08249333464826526,-0.15975393757869807,0.41827577352523804,-0.04866567626595497,-0.9070154428482056
10374,10374,1,0.9961355,240.77842808100752,24.204372577581747,619.6620558236663,-0.07156834959967842,-0.1946671203248415,0.40551841259002686,-0.06469865888357162,-0.9117943048477173
10375,10375,1,0.99594045,246.24662764760137,23.980147855745543,637.2464349062335,-0.08286654331538437,-0.2186279179674591,0.3959008753299713,-0.07269299030303955,-0.9154115319252014
10376,10376,1,0.9962896,244.24756859794357,23.813667262983017,632.2027639980596,-0.06809526154467511,-0.2127367304035259,0.39135438203811646,-0.071029894053936,-0.9174947142601013
10377,10377,1,0.9964503,245.7422713426562,23.698538345701646,634.302064440003,-0.0657523900831739,-0.22542334254539745,0.3863658905029297,-0.07622181624174118,-0.9191907048225403
10378,10378,1,0.9959067,240.51762747605122,25.208892524086803,622.250280597924,-0.04140000309959272,-0.21146510492043477,0.3830931484699249,-0.07464504987001419,-0.9206887483596802
10379,10379,1,0.9960841,243.4668721505833,24.42060663870343,628.2551692583347,-0.0523858227158161,-0.21293111455747063,0.38368624448776245,-0.07309409976005554,-0.920566201210022
10380,10380,1,0.9960068,238.63521748110747,24.622562746166746,615.3143541851933,-0.03632601758561845,-0.2009850786567479,0.3861008584499359,-0.07003337889909744,-0.9197942614555359
10381,10381,1,0.99587184,243.64282846951224,24.17358613714245,628.8737082187497,-0.06153457111830747,-0.19307717826943577,0.390038400888443,-0.06370475143194199,-0.9185922741889954
10382,10382,1,0.9959247,240.66679372632447,24.205958383006585,621.981476816202,-0.045407551258487416,-0.18887638184794664,0.38657987117767334,-0.06313291937112808,-0.9200925230979919
10383,10383,1,0.99606305,245.80992303333633,24.444616474759115,633.7479031713066,-0.05322660877606832,-0.20072480673689613,0.37874555587768555,-0.06740637868642807,-0.923042893409729
10384,10384,1,0.9958983,240.43425948469334,24.119363260009976,621.3828932612673,-0.020714325680655434,-0.20573909573345744,0.3693547248840332,-0.07153907418251038,-0.9265307784080505
10385,10385,1,0.99571663,244.25379230363842,24.35283582690683,629.7765319111512,-0.034688097740056045,-0.21501783463826413,0.3695363402366638,-0.07458192110061646,-0.9262183904647827
10386,10386,1,0.99568105,243.69781212263106,24.312906713471374,627.7719351243719,-0.030359533851251615,-0.21439107263747323,0.36828431487083435,-0.07463554292917252,-0.9267125725746155
10387,10387,1,0.9955149,243.49295455874048,23.865751246663592,626.841958172182,-0.029211069821986065,-0.22406766130494551,0.3679499924182892,-0.07829546928405762,-0.9265433549880981
10388,10388,1,0.99576217,239.4636449417578,24.052978524494335,619.1614076516756,-0.03386080118344859,-0.2229474662368581,0.3805316388607025,-0.07853633910417557,-0.9214270114898682
10389,10389,1,0.99594516,235.07039082479108,24.454149119116796,605.9461185979192,-0.03210873941921832,-0.22366506125453778,0.3922075927257538,-0.08082882314920425,-0.9163187146186829
10390,10390,1,0.9963804,241.10903996180983,24.378325553047414,623.3788376900156,-0.0761309625328311,-0.21761813714985342,0.40534478425979614,-0.07432449609041214,-0.9111374616622925
10391,10391,1,0.9969342,242.50384977279248,24.097070150028145,624.3494093632738,-0.09353762709514366,-0.1910355739294772,0.41563522815704346,-0.06164535880088806,-0.9074399471282959
10392,10392,1,0.9971903,243.8445061837456,24.714194158094557,629.7722281061591,-0.12556292689932194,-0.20683360750688148,0.4313351511955261,-0.0674252063035965,-0.8996687531471252
10393,10393,1,0.9971764,244.64138645679904,24.789047340859117,631.7411888918623,-0.15331789228141848,-0.21127319930356805,0.4467323124408722,-0.06797098368406296,-0.8920819163322449
10394,10394,1,0.99683493,244.41930189127606,24.37376331371044,630.2925064134612,-0.15335193897781615,-0.2165982158164807,0.4476735293865204,-0.06970907747745514,-0.8914757370948792
10395,10395,1,0.9967186,248.0961459273352,25.166471535924344,641.5005959370776,-0.155420805933314,-0.25576811297295543,0.43680810928344727,-0.08594998717308044,-0.8954391479492188
10396,10396,1,0.9967866,236.43320318008332,25.5873776327486,611.2617818799932,-0.13043490007999178,-0.24589693971988594,0.45253613591194153,-0.08650040626525879,-0.8875408172607422
10397,10397,1,0.996766,249.13708912331552,25.06757591209448,647.8957479733613,-0.22562984200797476,-0.26450939420978814,0.47389912605285645,-0.08511244505643845,-0.8764562010765076
10398,10398,1,0.99724007,240.37049791948678,25.262648988262537,624.9884062813197,-0.22171505749307172,-0.2412311734488255,0.4955776333808899,-0.0780467689037323,-0.8650500178337097
10399,10399,1,0.9972892,239.57102671908774,25.07414745341353,624.5737315348769,-0.2330580629466405,-0.17313750600041794,0.5059992671012878,-0.04933471977710724,-0.8611218333244324
10400,10400,1,0.9971105,243.5727455711614,24.90748543358163,634.9331044420811,-0.2607846819148119,-0.10063795976807492,0.5136258602142334,-0.017898084595799446,-0.8578276634216309
10401,10401,1,0.99698323,237.1937005776251,24.732495105274648,617.0208353130386,-0.24029931906630453,-0.038668090420143325,0.5219101905822754,0.0076603093184530735,-0.8529660105705261
10402,10402,1,0.99676895,243.0029009617855,25.354990842529347,632.7216727980515,-0.26889785364269747,0.03750757466297739,0.5237579941749573,0.03910038247704506,-0.8509693145751953
10403,10403,1,0.99676895,244.50072453036137,25.532771433188056,637.782163335837,-0.2598315098302845,0.03963945425950381,0.5139615535736084,0.039454489946365356,-0.856905460357666
10404,10404,1,0.9965887,243.96524790984316,25.305976362780125,636.2005013912052,-0.2270572534379198,0.005801978164683377,0.495959609746933,0.025155361741781235,-0.8679811358451843
10405,10405,1,0.9970914,243.071583412208,25.07270965473405,634.9726412105783,-0.2076870453650038,-0.034706208982155574,0.4853050708770752,0.007991179823875427,-0.8743083477020264
10406,10406,1,0.9973552,245.36464535102118,24.83344708041808,639.378104994929,-0.20496341069252408,-0.0737419049119253,0.47744250297546387,-0.008186529390513897,-0.8786248564720154
10407,10407,1,0.99723864,248.7644252533697,25.710017127955172,648.6488329437672,-0.22071095021665638,-0.12728583648350417,0.4759314954280853,-0.030938126146793365,-0.8789380788803101
10408,10408,1,0.9976259,246.44458941010635,25.823967933525058,641.1996428719389,-0.2118436653431248,-0.1225357952324749,0.47779956459999084,-0.02968404069542885,-0.8779672384262085
10409,10409,1,0.99739933,240.57463899842787,25.765771402773755,626.5664552008028,-0.19046733695049775,-0.07634475390619003,0.48179206252098083,-0.011170785874128342,-0.8762143850326538
10410,10410,1,0.99724823,241.342674559649,25.564496738148524,627.3390978572774,-0.21031326048362614,-0.0019068719349274084,0.4943012297153473,0.021436437964439392,-0.8690263628959656
10411,10411,1,0.99698454,243.48907940076273,25.87147280146704,632.3580432996292,-0.24877033302661059,0.06607118937247049,0.5126534104347229,0.050303392112255096,-0.8571208119392395
10412,10412,1,0.99704367,243.84355693129427,26.111802782382444,634.0215267875619,-0.25741666333769697,0.11961274889795666,0.5169774889945984,0.07261738926172256,-0.8529132604598999
10413,10413,1,0.99670535,241.4077727817538,26.03383686469454,628.3210824770271,-0.25512793084085905,0.2408758406336378,0.5227240920066833,0.12514063715934753,-0.8432671427726746
10414,10414,1,0.9960626,243.38665228673085,26.19951080177601,634.2249304122766,-0.2572661456551297,0.46581913475292214,0.5159218907356262,0.21996308863162994,-0.8279135823249817
10415,10415,1,0.9960424,240.17227302050364,26.785696762333327,628.6750329698071,-0.16944815829119433,0.6442766353380224,0.46503564715385437,0.30229535698890686,-0.8320813179016113
10416,10416,1,0.997186,229.624550930071,30.003213762603067,606.2434368781996,-0.07374893062636809,0.8619703385649973,0.41781800985336304,0.40662091970443726,-0.8124577403068542
10417,10417,1,0.9990233,225.01801980237371,38.683047152441866,619.0117725988495,0.0017430421733518118,1.2019111315899285,0.34528565406799316,0.5290454626083374,-0.775170087814331
10418,10418,1,0.99887496,229.94217294816784,44.6628055436361,642.3515013374667,0.09097707374396531,1.6964133272358364,0.23597858846187592,0.6740007400512695,-0.7000265717506409
10419,10419,1,0.99903655,213.02994946667482,59.36656359088411,625.99924073457,0.24619274115266382,2.2747714387544797,0.12471583485603333,0.8080947995185852,-0.5756986141204834
10420,10420,1,0.9991479,213.5131330595233,70.91721645558314,654.0156645010392,0.43905456372083695,2.9472088791733273,-0.012563243508338928,0.8797598481178284,-0.47525233030319214
10421,10421,1,0.9991602,229.6350975731564,84.21749540066504,726.8796465185291,0.7944347294392465,4.052346311533895,-0.18542852997779846,0.9119211435317993,-0.36608216166496277
10422,10422,1,0.99875414,231.92728668638458,90.94379274854286,744.7050142267914,1.1980615766945115,4.97352286752884,-0.30100569128990173,0.9128277897834778,-0.2759365737438202
10423,10423,1,0.9983348,231.05591350529107,94.48214952335057,741.8206357210139,1.3722038023377927,4.861924827534536,-0.3612901568412781,0.888947069644928,-0.2815006375312805
10424,10424,1,0.9973047,230.59422068876424,96.20909642618933,742.9314864609374,1.3847323592669436,4.569594848778638,-0.3807843327522278,0.8714328408241272,-0.3092056214809418
10425,10425,1,0.99811053,225.90292845090804,96.78937263078471,731.437087702691,1.402834891598445,4.287718486854015,-0.401153564453125,0.8545415997505188,-0.3299008011817932
10426,10426,1,0.9987727,231.14182426707217,100.92693005758002,741.9045920863286,1.4063602818433418,4.381606988388343,-0.39993739128112793,0.856118381023407,-0.3272789418697357
10427,10427,1,0.9983354,230.12795216192322,101.93038038506847,735.2620490238611,1.4218377730137979,4.724978213588529,-0.3854207694530487,0.8760125637054443,-0.28991860151290894
10428,10428,1,0.9978976,226.3315331045964,101.57921301180613,724.3962804553925,1.3577362377301905,4.808851053016315,-0.35948678851127625,0.8909944295883179,-0.2773051857948303
10429,10429,1,0.99865794,222.94986602385737,103.04136445613955,718.8679949148474,1.3004517228212444,4.860816694071197,-0.3373849391937256,0.9015739560127258,-0.27080583572387695
10430,10430,1,0.99877554,223.36144951096185,103.15276495166007,718.0830497352185,1.275169410534428,4.880952039116034,-0.32862919569015503,0.9053511023521423,-0.2689652442932129
10431,10431,1,0.9986987,223.6290938307691,101.52771049201804,718.2364368111047,1.3067779174595198,5.136359603344238,-0.32637807726860046,0.9125434756278992,-0.24645841121673584
10432,10432,1,0.99866366,221.2845282410652,98.4269603778195,709.779370540455,1.4005196126689587,5.63887648850822,-0.329800546169281,0.9221094250679016,-0.20235083997249603
10433,10433,1,0.9984285,221.0558824429354,99.26005024213481,710.3721780983087,1.5470237228085288,6.48939558783645,-0.33268219232559204,0.9310175776481628,-0.15009601414203644
10434,10434,1,0.9984425,219.30999626985326,98.18570428252595,705.9361927687733,1.4097696238876654,6.1234940468654155,-0.31135615706443787,0.935138463973999,-0.16903680562973022
10435,10435,1,0.9981817,223.59084511596507,99.27466601283304,715.4068646264117,1.2508489372776206,5.50800758397929,-0.2932629883289337,0.9312728047370911,-0.21616613864898682
10436,10436,1,0.99832743,222.760856165962,100.23326560911535,717.4484166396147,1.2614023407558452,5.161415698993334,-0.310539573431015,0.918608546257019,-0.24438412487506866
10437,10437,1,0.9984143,219.9449736313417,99.92742419364193,712.9122891862163,1.299716689805986,5.125331335226583,-0.32255175709724426,0.9145117402076721,-0.2441897988319397
10438,10438,1,0.9988613,222.88253021270407,101.88622140613553,721.054939262736,1.3321509184312381,4.988158287551897,-0.340721070766449,0.903415858745575,-0.2602863907814026
10439,10439,1,0.9982424,224.3292623094405,99.20888898011606,721.4769030479665,1.348837100417493,4.74242674216726,-0.358649879693985,0.8900396823883057,-0.28142425417900085
10440,10440,1,0.9978467,229.86422166633602,103.22922479714305,731.0886196011214,1.4280242489756925,4.7380047317801885,-0.38705891370773315,0.8765034079551697,-0.2862292528152466
10441,10441,1,0.996302,229.746845610984,101.12732969036735,721.8111338440605,1.572612884555073,4.985736161685092,-0.41571059823036194,0.8728467226028442,-0.2555842697620392
10442,10442,1,0.99576217,225.00431741545802,100.15876038880316,710.3630237278172,1.6116341715591054,5.318013034218473,-0.4059927463531494,0.8862964510917664,-0.2228194624185562
10443,10443,1,0.99598604,229.75958574750564,101.38632906579234,722.3833971507565,1.6067464940407103,5.5954914152264195,-0.392140656709671,0.8956021666526794,-0.21005365252494812
10444,10444,1,0.99637693,226.9059107750841,101.87431505860026,713.1802249769911,1.561468131287902,5.68499321820538,-0.3748805522918701,0.9053161144256592,-0.1996680647134781
10445,10445,1,0.99589705,224.52927577038147,103.24789812333772,714.0038565859286,1.5014666082538757,6.060364409662409,-0.34107816219329834,0.923231303691864,-0.17694541811943054
10446,10446,1,0.9955031,223.67968455640218,106.81524468466172,711.7465119340986,1.5784559356639634,6.984105006713042,-0.32361897826194763,0.9377391338348389,-0.12615908682346344
10447,10447,1,0.9971597,221.8808973265133,105.3221016117895,709.7409063878839,1.7129083302499084,7.931919546803183,-0.31932997703552246,0.9437826871871948,-0.08545513451099396
10448,10448,1,0.99753845,222.33104539723084,103.93159225883961,710.7993453905432,1.7394234236891182,7.733905862185332,-0.3313045799732208,0.9388855695724487,-0.0934409573674202
10449,10449,1,0.99865854,216.84744557444023,104.31566606713035,699.9822405660651,1.81660661929813,7.385996746732782,-0.3579888641834259,0.9280452728271484,-0.10283958166837692
10450,10450,1,0.99873203,218.24414977968453,104.4507452023491,703.7605926590221,1.9454518323456509,7.326538462858126,-0.38748836517333984,0.9156556129455566,-0.10689961910247803
10451,10451,1,0.99857974,212.76302194507824,104.49367392033291,693.8227873418333,2.0585287547469546,7.447392821933977,-0.4032762050628662,0.9098532795906067,-0.09764917194843292
10452,10452,1,0.9985501,217.4990790771985,105.6838337443216,700.962284362757,2.013356803319929,7.102000280989466,-0.4108358323574066,0.9044108390808105,-0.1151299923658371
10453,10453,1,0.9983248,223.6692416753241,108.40053922927181,711.7372552414478,2.1683928999313724,6.975699107735692,-0.45011699199676514,0.8841844797134399,-0.12495018541812897
10454,10454,1,0.99810374,224.5426999439586,109.29093659729806,715.604410493692,2.268647070712445,6.586019195393686,-0.4893653988838196,0.8601198196411133,-0.14392860233783722
10455,10455,1,0.99643564,229.04557043699103,110.37428884516704,718.4084621520389,2.121006651020335,5.937618666837595,-0.49658718705177307,0.8490428924560547,-0.18035343289375305
10456,10456,1,0.9958503,226.12857566812536,113.17505000862741,710.5329387057463,2.0601071900356565,5.468940792130698,-0.5109348297119141,0.8346405625343323,-0.20572011172771454
10457,10457,1,0.9929703,231.78060581733644,114.56686254575823,715.1153875944833,1.9728889196333799,5.46491074278139,-0.4939095675945282,0.8437800407409668,-0.20997284352779388
10458,10458,1,0.99400604,237.0297897987747,116.57681835001569,723.3211772902254,1.934046594037307,5.859576134793523,-0.46444451808929443,0.8649302124977112,-0.1902288794517517
10459,10459,1,0.99324095,236.80117126793652,119.96834570913269,725.9837564157801,1.8610484440519866,5.7705916203606105,-0.45302245020866394,0.8691243529319763,-0.19847804307937622
10460,10460,1,0.9919037,241.09155472286727,122.78384450674882,735.4311454816993,1.6852593879096422,5.797487822484984,-0.4110581576824188,0.8884008526802063,-0.2043895721435547
10461,10461,1,0.99244565,237.56969174240945,123.04181721325808,731.4739187190295,1.5697389690834966,5.868873000483411,-0.37670713663101196,0.9046611785888672,-0.19919803738594055
10462,10462,1,0.9922605,238.0219075271311,121.46592409440306,726.280278761194,1.4577999688933945,6.022704678322506,-0.3406350910663605,0.9213352799415588,-0.1873740404844284
10463,10463,1,0.9885322,250.79888922570152,122.59542305129706,737.1188901225036,1.3049590569777492,6.274845232415319,-0.29642853140830994,0.9383057355880737,-0.17808011174201965
10464,10464,1,0.99058187,255.9153595884401,125.51824299252944,754.5742455497665,1.2315048703570384,6.553214536957056,-0.27014681696891785,0.9475221633911133,-0.1709456890821457
10465,10465,1,0.99306047,254.94521277537706,122.65760873194013,739.3276067862888,1.1372860824957927,6.318329761366289,-0.2520235776901245,0.9514003396034241,-0.1769787222146988
10466,10466,1,0.99468493,250.18269582510152,124.03069163416701,744.5152512665542,1.1442890814769338,6.102550117425075,-0.25834524631500244,0.9464430212974548,-0.19365788996219635
10467,10467,1,0.9959006,249.92104329019662,122.30279077847938,745.2084691550966,1.247388040523249,6.237232668634021,-0.28171679377555847,0.9415161609649658,-0.18488644063472748
10468,10468,1,0.99550843,249.47280658510286,121.05433056154415,742.7094523111824,1.5758458053772058,6.723522511238863,-0.34563159942626953,0.9255871176719666,-0.15436092019081116
10469,10469,1,0.99637765,246.35600067960925,117.04174763668316,741.3242032891408,1.72207551536268,6.8843176350523665,-0.3705362379550934,0.9174729585647583,-0.1447284072637558
10470,10470,1,0.99775034,237.50103955706007,108.0711418480044,718.7381762061485,1.7334072889467445,6.0884148460094245,-0.4043289124965668,0.8975427150726318,-0.1758842021226883
10471,10471,1,0.99742496,239.9694184711825,102.36346363571579,718.5873994250009,1.8320112229035106,5.617834220340799,-0.4525637626647949,0.868367075920105,-0.2027921825647354
10472,10472,1,0.9976254,242.75484931949643,102.75155210961077,723.7312807252792,1.7695274284187688,5.188660446814722,-0.4631246328353882,0.8542866110801697,-0.23602959513664246
10473,10473,1,0.99878114,245.11259327518647,103.76330147809796,728.6797893716143,1.7888812152396665,4.801272675423351,-0.49315890669822693,0.8276703357696533,-0.2678733766078949
10474,10474,1,0.9980387,249.78013994056664,100.94101583867557,730.040726487044,1.7007320027411938,4.34196882601238,-0.5017730593681335,0.8074259757995605,-0.31030166149139404
10475,10475,1,0.99884284,252.15087239131677,99.32403178088276,734.0763922604743,1.5817037589033576,3.9547192276806027,-0.49488958716392517,0.7927514910697937,-0.3558502197265625
10476,10476,1,0.99831367,251.70710259709188,97.48735313049396,748.2499511917586,1.428547929177446,3.544329767542284,-0.47213006019592285,0.7746585011482239,-0.42071065306663513
10477,10477,1,0.9972242,241.84653998588317,93.86127975432986,745.0161182672224,1.3111748977881168,3.2920027206184628,-0.4406389594078064,0.7706737518310547,-0.46032533049583435
10478,10478,1,0.99783945,236.82903379246173,87.95137556744127,734.2702151988209,1.2762865421581437,3.1068489717545513,-0.43635451793670654,0.7606037855148315,-0.48070430755615234
10479,10479,1,0.99853146,210.30170948079524,78.50460684701703,681.5095263413173,1.2955817633551656,2.5353752063597317,-0.47323012351989746,0.7026103734970093,-0.5314056277275085
10480,10480,1,0.9986671,189.93480341125644,63.69208318568087,650.4783084332329,1.2519073054840562,1.9278311253299645,-0.48486557602882385,0.6158955693244934,-0.620949387550354
10481,10481,1,0.9944448,176.71611102390818,44.820326690358904,644.8733877928724,1.1878453963262923,1.3250497934531693,-0.471212238073349,0.4813030958175659,-0.7391254305839539
10482,10482,1,0.9900581,179.96693309380336,42.194038833600814,665.1746657964785,1.1469036695378971,0.9945170921653389,-0.4524303674697876,0.3652547299861908,-0.8135697841644287
10483,10483,1,0.9956864,172.74026018313938,41.4219947646869,652.178999788502,1.1118428914073486,0.6979046986300529,-0.43325695395469666,0.2607119381427765,-0.8627384305000305
10484,10484,1,0.99558216,175.87867414373568,41.93447408649919,665.2686881443232,1.0483687204812047,0.5899607936659251,-0.3897399604320526,0.21724237501621246,-0.894934892654419
10485,10485,1,0.9966808,170.35535733427193,43.303910477733915,647.4272779809735,0.9649181575416944,0.7015911447950408,-0.33586204051971436,0.2780781388282776,-0.8999273777008057
10486,10486,1,0.996482,173.9139542652484,43.126460260267756,653.1231205048825,0.7503960199913818,0.9411980046934361,-0.17671386897563934,0.39968252182006836,-0.8994587659835815
10487,10487,1,0.9962314,192.60822947521447,51.860531018085716,682.652477236013,0.4497358452610656,1.350604334595559,0.03230920806527138,0.5436219573020935,-0.8387081027030945
10488,10488,1,0.9936178,230.08213506548216,62.030477828432744,742.8607078233276,0.02290458768169684,2.1428546130333377,0.2347654551267624,0.701852023601532,-0.6725242733955383
10489,10489,1,0.99560887,259.9550046808522,68.22924074318827,745.5162465357199,-0.6341181704721832,3.125819992329414,0.4431767463684082,0.7809453010559082,-0.44013506174087524
10490,10490,1,0.9825117,270.15245222667045,66.03359388310824,729.1446464685155,-1.6790996914034273,5.333116680868807,0.540632963180542,0.8234042525291443,-0.1723991334438324
10491,10491,1,0.9541718,293.89209462728473,71.30199691625471,749.2328532258416,-3.1083673176521533,8.019996310071196,0.5885571837425232,0.8068802356719971,-0.0504457987844944
10492,10492,1,0.9757849,372.99797018651043,85.33004399770921,905.5465855497259,-8.727836061159394,17.067291391093327,0.6621116399765015,0.747328519821167,0.0557524748146534
10493,10493,1,0.98963356,435.7628788458001,102.18329808673467,1024.0189180173156,-19.51398670940931,38.574786973554374,0.6461566090583801,0.753692626953125,0.12012145668268204
10494,10494,1,0.99021953,450.511670221217,104.75106079717484,1039.7010107601134,-28.33319233489026,54.23427438202277,0.6555671095848083,0.7426915764808655,0.13653220236301422
10495,10495,1,0.9839287,450.3228857663212,104.57535241382432,1026.5200562141556,-25.67315198414119,47.08198396755599,0.6724198460578918,0.728891909122467,0.12871719896793365
10496,10496,1,0.97635174,434.89663178947694,106.17262337325678,1000.6366237310662,-13.488056892622659,25.68684094723064,0.6641477942466736,0.7422200441360474,0.08953837305307388
10497,10497,1,0.9243004,354.3244701271489,92.59328885723217,814.5958891810175,-10.20807001244184,19.03889790503008,0.678902804851532,0.7298423647880554,0.08013209700584412
10498,10498,1,0.9806384,411.62496653227026,99.09592990742487,937.115528371219,-10.307118730247792,19.09299459329038,0.6785622835159302,0.7316489815711975,0.06513816863298416
10499,10499,1,0.9825278,485.3541376676581,107.27218506849654,1078.4111939831685,-12.098762307534942,23.830137738859506,0.6497241854667664,0.7564725875854492,0.07488518208265305
10500,10500,1,0.9869653,413.35843726469164,103.87428428645705,938.6327039557447,-14.079798899425443,28.3624002153055,0.6425886154174805,0.7589951753616333,0.10491082072257996
10501,10501,1,0.98259467,382.1017463878693,96.56711705496996,872.7875237248894,-14.48748284677021,29.170640245823,0.643322765827179,0.7572792172431946,0.11253495514392853
10502,10502,1,0.9891065,416.09779992527723,102.75888255502669,954.3367807078015,-8.631780860270688,17.183598226154064,0.6532835364341736,0.755471408367157,0.049836549907922745
10503,10503,1,0.98364705,368.39341118773245,95.53667443061033,860.9861020899904,-3.5511523184255327,7.193459591905309,0.6648480296134949,0.7392850518226624,-0.10693352669477463
10504,10504,1,0.97779363,329.0086715660772,86.39535677695604,791.3352145835273,-1.8037945420273722,4.363917714504328,0.6152843236923218,0.7424706220626831,-0.26488226652145386
10505,10505,1,0.9964908,338.5495893222516,93.8387897003954,891.8561397472002,-1.0937574465201294,3.5727046993409317,0.49226245284080505,0.7435294985771179,-0.4525943994522095
10506,10506,1,0.994605,302.23963420464474,99.12618796010558,876.6490251720928,-0.3854016774857806,2.7601106763915904,0.31937575340270996,0.7108442187309265,-0.6266574859619141
10507,10507,1,0.9951708,276.6835219824746,98.2940328606427,873.3664979259637,0.004025064344803599,2.6024751647776765,0.16142287850379944,0.7094955444335938,-0.6859728693962097
10508,10508,1,0.9927227,259.4995948459957,96.10903355843918,850.3393778044261,0.26363539709383965,2.515933348234553,0.04244118183851242,0.7108822464942932,-0.7020293474197388
10509,10509,1,0.9955676,243.5109235102644,97.78386695447556,839.8652442858789,0.43819165683399763,2.502870777305388,-0.03854190558195114,0.7099724411964417,-0.7031739950180054
10510,10510,1,0.9946543,227.5719423405716,91.35052336207322,820.0287385369778,0.5589641693008032,2.5076854624128533,-0.090382419526577,0.7201929092407227,-0.6878613233566284
10511,10511,1,0.9915194,218.2666792656005,90.83448939988891,820.4561887315873,0.6111064290400875,2.616712527135196,-0.10893760621547699,0.7373514771461487,-0.6666673421859741
10512,10512,1,0.9939786,210.2283480004395,89.80756881790661,813.8931430193999,0.6208344032954195,2.761651650496566,-0.10523252934217453,0.765015184879303,-0.6353565454483032
10513,10513,1,0.99689674,206.91018510470096,89.1256170943759,826.09426605845,0.5944940856075671,3.026597835177562,-0.08568073064088821,0.799086332321167,-0.5950797200202942
10514,10514,1,0.99658054,201.90984856309873,88.06821923430296,821.135906477161,0.554652201500967,3.1688251349811787,-0.06053423136472702,0.8214397430419922,-0.5670735836029053
10515,10515,1,0.9933316,193.5932054770507,83.78300068117669,812.4879374335097,0.48206331409018915,3.274837541900813,-0.01712210103869438,0.8406802415847778,-0.5412611365318298
10516,10516,1,0.9970884,188.64559931602398,84.37349353433602,818.7041029067735,0.3946232612811149,3.3704431252030433,0.028852451592683792,0.8486908078193665,-0.5281017422676086
10517,10517,1,0.9974606,180.72018034423877,79.65441414677422,822.5888691161368,0.3200089109532757,3.3787918727451483,0.07122761756181717,0.8482016921043396,-0.5248624086380005
10518,10518,1,0.99766517,180.72417837733553,77.25973520434695,835.834675688885,0.21699230523323948,3.3775391278945768,0.11883808672428131,0.8406872749328613,-0.5283203125
10519,10519,1,0.99568945,182.5505895931224,75.3197648013347,849.7674057616235,0.12083298133362527,3.2362252470673867,0.1658225953578949,0.8162045478820801,-0.5534555315971375
10520,10520,1,0.9970885,182.08225073445897,74.61597603199701,840.7475033188884,-0.054448533224194406,3.065704201411962,0.25558561086654663,0.7871557474136353,-0.5613037347793579
10521,10521,1,0.9975681,184.46990485066203,72.09668825668156,843.3691476482023,-0.25995344183405356,2.8740100218771993,0.35449981689453125,0.74051833152771,-0.5709312558174133
10522,10522,1,0.99742115,187.1829053483798,70.1365759535034,834.2185329665263,-0.38834275419086595,2.6623285095139844,0.4217500388622284,0.6966549754142761,-0.5803436636924744
10523,10523,1,0.99656504,191.69041746502407,65.55219750917975,817.2707117317026,-0.47020617664989617,2.442094498641137,0.47032368183135986,0.6569055914878845,-0.5892968773841858
10524,10524,1,0.9946656,196.00806695835573,66.64277099922991,828.8630576042789,-0.5193972359654817,2.435935284991151,0.4837917387485504,0.6454362869262695,-0.5910648107528687
10525,10525,1,0.9943824,198.85730489426098,66.16197235689549,836.0454173741917,-0.5024183235142315,2.3804269182686384,0.47738680243492126,0.6358265280723572,-0.6064870953559875
10526,10526,1,0.9941754,192.78862506611503,65.06751931770263,818.8577153173045,-0.38539353255843234,2.2483070601823214,0.4492574632167816,0.6308310031890869,-0.6326294541358948
10527,10527,1,0.9942773,184.86000830489357,63.98006497557791,802.2921352460794,-0.21456179948745427,2.095950097248946,0.39501357078552246,0.6255465745925903,-0.6727970838546753
10528,10528,1,0.9954365,179.23559867383872,62.39169083331297,798.4641736362045,-0.09102277311880473,2.0463999760684057,0.3432924747467041,0.6297793388366699,-0.6967986822128296
10529,10529,1,0.9970739,173.38156335678266,61.45068423186308,800.8394287794468,0.021022692455319097,2.051603217212928,0.2890593707561493,0.6399859189987183,-0.7119429111480713
10530,10530,1,0.9955883,163.72371976451086,58.96499728848644,776.0192685893003,0.13178681706274095,1.9698414023438606,0.2467983216047287,0.6429552435874939,-0.7250511646270752
10531,10531,1,0.9961224,159.37521234448815,57.276052725300964,767.1621430127556,0.18708399929651623,1.9880625219112986,0.21971271932125092,0.6564767956733704,-0.7216402292251587
10532,10532,1,0.9928116,159.74414538072358,56.6071051117596,774.1377313887252,0.20755413770327935,2.0243016191298575,0.20404571294784546,0.6628068089485168,-0.7204529643058777
10533,10533,1,0.99082947,155.03134744446558,55.66549746007064,760.8461648172182,0.25837792528112496,1.942961774525383,0.1846911460161209,0.6541730761528015,-0.7334485650062561
10534,10534,1,0.98739666,148.83234607122426,53.54244400573371,744.5957857667904,0.2993197922549072,1.9046716056982143,0.1704949140548706,0.6571359038352966,-0.7342369556427002
10535,10535,1,0.99280375,141.347511109303,50.09245647646279,726.8115509770664,0.33334818526416726,1.8230284709800355,0.16359850764274597,0.650604784488678,-0.7415854930877686
10536,10536,1,0.9972875,137.33079240493717,47.30814092165909,725.0745148828097,0.34120656448791636,1.802714944581417,0.16420188546180725,0.6483550071716309,-0.7434201836585999
10537,10537,1,0.99874663,127.28703187428788,43.500306233367915,700.6191124292285,0.40513723587119227,1.7761765305061492,0.13845178484916687,0.6610884666442871,-0.7374233603477478
10538,10538,1,0.99924636,124.98192041538846,41.88916820447381,706.131769698075,0.44213219020965844,1.8108322360411568,0.11417867988348007,0.6685609221458435,-0.7348398566246033
10539,10539,1,0.9985819,116.7908877120059,38.68580068157623,691.414942998294,0.5000308487597357,1.8250091377405735,0.08592256903648376,0.6843711137771606,-0.7240535616874695
10540,10540,1,0.99858826,108.77483111348936,35.90061307051236,687.4041076864564,0.6097434316286977,1.7750391576644662,0.02163979783654213,0.6762875914573669,-0.7363197803497314
10541,10541,1,0.998254,94.57614996321281,31.810976202996272,668.5483728507055,0.754790148101679,1.6355136612850298,-0.061585456132888794,0.650390088558197,-0.7570997476577759
10542,10542,1,0.999084,86.97845960539449,27.947134237791584,673.8228142365193,0.884159972902412,1.5692734688193217,-0.14376786351203918,0.6225003600120544,-0.7693011164665222
10543,10543,1,0.99881446,74.84199660485383,25.77852224750214,652.4331198585711,1.0052648418332264,1.4224584968261327,-0.22010064125061035,0.5830856561660767,-0.7820274233818054
10544,10544,1,0.9978638,70.27506340962408,23.347375904555445,647.2650186509399,1.096666063120985,1.3138441434169805,-0.2821197211742401,0.5422279834747314,-0.7914526462554932
10545,10545,1,0.9956269,59.48026788860236,23.045433912786432,631.7535119973645,1.1985088077141641,1.2279854063090576,-0.34581631422042847,0.5095001459121704,-0.7879217863082886
10546,10546,1,0.9957163,51.502707835188005,22.51773537580132,616.663086613737,1.2599997765835216,1.1585223939809732,-0.38520297408103943,0.485827773809433,-0.7845954298973083
10547,10547,1,0.99779737,44.086213636301444,23.295339674311382,612.7448147299491,1.3029969348273627,1.1345887242007788,-0.4068587124347687,0.4729313254356384,-0.781538188457489
10548,10548,1,0.9972995,41.82125409335091,23.116205036464947,612.6280968635502,1.3505073052110588,1.1692571000800613,-0.4325762689113617,0.4776550233364105,-0.7646721601486206
10549,10549,1,0.9974306,40.7061829052381,23.235871701039045,611.2074446499195,1.3953734632860115,1.210045522985806,-0.45708635449409485,0.48436278104782104,-0.7459656596183777
10550,10550,1,0.99669385,40.182170872586966,23.357031038370902,615.0334457049488,1.4235786262311683,1.2570438464008464,-0.46868592500686646,0.4929381012916565,-0.7330385446548462
10551,10551,1,0.9976954,40.53937283069113,24.169549095255395,603.4096085226056,1.436975800432583,1.2722258916632918,-0.48163729906082153,0.5001572966575623,-0.7196306586265564
10552,10552,1,0.99689794,40.348288541002766,25.89694787637785,598.3520413636999,1.4242089751280913,1.2684345464101205,-0.477435439825058,0.5023064017295837,-0.7209325432777405
10553,10553,1,0.997489,43.387226804187556,28.157729244737908,598.6568473732655,1.4131318098393806,1.2693711997733825,-0.47496098279953003,0.5013408660888672,-0.7232354283332825
10554,10554,1,0.9989207,46.06315371849538,28.805298343007838,617.783789657222,1.4262908107214687,1.3122176362400984,-0.47410497069358826,0.5017517805099487,-0.7235120534896851
10555,10555,1,0.9979931,45.5371105391946,30.263346561628527,639.2198734814282,1.4118305127364823,1.3514509842117681,-0.4541822671890259,0.5053045749664307,-0.7337478399276733
10556,10556,1,0.99801105,47.044440805883056,29.70051659456028,619.0868896312439,1.3631547854492598,1.3059163732500187,-0.43892166018486023,0.5101128816604614,-0.7396841645240784
10557,10557,1,0.99830914,49.49964717041735,30.48126063680868,633.2522873784101,1.3406355223757533,1.3662351532868249,-0.4194367229938507,0.5250222086906433,-0.7405568957328796
10558,10558,1,0.9983754,51.13879924359562,30.06130798919321,624.0678101330167,1.29137886961306,1.4608223218347158,-0.39042603969573975,0.568886399269104,-0.7238341569900513
10559,10559,1,0.9988335,58.708961810416305,31.54990753403828,650.4900747477598,1.2430073712756806,1.7523876061884462,-0.34606143832206726,0.6408435106277466,-0.6852452754974365
10560,10560,1,0.9983512,62.08557657089625,30.913134951516085,611.3454178972796,1.1007634540936535,1.9925075135499462,-0.259498655796051,0.7425292134284973,-0.617503821849823
10561,10561,1,0.99960774,78.29210665724905,38.29441927375505,612.459914250404,0.8871342700380858,2.3977488175443193,-0.1300954967737198,0.831262469291687,-0.5404422879219055
10562,10562,1,0.99938965,92.15144253344937,46.78551940949351,652.5854990109043,0.629233233401991,2.913638283670369,0.009875587187707424,0.880577027797699,-0.4738001227378845
10563,10563,1,0.99928063,111.848525553892,52.92144975328046,649.7029742283022,0.2716705130833683,3.34762132978575,0.1642969250679016,0.9068613648414612,-0.388083815574646
10564,10564,1,0.99641067,135.8691222862113,58.740179792009634,681.5421348987724,-0.12297185616857688,4.131425393363562,0.2691977024078369,0.9163554906845093,-0.29635313153266907
10565,10565,1,0.99847454,149.26145725787953,64.93447701035738,683.2427955468273,-0.4011420715775954,4.60020236429127,0.32907775044441223,0.9127998948097229,-0.24187657237052917
10566,10566,1,0.99861836,156.55206446959238,66.85718469909983,698.2637604877813,-0.7158242332855628,5.700316739552898,0.3490173816680908,0.9230136871337891,-0.1619647741317749
10567,10567,1,0.99915135,167.22938235382648,69.15252563015139,734.1270470930373,-0.7939460968741038,6.241771729269378,0.33383771777153015,0.9307992458343506,-0.1488797664642334
10568,10568,1,0.998912,164.72474454953624,69.0524838607841,724.2218649464149,-0.6937445284884789,6.091609932207743,0.3182653784751892,0.9353575706481934,-0.1543157994747162
10569,10569,1,0.99691486,164.52460259997812,71.66437553287719,738.4002526390796,-0.5237586578383522,5.718150789185319,0.29260343313217163,0.9373862743377686,-0.1889185905456543
10570,10570,1,0.997647,158.41839269789645,73.33153424784344,719.7580566568648,-0.28889451051955534,5.187238100094039,0.25468310713768005,0.9410244226455688,-0.22273211181163788
10571,10571,1,0.99890745,156.10168345637078,70.20027955028705,715.0442242373332,-0.11528967692386621,5.151992987898311,0.20208148658275604,0.9525860548019409,-0.22747065126895905
10572,10572,1,0.9987544,152.80896573941092,71.15421354492985,710.5843062948303,0.15810019184351287,4.673759920247885,0.12706276774406433,0.9530470967292786,-0.2748749554157257
10573,10573,1,0.9983352,147.7941432103877,69.20521175191219,684.4733708756415,0.38329191890211567,4.197083464417402,0.05489493906497955,0.9481996297836304,-0.3128962218761444
10574,10574,1,0.9985592,151.0572071168635,70.64012423929684,702.9570568750705,0.5189899515822455,4.188486165074375,-0.004861759953200817,0.9438782334327698,-0.330257773399353
10575,10575,1,0.9987237,150.913125547244,69.78588135583071,695.1306318552396,0.6037686701559477,4.131730536648953,-0.040521860122680664,0.9422579407691956,-0.332427442073822
10576,10576,1,0.9987779,150.9113330710219,68.55354123435121,696.005310233444,0.7138572023268827,4.415739206133287,-0.08498094230890274,0.9497621655464172,-0.3012143075466156
10577,10577,1,0.99853694,159.7316180255304,69.4777672508226,717.4914786768871,0.7831583832637405,5.038813747736014,-0.11059603095054626,0.9607123732566833,-0.25455886125564575
10578,10578,1,0.9983542,161.61785647677868,68.0706653345918,718.6699123136094,0.8829531234272658,5.402538457137597,-0.14034751057624817,0.9642030596733093,-0.2249780148267746
10579,10579,1,0.99883693,166.73528512696365,67.59207101941489,735.9751034970315,0.8840475763104924,5.515635473100869,-0.14158789813518524,0.9637305736541748,-0.22622178494930267
10580,10580,1,0.99868304,170.0068998696849,65.7512613339731,742.7604088864344,0.8465436437828457,5.255051237877092,-0.13519667088985443,0.9585546851158142,-0.25078830122947693
10581,10581,1,0.9986141,170.55993452625083,67.50200805210336,748.2439607134056,0.8413408099969831,5.037919954267518,-0.13725247979164124,0.9520711898803711,-0.273353636264801
10582,10582,1,0.99891794,161.0146929752962,65.96230567413984,718.2868417280156,0.8575663469125905,4.726766433274961,-0.14261563122272491,0.9482482075691223,-0.2837008237838745
10583,10583,1,0.99807286,161.43431945031952,66.32738986850933,727.8733541677105,0.8971059406166505,4.621051503570565,-0.15934771299362183,0.940369188785553,-0.30052298307418823
10584,10584,1,0.99700445,160.357526302707,63.21862817139745,732.2404013180134,0.9145105507412642,4.815692892591884,-0.16040296852588654,0.945458173751831,-0.28351321816444397
10585,10585,1,0.99668866,153.4965772656424,61.09582968130098,706.0658697399666,0.9312268571615196,4.660365413633016,-0.16575853526592255,0.9451538920402527,-0.2814396619796753
10586,10586,1,0.99569124,156.88723446621492,62.581375296134674,730.445687858013,0.9047268704271665,4.582557894583335,-0.15931710600852966,0.9387624859809875,-0.30552104115486145
10587,10587,1,0.9973552,149.3565524537645,60.87667854239106,712.6147901859413,0.8656740977820092,4.00403100079041,-0.1509232521057129,0.9210085272789001,-0.35911768674850464
10588,10588,1,0.9977124,147.96008437265587,62.67591825322526,730.1123548329564,0.8553015119593694,3.6997376748565753,-0.15101584792137146,0.8983367085456848,-0.41253530979156494
10589,10589,1,0.9986376,140.58424829920807,59.60093877290634,709.3328675073329,0.8598773182990831,3.3242370868903532,-0.155704066157341,0.8780368566513062,-0.4525567293167114
10590,10590,1,0.99816483,139.51826275475358,59.07466202514811,715.4779580324179,0.8830962051397871,3.2896102628552777,-0.1663210690021515,0.8710901737213135,-0.46210309863090515
10591,10591,1,0.99797875,139.42649219883126,59.510074085730444,725.6369572577537,0.8909191480885819,3.282601028286822,-0.16951054334640503,0.8658514618873596,-0.47070950269699097
10592,10592,1,0.99731064,137.88806191560496,59.816224557094706,715.6576921311129,0.8579296762217713,3.1751504341835473,-0.15516985952854156,0.8624698519706726,-0.4817345440387726
10593,10593,1,0.99681,136.1609650513028,61.478431219110355,721.4915333035136,0.8486122197470298,3.1363451790850156,-0.14947302639484406,0.8567938804626465,-0.4935201108455658
10594,10594,1,0.9954769,131.7088945546221,61.663917963056214,723.9655659444819,0.8975303926712599,3.065243456881119,-0.17144669592380524,0.8448196649551392,-0.5068390369415283
10595,10595,1,0.99476045,127.5922327415072,63.38401695758889,734.529736435566,0.9370204553551401,3.1628152537931156,-0.18406246602535248,0.8473609685897827,-0.498096764087677
10596,10596,1,0.99545175,118.88615074683048,60.54826979042437,721.6403493730235,0.9776413036807967,3.137991109898147,-0.1974167823791504,0.848287045955658,-0.4913610517978668
10597,10597,1,0.99640167,110.96975876489131,56.43620131043906,732.073258531614,1.0866742476952698,3.272466228586482,-0.23602230846881866,0.8488989472389221,-0.4729313850402832
10598,10598,1,0.99867177,102.89782290619438,51.9840888411593,702.2301659086569,1.2075802445179618,2.984977358128633,-0.3007628321647644,0.8175855875015259,-0.4910148084163666
10599,10599,1,0.98904,90.99977745868837,46.28668258453291,696.8008051015177,1.3002974174684812,2.4382204155975526,-0.36430731415748596,0.7329124808311462,-0.5745603442192078
10600,10600,1,0.99435186,75.27792116220223,36.871625375694904,644.9965800363924,1.302011105169692,1.7100369552057282,-0.40448594093322754,0.6128706932067871,-0.6788082718849182
10601,10601,1,0.99724054,63.01476707772603,30.569293424591915,618.8647828758425,1.307605553773574,1.2607660801863632,-0.42625707387924194,0.4997732937335968,-0.7540103793144226
10602,10602,1,0.99282223,57.58291377979989,29.91886879496076,632.7216005925407,1.3563559160525986,1.051831429482653,-0.45054611563682556,0.4120003283023834,-0.7919999361038208
10603,10603,1,0.9939428,50.42496542710402,28.74928671401949,611.0045767424444,1.3786309093576827,0.8617932316130098,-0.47194963693618774,0.3478684425354004,-0.8100932836532593
10604,10604,1,0.99703896,48.18991584714403,28.83440522944528,607.4636962541066,1.3867492422947927,0.7263580289445905,-0.4784001111984253,0.2928878962993622,-0.8278586864471436
10605,10605,1,0.9982508,43.08364953169946,28.67130312905788,596.8411380837084,1.4004669340123619,0.6478417191613097,-0.4876410663127899,0.262634813785553,-0.8326038718223572
10606,10606,1,0.9979881,37.31858723138398,27.609027718608615,569.6418439758996,1.4008649574836127,0.5788965090270417,-0.498273640871048,0.24368196725845337,-0.8320712447166443
10607,10607,1,0.9978993,30.386805874467054,28.43493270392138,557.0278067736418,1.4050935767215635,0.5811556641754356,-0.5011176466941833,0.24835366010665894,-0.8289762139320374
10608,10608,1,0.9981949,26.914531532522147,27.56110454312912,541.1540207176531,1.40379417928142,0.5723846153867149,-0.5066680312156677,0.25182926654815674,-0.8245420455932617
10609,10609,1,0.99776816,23.862853526421052,27.453305927312186,541.1974658637772,1.3878082155580196,0.6063515671957685,-0.49232518672943115,0.27097663283348083,-0.8271563053131104
10610,10610,1,0.99902034,21.300716210163174,28.222275833177903,543.9403297731513,1.3827808310050764,0.6731236201416886,-0.48346105217933655,0.3013140857219696,-0.8218730092048645
10611,10611,1,0.99714065,18.83120304171078,30.12045321055221,534.9318759278807,1.3987061374205796,0.7241381251830609,-0.4964038133621216,0.32378023862838745,-0.805449903011322
10612,10612,1,0.99741995,16.765069560644235,31.334760386814974,534.9359456447509,1.4066311080738925,0.7563496268279067,-0.49860525131225586,0.335871160030365,-0.7991141080856323
10613,10613,1,0.997399,12.637930639407847,31.114855917039296,525.181024524701,1.4007238044110268,0.7610228003441398,-0.4958137571811676,0.345002681016922,-0.7969579696655273
10614,10614,1,0.995252,11.083643716262634,31.75277558427102,520.1476830859793,1.3984568616596917,0.7885412183037549,-0.4950621724128723,0.3599931597709656,-0.7907707691192627
10615,10615,1,0.9948776,10.294355548046086,33.08440803000567,524.0496382818787,1.3941733247297237,0.8514684713564112,-0.48693177103996277,0.3857716917991638,-0.7836311459541321
10616,10616,1,0.9966074,9.342226854520742,32.78151596641122,517.3791936046333,1.290116848472241,0.7831581382777166,-0.416544109582901,0.378521203994751,-0.826566755771637
10617,10617,1,0.9923758,7.15080426642071,34.17758315599067,513.757302276354,1.1971090017377255,0.7392329954161974,-0.33975115418434143,0.3736114799976349,-0.8631243705749512
10618,10618,1,0.99305105,6.336501287667655,34.442808123213865,508.0862613559835,1.0836691721359075,0.7196255765557552,-0.23602266609668732,0.38391947746276855,-0.8926920890808105
10619,10619,1,0.9940866,5.591037230985285,35.63789676986653,511.34773371021873,0.9459006144309905,0.6903786157927608,-0.09248639643192291,0.37878262996673584,-0.9208528399467468
10620,10620,1,0.99086213,4.773007765030436,35.64101137344178,514.7007417420988,0.9185626319873841,0.7197432774814123,-0.06187892705202103,0.3945116698741913,-0.91680508852005
10621,10621,1,0.9904248,5.193421946564284,34.905135263578224,504.35577703493436,1.0443941643267671,0.7649038732876684,-0.19608864188194275,0.41519710421562195,-0.8883471488952637
10622,10622,1,0.98933613,4.481177316788518,35.620288072746284,511.5319086373029,1.1864251477374488,0.8412765363510508,-0.32550013065338135,0.42623791098594666,-0.844020664691925
10623,10623,1,0.99401444,5.512270396259216,35.525637066444666,511.03259887459694,1.204879720027878,0.7953244541329895,-0.34462887048721313,0.4005069136619568,-0.8490142226219177
10624,10624,1,0.99436635,6.591985113116368,32.82378424105226,510.2525740667493,1.4675828545369247,0.7711087660306741,-0.541710376739502,0.3428093492984772,-0.7674839496612549
10625,10625,1,0.991602,9.002741273901743,30.639942684022078,522.1884412972953,1.6251318457482953,0.6817492372005324,-0.6241915225982666,0.272319495677948,-0.7322753071784973
10626,10626,1,0.9969512,14.091256336895555,30.480873591778792,519.5511360478444,1.6272262636784647,0.6676815046430481,-0.6319788098335266,0.26561737060546875,-0.7280455231666565
10627,10627,1,0.99316496,17.707583228663285,30.310404070909172,539.8679236721342,1.3377417802786704,0.7421509623345786,-0.4499116837978363,0.3404463231563568,-0.825636625289917
10628,10628,1,0.9925304,20.997885790547944,30.47268115880328,543.8622592461729,1.1442440291860332,0.9465813728319786,-0.29703328013420105,0.46393638849258423,-0.8345863223075867
10629,10629,1,0.99797577,30.2147042014582,32.33017628612104,562.685253831463,0.9290026678760197,1.333478982559432,-0.1141195148229599,0.6277164816856384,-0.7700316905975342
10630,10630,1,0.99783355,51.52917252856031,40.20965842636064,623.9710518041969,0.7691309586181962,2.0370321036537433,-0.018430057913064957,0.7713993191719055,-0.6360844373703003
10631,10631,1,0.9992993,90.441903590385,48.53939239577492,657.057005368245,0.47020066561912316,2.7719502039163286,0.10526642203330994,0.860558032989502,-0.4983561933040619
10632,10632,1,0.9991398,116.29192987181936,57.61862795580854,694.784763848193,0.18772358707908365,3.4519340851994054,0.19255289435386658,0.8937021493911743,-0.40524056553840637
10633,10633,1,0.9986519,130.4948602803706,62.37409320611519,696.2482561967471,-0.026800349384858965,3.7619534925003313,0.2574392855167389,0.8987632989883423,-0.3548937141895294
10634,10634,1,0.9990344,140.46833944401797,65.02937303419189,706.2492327461667,-0.1675230381933476,3.9151153474001172,0.2958521246910095,0.8938212990760803,-0.3369792699813843
10635,10635,1,0.9989207,145.7631514141422,65.03849329253778,712.6960519361229,-0.34614664947735146,4.096262743391469,0.34468549489974976,0.8855007290840149,-0.31157729029655457
10636,10636,1,0.9992631,154.39517550848404,65.69083619887134,723.7316926383664,-0.47308439284913906,4.314249994616913,0.3658711016178131,0.884024977684021,-0.290926456451416
10637,10637,1,0.9978434,166.53032040264168,68.26819114480273,738.8504154174826,-0.6473848219512938,4.401363130755688,0.40623345971107483,0.8684170246124268,-0.2842996120452881
10638,10638,1,0.99795145,171.4846778599651,68.4892478036353,741.5853942345548,-0.6995354164123614,4.323070571290443,0.42453184723854065,0.8575581908226013,-0.2904595136642456
10639,10639,1,0.9950506,181.12656556542746,69.4519421400414,765.7308641740361,-0.7769331839459291,4.224145862197678,0.44729796051979065,0.8386536240577698,-0.31078076362609863
10640,10640,1,0.99648905,182.55372759686955,70.65983880582571,766.6404502780946,-0.771726677525775,3.9728399595995643,0.46471139788627625,0.8193062543869019,-0.33582833409309387
10641,10641,1,0.9962419,180.9951543133491,70.54396070360467,760.8103890771325,-0.7785566057528226,4.022861732795903,0.4642372727394104,0.8232954144477844,-0.3266013264656067
10642,10642,1,0.9954829,179.50247670537297,72.97959198537443,756.5493791715585,-0.78269797468469,4.213825179243711,0.4524420499801636,0.8376191258430481,-0.30608901381492615
10643,10643,1,0.99509615,180.91198306432264,75.87093572542727,760.5742727618007,-0.8122158041740242,4.607420570747998,0.43114566802978516,0.8599105477333069,-0.27325311303138733
10644,10644,1,0.9962197,181.64080307315518,77.37233938654204,779.0937804953088,-0.7114697462860962,4.927518563799281,0.3799018859863281,0.8866846561431885,-0.26356199383735657
10645,10645,1,0.99761933,176.73890094682767,78.90337326645937,789.0796093818223,-0.5109817354399192,4.845717155024691,0.32862648367881775,0.9002875685691833,-0.28545913100242615
10646,10646,1,0.99734396,170.72005033814628,79.01626073203893,793.2951580099166,-0.27068923524550237,4.922458261561547,0.25222527980804443,0.922819197177887,-0.29118236899375916
10647,10647,1,0.9945155,161.94108202107813,75.69265457373315,780.8465561091897,-0.009602880473678322,4.718801516606491,0.17834897339344025,0.9333335161209106,-0.31157708168029785
10648,10648,1,0.9936248,152.97891036448198,75.05103609900395,772.6548257697156,0.23893335952164188,4.543902260049829,0.09909038990736008,0.9380612969398499,-0.3319970965385437
10649,10649,1,0.99473023,147.39973234924543,72.81065861560035,767.5013144902692,0.4309848981540717,4.599252991811872,0.02851950190961361,0.9447104334831238,-0.32666313648223877
10650,10650,1,0.99400336,148.76678108105452,74.18726197850957,775.9188728497537,0.5513498770642966,4.787926739183889,-0.019566966220736504,0.9490465521812439,-0.31452786922454834
10651,10651,1,0.9919763,146.46760829240543,72.49602659557041,762.758841530716,0.6273324428626492,4.9311731374923875,-0.046158336102962494,0.9551220536231995,-0.2925941050052643
10652,10652,1,0.9914786,148.8850377890046,76.69878079740694,771.2475460307628,0.6971071490791247,5.240574458133503,-0.07155163586139679,0.9600268602371216,-0.27060821652412415
10653,10653,1,0.99067795,149.37741780327877,77.55095355836566,767.624822420769,0.6718773291366958,5.3696631466948075,-0.06289899349212646,0.9642918109893799,-0.2572644352912903
10654,10654,1,0.9937342,149.92702268737173,77.64568575998106,757.3933248982081,0.5589913807070105,4.903730453219396,-0.02380659244954586,0.9560929536819458,-0.29209503531455994
10655,10655,1,0.994958,150.764501038772,80.25538023177914,750.2915131050057,0.42943746617108836,4.558096176062588,0.02748514898121357,0.9465118646621704,-0.32149624824523926
10656,10656,1,0.9952846,152.1415837465388,81.78278493997492,739.7218954196163,0.3960053405131328,4.182595655451417,0.04611864686012268,0.9328976273536682,-0.3571765422821045
10657,10657,1,0.9962937,157.43046577640473,81.80830620634572,744.4768391149443,0.39062897981420547,4.085945322298231,0.04588954150676727,0.9269172549247742,-0.3724493682384491
10658,10658,1,0.993995,159.93693262032988,82.50433114966256,739.3920124976131,0.42965946683567624,4.173476443099944,0.025925246998667717,0.9329401850700378,-0.35909682512283325
10659,10659,1,0.99570256,161.41005865758322,85.54357119626998,740.1609907319648,0.48320130869753336,4.232499947058981,0.0015672009903937578,0.9351465702056885,-0.35425764322280884
10660,10660,1,0.9956989,166.42958105982805,86.26445726021416,744.5218931391875,0.4730442649751577,4.4895117213971965,-0.0004985179402865469,0.9448941349983215,-0.32737571001052856
10661,10661,1,0.9942721,169.09737322985146,89.56075631885936,750.4888782489238,0.43054405844962024,4.54429500477763,0.013787174597382545,0.945492684841156,-0.3253513276576996
10662,10662,1,0.994955,163.32116982798894,87.96465920811119,728.3821638399066,0.4644400359656545,4.135879423740554,0.009020507335662842,0.9335929155349731,-0.35822179913520813
10663,10663,1,0.9957985,164.4013332844053,89.85862887803795,738.4149070292914,0.39210930345346556,4.198852661571156,0.03798975422978401,0.9335314631462097,-0.35647696256637573
10664,10664,1,0.9964038,161.49388462131768,89.33007960926575,716.8582805319346,0.39829161303214417,3.8267401621203376,0.0447174496948719,0.9199769496917725,-0.38941338658332825
10665,10665,1,0.9955206,166.7729409702313,92.30950185600044,740.6013212983539,0.43048582033424354,3.842472048803363,0.025003774091601372,0.9134054183959961,-0.40628233551979065
10666,10666,1,0.9970862,163.58018602252042,89.77260019940798,716.1158962599375,0.4873294435136739,3.9513144213875155,0.0007712290971539915,0.9273760318756104,-0.3741297423839569
10667,10667,1,0.99702376,166.75999486443715,88.68575895615932,717.0619494769135,0.5445238190507408,4.104136368277461,-0.028117328882217407,0.934205174446106,-0.35562631487846375
10668,10668,1,0.995823,172.4764691153874,93.92384723963407,734.4730908110005,0.5424482265320449,4.6612225673586405,-0.033320773392915726,0.9518603086471558,-0.3047158420085907
10669,10669,1,0.9959265,168.62797870282762,88.61361142900414,711.9320436614804,0.5621855410437325,4.676298211170843,-0.03822225332260132,0.9570928812026978,-0.28724947571754456
10670,10670,1,0.9963605,171.1193404688951,88.41034005290577,715.3638189846124,0.6100966718317619,4.644823189893905,-0.05860309302806854,0.9542484879493713,-0.2932157814502716
10671,10671,1,0.9966035,172.59186931036342,88.24535052918304,717.7745974031506,0.6611479148711401,4.485782999419868,-0.08049236238002777,0.9466195106506348,-0.3121418356895447
10672,10672,1,0.9961994,175.6676463553931,91.99412112658642,735.4115147036733,0.7119349787961594,4.341437472375758,-0.10444948077201843,0.9340267777442932,-0.34159085154533386
10673,10673,1,0.9962268,174.84806866225475,91.22172282387218,726.2096623862849,0.7608999105068652,4.216131885793557,-0.12587186694145203,0.9282622933387756,-0.34997910261154175
10674,10674,1,0.99649435,174.10183802447344,90.72180479317491,721.8366695655305,0.7762388452490013,4.104024246345882,-0.1336999535560608,0.9230993986129761,-0.3605715334415436
10675,10675,1,0.99702615,173.66690305141324,91.24458053961375,725.2920835940976,0.8152132262005479,4.06803368163873,-0.15047861635684967,0.9177590012550354,-0.3675250709056854
10676,10676,1,0.99701893,174.41310745867668,91.43795127170596,726.992645214504,0.8359885763391544,4.0940251871101365,-0.15922069549560547,0.91716468334198,-0.3653185963630676
10677,10677,1,0.9969862,174.01923538709377,90.15837030790676,722.0612289867104,0.8081003025146534,3.8671419619718312,-0.1519579142332077,0.9076348543167114,-0.3912898004055023
10678,10678,1,0.9973139,173.64486772041528,91.07394116447472,722.6413898651248,0.7643942125831311,3.735849236875304,-0.1346590667963028,0.9018006920814514,-0.4106367528438568
10679,10679,1,0.99580055,176.78873230727314,90.8270152526423,729.9001007655983,0.7111604743285668,3.6235994090381323,-0.11412730067968369,0.8944235444068909,-0.43241357803344727
10680,10680,1,0.9947466,173.72501072519026,90.19812873600988,718.7364543520662,0.6656621382977201,3.5450585291543493,-0.090957872569561,0.8953055739402771,-0.43606722354888916
10681,10681,1,0.9961939,174.01792127438867,87.86707790563041,718.7521900887141,0.6342678195785532,3.6496467089398643,-0.07528086751699448,0.9046650528907776,-0.41942092776298523
10682,10682,1,0.99567443,174.50906578645512,88.79581361819875,722.9800207535623,0.6256952321215082,3.6499647306940437,-0.07159744203090668,0.9034077525138855,-0.4227626323699951
10683,10683,1,0.9961994,173.11703197258552,88.01798387477093,718.6117142661429,0.6261693738054548,3.5257248094974663,-0.07123009115457535,0.8961038589477539,-0.4380914270877838
10684,10684,1,0.9968081,172.4256671397743,89.06675563417724,724.5734057960445,0.6403642570255597,3.393935560499516,-0.07816006988286972,0.8824594020843506,-0.4638495445251465
10685,10685,1,0.9971431,167.71257915944594,87.93282403234609,719.8745917912405,0.6950583550743429,3.1212812971307646,-0.10410814732313156,0.8561807870864868,-0.5060790777206421
10686,10686,1,0.99530077,170.50367319568912,90.81868833729719,735.3585135819602,0.744873575693973,3.235437785604513,-0.13038627803325653,0.8571168184280396,-0.49834752082824707
10687,10687,1,0.99454296,165.71288517076945,88.2794751915996,722.2609564032387,0.7969899378543438,3.34089155272866,-0.15050670504570007,0.8698911666870117,-0.4697202444076538
10688,10688,1,0.99513274,167.8318552026518,87.66203970814767,730.8659547560047,0.848487953506629,3.66350400326599,-0.1687193363904953,0.889176070690155,-0.4253230392932892
10689,10689,1,0.99299943,167.93368082750138,89.03764900416193,728.6685712829157,0.9229785146562625,4.123450734912844,-0.18913811445236206,0.9129180312156677,-0.36167311668395996
10690,10690,1,0.99511117,168.16479057723538,87.31060549824691,735.9621515300879,1.0203958290795099,4.592165699486608,-0.21274922788143158,0.9259364008903503,-0.3120569884777069
10691,10691,1,0.9927348,169.1338061721306,85.77105264873221,735.5300113542856,1.0691748369278533,5.081435211828983,-0.21562276780605316,0.9400670528411865,-0.2641604244709015
10692,10692,1,0.9887257,167.13751995619188,85.22244388942168,733.5390850199746,1.0276912853234985,5.0976668861002175,-0.19993187487125397,0.9442138075828552,-0.26170116662979126
10693,10693,1,0.991793,163.69153164982148,83.81232184425879,720.2269481050744,0.9858420641960656,4.935423585308471,-0.18784460425376892,0.9449214339256287,-0.26802587509155273
10694,10694,1,0.9956286,165.96148853549346,84.62107743988003,734.6553833362555,1.0539248386780584,4.958033328931944,-0.2119222730398178,0.9378718137741089,-0.27474603056907654
10695,10695,1,0.99531084,165.6182907466289,83.98116533783028,734.6377529868333,1.171691353188053,4.508897376769955,-0.26850441098213196,0.9095423817634583,-0.3172350525856018
10696,10696,1,0.9963044,160.20747902065844,78.60637993208707,734.3570067995653,1.271254749558925,3.847089474099519,-0.3311305344104767,0.859607458114624,-0.3891371190547943
10697,10697,1,0.996843,145.98937004205814,70.30757973562736,747.546621431361,1.4050377890364572,3.1624911076873903,-0.40859681367874146,0.774759829044342,-0.48248928785324097
10698,10698,1,0.9954846,130.10745755835623,63.39744763637308,714.8673117662591,1.4574316262569753,2.499794126642615,-0.4665464460849762,0.6870145201683044,-0.557086706161499
10699,10699,1,0.9926872,118.82651466717205,60.14760393481961,681.2140348595432,1.4915395540947505,2.1073166952323126,-0.5082613229751587,0.6220805048942566,-0.5955555438995361
10700,10700,1,0.99478686,114.68896146919724,57.13966849473434,682.9058964082573,1.5017855621130236,1.9304940897120215,-0.519802451133728,0.5824136734008789,-0.6249798536300659
10701,10701,1,0.9969241,115.77546988987702,57.51743772284377,708.987649073045,1.4598343117882375,1.8691439716815474,-0.4966537058353424,0.5641776323318481,-0.6595746874809265
10702,10702,1,0.99434173,108.8423523881155,54.716417991855195,687.3583982165915,1.378018276463739,1.6797468510084541,-0.47000211477279663,0.5439790487289429,-0.6951149702072144
10703,10703,1,0.99697053,104.76351640526131,53.43746068790413,698.1463764306877,1.3310787229846566,1.5778070886743032,-0.4426063597202301,0.521019458770752,-0.7298207879066467
10704,10704,1,0.99789894,101.16337868801168,51.82986486577878,685.9678732633769,1.2672710519529788,1.4702232877798638,-0.41340112686157227,0.5081583261489868,-0.7555624842643738
10705,10705,1,0.9976107,95.4792296877935,52.879382137687706,679.7753851171511,1.2313520476477715,1.4150287679469924,-0.3913573622703552,0.5003634095191956,-0.7723185420036316
10706,10706,1,0.9976121,93.88853162394929,52.71098269708799,666.0838035886923,1.1752169277018687,1.4310284697515911,-0.3600727617740631,0.5225374698638916,-0.7728532552719116
10707,10707,1,0.99796534,90.52992210962724,51.54162422219887,654.6569672715431,1.1374637056316306,1.57874087378384,-0.3301190733909607,0.5831194519996643,-0.7422891855239868
10708,10708,1,0.9977824,90.49261343555895,53.795914026702235,655.5515630435992,1.0885040433719222,1.8302627624390766,-0.2885268032550812,0.6580384969711304,-0.6955125331878662
10709,10709,1,0.997552,101.23045602676928,58.12749492986069,691.8489766892434,1.0407768383919351,2.2787870103980836,-0.24670620262622833,0.7375186085700989,-0.6286512017250061
10710,10710,1,0.99854517,110.59244364515905,60.384726917872435,706.9775166481468,0.9920912937318754,2.707002787128988,-0.21211659908294678,0.8027629256248474,-0.5572955012321472
10711,10711,1,0.9976853,119.11092128528149,63.45617330271873,715.9522862936846,0.956176138156619,2.9766754060041554,-0.19270139932632446,0.8342611789703369,-0.5165989398956299
10712,10712,1,0.9979602,126.94829775375598,67.92387540619659,735.0377475640374,0.9150305455311208,3.223333132220325,-0.17170916497707367,0.854134738445282,-0.49088674783706665
10713,10713,1,0.9978308,129.27875683748846,70.16901835894794,713.6057134260354,0.876717105975396,3.2872007774128225,-0.15542030334472656,0.8709309101104736,-0.46618014574050903
10714,10714,1,0.9964786,129.83907735722957,69.17436359554488,704.9965518335149,0.8285409398403408,3.4936931004546925,-0.12885057926177979,0.8947724103927612,-0.42752760648727417
10715,10715,1,0.99725217,139.35595823437106,70.42747804090176,726.8964058989541,0.7746495956622161,3.957182533582791,-0.10506171733140945,0.919612467288971,-0.3785167932510376
10716,10716,1,0.9970233,141.90337531801785,71.84692202181061,731.152233737237,0.6878899641634354,4.20346077260525,-0.06825564056634903,0.9340264797210693,-0.3506218194961548
10717,10717,1,0.9973029,143.0993232222793,71.91786340863449,732.5531366549197,0.6316163813057226,4.305939567517343,-0.04573448747396469,0.9396861791610718,-0.3389664590358734
10718,10718,1,0.9976674,144.98986523125578,72.78094791507824,740.330692254247,0.642641433712073,4.033522059005762,-0.05189662054181099,0.9243524074554443,-0.3779939115047455
10719,10719,1,0.99850607,139.92975961718398,68.87733473519783,713.9985946120481,0.7559563402566677,3.3561896914834786,-0.1043463721871376,0.884114682674408,-0.45547017455101013
10720,10720,1,0.9985576,139.424754339203,66.25526844879924,722.402742657689,0.9035348150770542,2.722650005462268,-0.19227440655231476,0.7997767329216003,-0.5686720013618469
10721,10721,1,0.9989247,113.50316639799155,53.15519201815891,663.2123508820658,1.0776225544172187,1.9394619637677917,-0.30190426111221313,0.6765567064285278,-0.6716582775115967
10722,10722,1,0.98797977,102.12220531920822,46.495655348543316,650.3372280909066,1.2067900107423875,1.5577812119703982,-0.38777294754981995,0.5686455368995667,-0.7254477143287659
10723,10723,1,0.99815506,94.48256336652908,43.134519854097356,648.0721514319733,1.2834322716569495,1.3241857525006449,-0.435140997171402,0.4880194664001465,-0.7566303014755249
10724,10724,1,0.9977163,89.18087104724874,40.59540122015664,627.7002302178108,1.324684761353408,1.190289091122154,-0.4675743877887726,0.44896450638771057,-0.7614493370056152
10725,10725,1,0.99797565,86.25551003851274,40.253185742306535,623.2509790156407,1.3686782233982528,1.1465648775981923,-0.49309319257736206,0.42870938777923584,-0.757012128829956
10726,10726,1,0.9973922,85.20569678203033,39.90912756689266,622.3416994967553,1.3813378716139022,1.1444707433170342,-0.49939247965812683,0.42674943804740906,-0.7539840936660767
10727,10727,1,0.9978726,84.81004260685943,38.91079864741878,629.9848995080348,1.426975449364174,1.175740656873023,-0.5176529288291931,0.4272412359714508,-0.7412829399108887
10728,10728,1,0.9990363,86.4152339751069,37.69364251115534,634.5391422867557,1.4357022371780253,1.1702439371358588,-0.5212199091911316,0.4226944148540497,-0.7413901090621948
10729,10729,1,0.99880993,85.82908122058286,36.27518462669874,627.064501669303,1.435407187971483,1.1105857727897634,-0.5263910889625549,0.4068146347999573,-0.7466018199920654
10730,10730,1,0.99829775,87.11136550352317,36.447676482385596,642.3386477516641,1.4490316582346612,1.080463938571899,-0.5275900363922119,0.38718143105506897,-0.7561344504356384
10731,10731,1,0.99811506,87.01156775742061,35.59344823861641,648.8677785707013,1.4269388565210999,1.008049460748128,-0.5148059129714966,0.36352676153182983,-0.7764168977737427
10732,10732,1,0.9975477,83.68424197640427,36.14868589951306,640.8203096406542,1.4034163431272404,0.927008557801844,-0.5056335926055908,0.34050893783569336,-0.792709469795227
10733,10733,1,0.9977931,82.58495758506994,35.86697131288718,656.2666864833527,1.4137207534134788,0.8800506510463104,-0.5023534893989563,0.3164528012275696,-0.8046730160713196
10734,10734,1,0.99748933,79.56575845074644,37.003184321048934,650.6660753325431,1.399347414623593,0.8304673176206501,-0.4956004321575165,0.3007553815841675,-0.8148168325424194
10735,10735,1,0.9988135,75.09557930650209,36.74513868239695,647.459249692423,1.4065137625053241,0.7651735345144721,-0.4972206950187683,0.27672988176345825,-0.8223090767860413
10736,10736,1,0.99855465,72.89892856776514,37.4727538012768,644.2875042689733,1.398371327452541,0.7432624956115451,-0.4925279915332794,0.2696024775505066,-0.8274845480918884
10737,10737,1,0.99871814,69.0173661816894,38.5138890075578,644.6723642989715,1.426430158219382,0.7481997941423356,-0.5037305951118469,0.26727885007858276,-0.8214727640151978
10738,10738,1,0.99614847,63.446421376544585,38.629739958269,636.0131716219576,1.4451525567582726,0.7588405446538389,-0.513006329536438,0.2726306617259979,-0.8139391541481018
10739,10739,1,0.99670947,57.89317884054054,40.20888705139543,638.775436056873,1.5063002997108452,0.781038050725688,-0.5377735495567322,0.27150094509124756,-0.7981772422790527
10740,10740,1,0.9988972,52.51513074822157,41.11055640381692,630.7292250193453,1.5355317543256224,0.7421202486836823,-0.5524498224258423,0.2548416256904602,-0.7936339974403381
10741,10741,1,0.99832445,47.399233183951424,42.925078771213144,625.0399428156854,1.5402698596693294,0.6631510557138597,-0.5539396405220032,0.22329723834991455,-0.8020532131195068
10742,10742,1,0.9974509,44.30680066584483,43.46177328285623,617.3908509454134,1.5661079853937097,0.6314721568330118,-0.5684828758239746,0.20933544635772705,-0.7956167459487915
10743,10743,1,0.99729925,39.95352228782795,43.33223378465171,613.8993430380365,1.6114730848853016,0.592118809802497,-0.5880216956138611,0.19030077755451202,-0.7861400246620178
10744,10744,1,0.9986902,35.12105213789112,43.52053196902784,606.8497804276777,1.5935597690589463,0.5888300133598137,-0.5796690583229065,0.19288206100463867,-0.7916946411132812
10745,10745,1,0.99822587,28.881861066518947,45.75787399934759,594.5944729546025,1.5630624579540817,0.5413990124679918,-0.5665404200553894,0.177058145403862,-0.8047872185707092
10746,10746,1,0.9973449,25.726810204533376,46.15270094096436,590.3008132498061,1.532531955637794,0.5128796851246413,-0.5500189065933228,0.16884015500545502,-0.8179072141647339
10747,10747,1,0.9982229,22.320168090430503,45.882606765765026,580.7393628193121,1.5058053087456118,0.5127436901067868,-0.5382032990455627,0.17438028752803802,-0.8245779275894165
10748,10748,1,0.9975575,21.230940627830048,46.5399321122376,576.8221068631785,1.4934104228856593,0.5071518376397417,-0.5326861143112183,0.1732308715581894,-0.8283939361572266
10749,10749,1,0.9959966,19.991729316082967,47.677786628483965,582.8772183877934,1.4881250419514973,0.5214978317672767,-0.5246297121047974,0.17731381952762604,-0.832660436630249
10750,10750,1,0.99624556,17.308370475286164,47.91859423186721,573.6055871184695,1.4593381408564934,0.5305759556122116,-0.5110462307929993,0.18666377663612366,-0.8390401601791382
10751,10751,1,0.994544,15.290952962682674,48.97492238660241,566.3742279878489,1.4265406154730722,0.5666716698750566,-0.4938561022281647,0.20759795606136322,-0.8443987369537354
10752,10752,1,0.9941387,12.393230836547053,48.18095553567042,558.7266256235449,1.3936780959079251,0.6199242276789086,-0.4742042124271393,0.2407425045967102,-0.846860945224762
10753,10753,1,0.9958901,13.997521961194701,49.983452501447495,568.7866550829684,1.3779192029751957,0.694177919745652,-0.45954346656799316,0.2709595561027527,-0.8458136320114136
10754,10754,1,0.99652135,13.556565906556605,50.7713528620169,574.748098804953,1.356341094660871,0.7028790839418225,-0.44076380133628845,0.2746208906173706,-0.8545821309089661
10755,10755,1,0.99687374,12.368863679641402,50.73164430701191,567.3401312171098,1.3607973950632644,0.7120879321221089,-0.44679391384124756,0.28143206238746643,-0.84921795129776
10756,10756,1,0.99665904,12.137400418207541,51.85440334073178,563.2644939838393,1.3614146673637917,0.7482381451737459,-0.44943875074386597,0.2981204092502594,-0.8420979976654053
10757,10757,1,0.9956404,14.652635032357693,53.28629048729139,565.0901618272663,1.3767117892202507,0.745341612090736,-0.462293416261673,0.29106104373931885,-0.8375967741012573
10758,10758,1,0.99792695,15.934008943705004,52.692693473577016,558.2772734969682,1.3505693502657299,0.6775735354349186,-0.45066967606544495,0.2664085924625397,-0.8520113825798035
10759,10759,1,0.9983026,16.322430781460366,52.04976429256289,561.1307323320094,1.369203739613569,0.6339072798775036,-0.4619954824447632,0.24303488433361053,-0.8529327511787415
10760,10760,1,0.9978715,18.718633795149554,53.73317609753726,569.5475080191061,1.3742846890865466,0.6123709163899173,-0.4632449448108673,0.2264188826084137,-0.8568189144134521
10761,10761,1,0.9984256,18.97093211734524,51.869551598432764,556.5395643448223,1.3413056570607058,0.6176965075107443,-0.4491419494152069,0.2402815967798233,-0.8605442047119141
10762,10762,1,0.9986527,18.803804411348214,53.70023467234085,567.3271987483446,1.3196400093238374,0.6771845483895503,-0.42726776003837585,0.2648831009864807,-0.864453136920929
10763,10763,1,0.9987196,19.531498146997038,53.66043376247949,570.4229618425398,1.2955887659316714,0.7134457103384293,-0.40902823209762573,0.2840268909931183,-0.8671935200691223
10764,10764,1,0.99847525,20.167013746130305,53.2695029107529,568.5495154276656,1.2759854490448341,0.7373818637432448,-0.39642980694770813,0.2993449866771698,-0.8678916692733765
10765,10765,1,0.99815947,20.45590730188225,53.46345344058432,567.3644415448916,1.2869149826084498,0.7512085516007374,-0.4055682420730591,0.30449721217155457,-0.8618560433387756
10766,10766,1,0.99833065,19.964279008484336,52.630366749924946,564.5647128994377,1.303922435144562,0.729353300620304,-0.4189084768295288,0.2943227291107178,-0.8590052127838135
10767,10767,1,0.99842393,20.891562724487358,52.63735052512421,568.3225905298933,1.3132552516469285,0.7076854614582547,-0.42470407485961914,0.28103235363960266,-0.860608696937561
10768,10768,1,0.99827754,19.482395939978193,53.26334860086883,571.0113010407899,1.29120053715349,0.6790572600513068,-0.40535247325897217,0.2686465382575989,-0.8737954497337341
10769,10769,1,0.99818796,20.799306881425586,53.110717471038775,569.2510328184725,1.243129799391835,0.6415652125431276,-0.3719522953033447,0.25724437832832336,-0.891895055770874
10770,10770,1,0.99810946,21.68513501280768,54.145388961709465,575.8201423592604,1.2122724828834688,0.6408063789103551,-0.345723032951355,0.25613123178482056,-0.9027028679847717
10771,10771,1,0.9979595,20.42499576381337,53.38470040810352,575.6540775613764,1.1949669053019774,0.646996330553811,-0.3300374448299408,0.2626270353794098,-0.9066986441612244
10772,10772,1,0.9979336,21.0900049567317,53.927308500842685,576.4884511930102,1.1909652087064577,0.6583150668857605,-0.3275699317455292,0.26734960079193115,-0.906213104724884
10773,10773,1,0.9979044,20.51993629003137,53.277070368477695,574.3692166860079,1.1852930200118772,0.6653487914842264,-0.32312673330307007,0.27348843216896057,-0.905976414680481
10774,10774,1,0.9974769,20.99981127915319,53.285851935953474,580.6846759926569,1.1790522414735831,0.6831676225142195,-0.31576624512672424,0.28014206886291504,-0.9065385460853577
10775,10775,1,0.9959496,21.10261874372553,52.68343718597689,572.7471872433249,1.1684039827051718,0.6885699144961,-0.3110470175743103,0.2884983718395233,-0.9055486917495728
10776,10776,1,0.9960961,21.26878459667468,52.180456689279815,568.5322336697271,1.121674896377283,0.6799772933350771,-0.2737392485141754,0.29232293367385864,-0.9163046479225159
10777,10777,1,0.9961125,21.761358892381853,52.57613546685838,572.9177892268085,1.0918239033162156,0.6792100155695899,-0.24676649272441864,0.29235610365867615,-0.9239233136177063
10778,10778,1,0.9955929,22.144106383827737,53.139514382945514,573.9566585391609,1.093597156313355,0.68052527593918,-0.24861758947372437,0.29137498140335083,-0.9237369894981384
10779,10779,1,0.9961279,23.33284784217734,53.32577904926666,576.050978831074,1.110211217659959,0.6978883458734474,-0.26424941420555115,0.29683801531791687,-0.9176380038261414
10780,10780,1,0.996329,22.981034873595718,53.04684178690212,574.2216556469326,1.126497305180425,0.6887534120065946,-0.27830058336257935,0.29185763001441956,-0.9150781035423279
10781,10781,1,0.9962798,23.349930318983343,53.049444578354475,573.2607656244976,1.1573252127416687,0.6650815828673611,-0.30509868264198303,0.2769853472709656,-0.9111497402191162
10782,10782,1,0.9965874,23.140660169453966,52.88209278978343,571.3923360896703,1.1797319064746485,0.6358973108875849,-0.3239094316959381,0.2610071003437042,-0.9093722701072693
10783,10783,1,0.9962353,23.291315941925134,53.21026185484133,572.6187952724857,1.203631135240987,0.6027764830040726,-0.3425208628177643,0.24080511927604675,-0.9081257581710815
10784,10784,1,0.99642134,23.662693918906882,52.96558958184508,571.6029636779232,1.2146234807289997,0.5735010024970273,-0.35197722911834717,0.2257469743490219,-0.9083778262138367
10785,10785,1,0.9971137,23.593182848751194,53.18151353032681,569.8094890378471,1.2169778161387852,0.5515830079052586,-0.35444536805152893,0.21481166779994965,-0.9100683927536011
10786,10786,1,0.99692696,23.718271235412214,52.27256937996189,566.9426043127477,1.204497753784615,0.5114757965459624,-0.34549790620803833,0.19825001060962677,-0.9172393679618835
10787,10787,1,0.99684024,23.60883832444186,52.41274057502761,566.4609958835924,1.2111423949625482,0.50533468056849,-0.3508170545101166,0.19441518187522888,-0.9160404801368713
10788,10788,1,0.99688977,24.23838998460623,51.79877566798163,565.4880601843786,1.2379018235000836,0.5268030620800922,-0.37367957830429077,0.20381750166416168,-0.904887855052948
10789,10789,1,0.9974191,25.730229666548677,51.737395601308116,567.9131985046578,1.2615499873872893,0.5582326889611561,-0.39293888211250305,0.21604491770267487,-0.8938252925872803
10790,10790,1,0.99686843,26.183496463588323,51.95783216516961,568.2275095990602,1.2666614786823636,0.5936259981505477,-0.39765554666519165,0.23232384026050568,-0.8876349329948425
10791,10791,1,0.9964631,25.438793888298438,51.816367912985875,566.8769651526416,1.2832703466656916,0.6310795673585824,-0.40994691848754883,0.24937601387500763,-0.8773568868637085
10792,10792,1,0.996268,26.846161025643287,50.848449184613834,562.9822532219906,1.2959187668912875,0.641776043594165,-0.4233662784099579,0.25565090775489807,-0.869139552116394
10793,10793,1,0.9966371,27.213840133493445,51.57379764113208,563.2828185940169,1.3043638155224426,0.6644832962310818,-0.42992138862609863,0.2641211450099945,-0.8633699417114258
10794,10794,1,0.99767786,27.587890679808037,52.45829590350126,570.7451944954779,1.3154138433380713,0.6825158670199272,-0.43379470705986023,0.2669162154197693,-0.8605683445930481
10795,10795,1,0.998198,26.952532666473942,51.75473873367082,568.46787351564,1.3006803604728578,0.6796502043881156,-0.4237765669822693,0.2696124315261841,-0.8647095561027527
10796,10796,1,0.9981529,26.39316034840059,50.61305165407337,563.5881318368996,1.2714546591290055,0.6709540554505791,-0.4044395089149475,0.27317073941230774,-0.8728152513504028
10797,10797,1,0.99837613,27.223574595497926,51.16455747547449,563.9548234172947,1.2574585722118226,0.6725545127699761,-0.39504432678222656,0.27463293075561523,-0.8766509294509888
10798,10798,1,0.9985043,26.723316512162132,51.66620270423073,572.4606797978188,1.2614080806837946,0.6860067371062574,-0.3924236297607422,0.27642491459846497,-0.8772645592689514
10799,10799,1,0.9987692,27.20487257258691,52.238846990200216,573.3259933112146,1.2663143326422424,0.707889285175766,-0.3963361978530884,0.2848626971244812,-0.8727948665618896
10800,10800,1,0.9986986,27.038920440743,51.31601530880039,565.5457632399806,1.2531393353255469,0.7184822899122366,-0.39055994153022766,0.29647812247276306,-0.8715294599533081
10801,10801,1,0.99883264,26.773883163087433,52.28449534932366,570.2047001911504,1.2766831058215682,0.7431109278037091,-0.405046671628952,0.3013988435268402,-0.8631893992424011
10802,10802,1,0.9987332,26.77052618198572,51.218892569627364,568.7588217636769,1.285827303360933,0.7324892879389293,-0.4123946726322174,0.2973516583442688,-0.8611113429069519
10803,10803,1,0.9988053,26.15478235581791,52.04243733309272,571.5079706149331,1.3114670413167386,0.7130422686188274,-0.4284897744655609,0.28237804770469666,-0.8582885265350342
10804,10804,1,0.9988839,27.17635162358735,51.27363503162971,567.0469399958561,1.3316273192088188,0.6890131142739461,-0.44656601548194885,0.27104777097702026,-0.8527085781097412
10805,10805,1,0.9988714,26.098089142407826,51.512160748489386,560.4119982931012,1.3256546002144403,0.6690550749575909,-0.4452556073665619,0.2648109793663025,-0.8553493618965149
10806,10806,1,0.9985862,25.522272947393116,50.21460164255699,566.0852592207693,1.3514503639611086,0.6672827028629935,-0.4583766758441925,0.26045575737953186,-0.8497374057769775
10807,10807,1,0.998187,26.053301326891773,51.44738669326481,570.1372027731758,1.3913383670027144,0.699351170601971,-0.48286426067352295,0.26631298661231995,-0.83421790599823
10808,10808,1,0.9980015,25.648503050343535,50.147924556099234,563.6153754478321,1.4122522944435878,0.6854326577632193,-0.49966785311698914,0.2613135874271393,-0.8258615136146545
10809,10809,1,0.9977568,25.901965702576888,49.982035551865515,566.3086977954976,1.4480111210335644,0.687173819360167,-0.5200065970420837,0.2563108801841736,-0.8147993087768555
10810,10810,1,0.9981573,24.828488369501816,48.12058813096157,560.423028116792,1.4584682728457707,0.6368352425094876,-0.5287187099456787,0.23703879117965698,-0.815027117729187
10811,10811,1,0.99745697,23.82390479308627,46.40306679945278,566.3580969488963,1.4999776493604822,0.6344234657209603,-0.5471557974815369,0.23136155307292938,-0.804420530796051
10812,10812,1,0.99805754,23.77370568996675,44.03201578677311,562.7395615850768,1.5764689232807527,0.6551682083344893,-0.5896804928779602,0.23439744114875793,-0.7728743553161621
10813,10813,1,0.9968263,24.88385578109076,42.583769672640074,564.3329795416321,1.6260034773507568,0.6397811050870155,-0.6134876608848572,0.22261826694011688,-0.7576766610145569
10814,10814,1,0.9896436,26.32886580978148,37.57961238671486,573.2321573788466,1.661717804283197,0.6597296399807898,-0.6240545511245728,0.23032520711421967,-0.7466634511947632
10815,10815,1,0.99330115,27.770379751690374,37.450689519846286,573.734464504735,1.7569961535147458,0.7218797235176343,-0.6637983918190002,0.2413581907749176,-0.707896888256073
10816,10816,1,0.9921908,30.0894594723966,37.889758754579255,575.6482223649431,1.8007778146707996,0.8167188273410617,-0.6790984869003296,0.2688124477863312,-0.6830557584762573
10817,10817,1,0.99622005,36.16799090596322,43.494973367293234,564.1231341618659,1.7759829943280796,0.9922141125308082,-0.6771381497383118,0.33085277676582336,-0.6572825908660889
10818,10818,1,0.9835941,38.18550481265354,44.11806180747382,565.1755992536195,1.7496361896363797,1.049858939741347,-0.6658440828323364,0.3544350862503052,-0.6565268635749817
10819,10819,1,0.99163353,40.33396824943021,41.17531312405742,568.1291892989805,1.7151462046780295,1.0090905790602764,-0.6531792879104614,0.34826233983039856,-0.6723616719245911
10820,10820,1,0.99387556,42.73818718576714,37.38178125930271,561.8724415318462,1.647951528341954,0.9188488166518253,-0.6333507299423218,0.33322086930274963,-0.6984488368034363
10821,10821,1,0.99553925,43.07150987250814,36.85441708313191,584.8677310288746,1.5828136345353119,0.8334499201986117,-0.5922735929489136,0.3047831952571869,-0.7458681464195251
10822,10822,1,0.9947707,44.39278949426705,37.265250613446156,574.4412955903123,1.490125870630817,0.7361348593822714,-0.5552824139595032,0.28254029154777527,-0.7821972370147705
10823,10823,1,0.99136084,44.569204636619084,37.544329037159734,580.1882881697711,1.4806756544471535,0.6813789604998516,-0.547311544418335,0.2585926055908203,-0.7959774136543274
10824,10824,1,0.9915714,47.09303351251776,39.06776725573108,591.9758497817878,1.489215293868291,0.6587473143663493,-0.5473520159721375,0.2418069988489151,-0.8012085556983948
10825,10825,1,0.9944478,48.91203465366876,38.26962827352037,595.1301588398582,1.5006932731778022,0.6632045012663552,-0.5530731678009033,0.24201394617557526,-0.797207236289978
10826,10826,1,0.99634004,50.41351279699999,36.40660715165304,602.5833928778185,1.5117597779648582,0.6576060117839181,-0.5552409887313843,0.23846431076526642,-0.796769917011261
10827,10827,1,0.9958397,51.780206774357055,38.3190367014302,610.0323018114245,1.530930375488702,0.6982178925087211,-0.5617977380752563,0.24757128953933716,-0.7893617153167725
10828,10828,1,0.9968123,53.50076291425014,36.627532571720195,607.0844585391391,1.545902956346996,0.6993316481910874,-0.572299599647522,0.24872711300849915,-0.7814141511917114
10829,10829,1,0.99638087,54.167982722356356,36.78837794011503,597.133461781977,1.5206223059040047,0.722082320703864,-0.5664759278297424,0.26372259855270386,-0.7807402610778809
10830,10830,1,0.99708325,54.52911461835644,37.148738637460546,595.8322313091575,1.5082921308986161,0.7535125854463995,-0.5610997676849365,0.2779914140701294,-0.7796716690063477
10831,10831,1,0.9946044,54.97878520545314,37.34282852215321,589.1467340633261,1.4947279580931092,0.7704849625017901,-0.5585416555404663,0.2886331081390381,-0.7776387929916382
10832,10832,1,0.9932742,54.95972483111502,39.12431681636058,589.5206543441832,1.4645504649764476,0.8033753015338047,-0.5421792268753052,0.304188996553421,-0.7832692265510559
10833,10833,1,0.994138,54.196362965280116,37.9930204747111,581.2952293514913,1.4056924609508836,0.7794797576929101,-0.5136102437973022,0.308186799287796,-0.8007655739784241
10834,10834,1,0.9937145,55.330807498122475,39.92876209504976,587.929692455589,1.3373042272721818,0.7773140687159015,-0.4698093831539154,0.31231626868247986,-0.8256740570068359
10835,10835,1,0.9984086,59.21384963168206,38.60242308931128,587.3310652396468,1.2270029887641858,0.7588906857229523,-0.4011344611644745,0.3217625319957733,-0.8576479554176331
10836,10836,1,0.9984145,70.76057790238956,38.43222690209857,602.1597437754408,1.1019586519819016,0.7741791168998251,-0.3170815110206604,0.3366272747516632,-0.8866462111473083
10837,10837,1,0.99706453,77.9510743266973,37.273358836980044,605.7694082184927,0.9475112024233503,0.8237572649266925,-0.20134671032428741,0.37557661533355713,-0.9046556353569031
10838,10838,1,0.9975556,80.2840895540299,37.13096257470112,594.4363513874076,0.7635338819982161,0.8410387132858499,-0.04459841176867485,0.40501880645751953,-0.9132199883460999
10839,10839,1,0.9960305,79.82993747566982,36.47666131206137,592.0266769740937,0.6412689729405379,0.8093147212104425,0.0697532370686531,0.39653488993644714,-0.9153658151626587
10840,10840,1,0.9927752,81.66898178093568,37.162276926222056,611.9462137347399,0.5777339773016285,0.8612033111678302,0.11945319920778275,0.4072326421737671,-0.9054791927337646
10841,10841,1,0.9936325,84.27093481408185,35.99055522034042,595.0241600812118,0.5264384435725722,0.8099516594930143,0.16585324704647064,0.3952765464782715,-0.9034650921821594
10842,10842,1,0.9938678,86.23560904841617,35.44140560332058,603.6529572727433,0.5075760553557972,0.807964595179313,0.17694497108459473,0.38966700434684753,-0.9037976264953613
10843,10843,1,0.99711275,86.35872136164839,34.32188232888717,593.8622350681601,0.4711810751428442,0.7994178407679317,0.21156737208366394,0.39201468229293823,-0.8953008651733398
10844,10844,1,0.9981154,89.47510546860394,31.511058746882885,586.6301978854182,0.4328886785945508,0.7899997653165112,0.24210797250270844,0.3948024809360504,-0.8862926959991455
10845,10845,1,0.99735993,91.87067558833098,31.239965904443523,596.0646461753282,0.42424417293963873,0.8711333844726056,0.23857204616069794,0.4262685179710388,-0.8725700378417969
10846,10846,1,0.9991757,94.99549197193069,29.759417542639188,595.9927887235679,0.48451881455432033,0.9992445985203894,0.17615824937820435,0.4871551990509033,-0.8553643226623535
10847,10847,1,0.9986902,97.39025231803743,28.81010408880354,602.784445240372,0.542883152627807,1.0524462525021498,0.1182289868593216,0.5075631141662598,-0.8534644842147827
10848,10848,1,0.99881184,97.73170964122768,28.42347384517114,607.085791650731,0.6285600209445832,1.0678639694658507,0.04227122291922569,0.5113503336906433,-0.858332097530365
10849,10849,1,0.9991103,94.61567027468794,28.765929287733456,600.8035570750167,0.7153530062490316,0.9831744905978087,-0.02718403935432434,0.4776296317577362,-0.8781406283378601
10850,10850,1,0.99866855,94.78771906023108,28.024405237581206,609.9161644025454,0.8808723856901591,0.9801896621890563,-0.1696152538061142,0.45866984128952026,-0.8722686767578125
10851,10851,1,0.9986884,94.52903077330639,27.87188712819408,612.0364190698772,0.982615926983785,0.9223429438069978,-0.25199851393699646,0.4217401444911957,-0.8709948658943176
10852,10852,1,0.99874145,94.54935503501763,28.49942493713773,618.6359358780118,1.0361095957330457,0.8366530935699347,-0.29202112555503845,0.37396296858787537,-0.8802700638771057
10853,10853,1,0.9931918,81.3606899055667,30.045197170825507,603.0360637020317,1.0865580066964338,0.6390831991279389,-0.3190327286720276,0.2867445647716522,-0.9033248424530029
10854,10854,1,0.9974704,71.7464229161209,30.68176863431417,602.709781021783,1.134817791056862,0.5544999559720001,-0.3415234684944153,0.2425675094127655,-0.9080323576927185
10855,10855,1,0.99655765,63.16696406950022,32.54909074723617,614.7076167957421,1.1479163805830344,0.42287311864881727,-0.33125123381614685,0.17392629384994507,-0.9273738861083984
10856,10856,1,0.990137,55.14934161882305,29.335909564296543,577.8144743760977,1.1463199368102777,0.2604563595769099,-0.33240291476249695,0.10910485684871674,-0.9368054270744324
10857,10857,1,0.9970732,52.268294264383535,28.13739655526348,564.9140728143076,1.1645854877956188,0.13888186156819657,-0.34463879466056824,0.050831932574510574,-0.9373580813407898
10858,10858,1,0.99818665,52.967853716040544,26.474830975432226,579.735416177146,1.1664810894180087,0.03997574539470978,-0.33449092507362366,0.00402601296082139,-0.9423903822898865
10859,10859,1,0.9961159,54.86435713421168,27.93972748783766,585.1616665131311,1.1589205565471752,-0.017091862361657325,-0.3257376253604889,-0.025476068258285522,-0.9451169371604919
10860,10860,1,0.9962845,54.59744038683368,27.709080222079546,585.7326930071886,1.1522292618005916,-0.06002805367479803,-0.31761765480041504,-0.04527640342712402,-0.9471373558044434
10861,10861,1,0.9967288,56.030492984371556,28.131640220410162,585.201989920983,1.1408641699285769,-0.07811728711730666,-0.31023266911506653,-0.054334770888090134,-0.9491066336631775
10862,10862,1,0.99674666,55.80024522379005,28.721507061030206,599.820324193579,1.1595615334953397,-0.040249478830778486,-0.3191206157207489,-0.036882434040308,-0.9469962120056152
10863,10863,1,0.9966131,56.478679129624965,29.50280191781826,592.8844591982158,1.1702433478776784,0.02492224969397142,-0.33489951491355896,-0.008167522959411144,-0.9422184228897095
10864,10864,1,0.9964922,55.63768045952853,29.18625138402918,588.9523589875986,1.1979157963649614,0.07019133657040433,-0.3585730195045471,0.012972015887498856,-0.9334115386009216
10865,10865,1,0.9978393,55.69971783470168,32.63067257908646,609.5526016572452,1.2736601648676003,0.1761771581129966,-0.4053524136543274,0.05281239002943039,-0.9126337766647339
10866,10866,1,0.9922087,54.95040437216587,39.50322084641581,605.4005489977329,1.3631064872654355,0.31927745702224025,-0.47007066011428833,0.10226660221815109,-0.8766841888427734
10867,10867,1,0.99392796,49.16663510666868,43.95816485037077,587.2257749663376,1.409643717898346,0.4270494564103326,-0.5064511299133301,0.1436464786529541,-0.8502194285392761
10868,10868,1,0.99581593,46.41115862645763,45.08520346241851,593.2510395022459,1.4490810547951238,0.535030843039228,-0.5242661237716675,0.18499509990215302,-0.8312171101570129
10869,10869,1,0.99671435,43.85844587320432,42.64703165985063,596.1001080970519,1.4492334012696082,0.588011758696822,-0.5198532938957214,0.21111918985843658,-0.8277567625045776
10870,10870,1,0.99479985,41.735642307380864,42.03596973258154,599.7726981229364,1.4528267823845573,0.6513937779309883,-0.5173355340957642,0.23803749680519104,-0.8220110535621643
10871,10871,1,0.9962895,37.48505682873996,42.699511250845966,571.5226234178679,1.4488937170204228,0.717827931406367,-0.528306245803833,0.2759399712085724,-0.8029629588127136
10872,10872,1,0.9969722,32.64527337095614,43.61403832864352,569.1963730486427,1.445454040989901,0.807934548761068,-0.5212416052818298,0.3160424828529358,-0.7927322387695312
10873,10873,1,0.99638015,32.0753954245013,45.67830152750586,580.7166250751957,1.448751341223146,0.906927388307868,-0.5135660171508789,0.34971246123313904,-0.7835503816604614
10874,10874,1,0.99744415,28.38793528216088,45.28760855588106,556.9652975093982,1.4331708336519606,0.9338740546430011,-0.5137912034988403,0.3755415380001068,-0.771354079246521
10875,10875,1,0.99875486,27.359950193557463,46.51960882702547,574.8775056493905,1.4576343219927645,0.9730425368724406,-0.5152122378349304,0.3777354061603546,-0.7693324089050293
10876,10876,1,0.99821717,24.35632637220262,46.35181622216711,563.9722983225216,1.44904329957795,0.9723522604294046,-0.5133395791053772,0.3850495219230652,-0.7669546008110046
10877,10877,1,0.9972253,20.34135033034958,48.47231241139085,565.1612520067706,1.429462301312751,0.9802077156587935,-0.49654898047447205,0.3898909389972687,-0.7755154371261597
10878,10878,1,0.99717855,19.18419961208522,49.88987614013535,569.3553652665505,1.4106070322899764,1.0080434838162329,-0.480427622795105,0.4013957679271698,-0.7797889113426208
10879,10879,1,0.99597794,18.11771247088385,49.55842283393978,568.7732846425686,1.4175416317651597,1.032339299097212,-0.482818603515625,0.41099515557289124,-0.7732847332954407
10880,10880,1,0.9937943,14.93734298044915,49.90895945758211,571.1955473512413,1.445821933388611,1.071464475217705,-0.4935912787914276,0.4204584062099457,-0.7613031268119812
10881,10881,1,0.9958133,15.31938678723391,49.72029791634639,566.2829453591326,1.4262935781090726,1.0690572419240065,-0.4849317669868469,0.4259268641471863,-0.7638243436813354
10882,10882,1,0.9968753,14.243303391451377,50.53442248211641,564.1775762546227,1.4189768495778199,1.069688513535023,-0.4805256724357605,0.42801788449287415,-0.7654383182525635
10883,10883,1,0.9948626,13.766977709992736,48.382405391470336,563.4700904499713,1.4004768456376684,1.0617824535557057,-0.46825239062309265,0.43178582191467285,-0.7709090113639832
10884,10884,1,0.9945088,15.007694046192134,48.14097706632284,572.5323835473151,1.3790962321179558,1.041275694697961,-0.45157504081726074,0.4228513240814209,-0.7856696248054504
10885,10885,1,0.9955562,17.202729749348716,48.713561052981106,572.7692744788216,1.3565296629429315,1.0571817552796305,-0.43886688351631165,0.4320700764656067,-0.7878523468971252
10886,10886,1,0.9952709,17.48024817234588,47.747365464619854,563.538302752566,1.3406328507194154,1.0556926927217134,-0.4332785904407501,0.4406943917274475,-0.7861667275428772
10887,10887,1,0.9953844,18.32828851219536,47.84545292677398,574.1597803850449,1.3533690952643285,1.0812824546438204,-0.4362533688545227,0.44239094853401184,-0.7835645079612732
10888,10888,1,0.99693906,21.56001816337502,46.33634842207899,574.865461633175,1.3815971685923683,1.1176164485158386,-0.45632919669151306,0.45170193910598755,-0.7666349411010742
10889,10889,1,0.9943494,27.226175468443945,43.89450204949457,580.4359269954444,1.4617427891049557,1.1315569774742371,-0.5069051384925842,0.4392619729042053,-0.7416846752166748
10890,10890,1,0.9964934,32.86654647285877,42.452275234905656,591.6528139619636,1.5122879454020444,1.1217421362995794,-0.5344653725624084,0.4203318953514099,-0.7332584261894226
10891,10891,1,0.99701935,36.54055159274168,40.98688137531456,592.51150709279,1.5300338954838746,1.0531347649929703,-0.5494174957275391,0.39186084270477295,-0.7379603981971741
10892,10892,1,0.99567884,39.62899702861275,39.81636684879484,591.7739573164985,1.527954430833565,0.9592903407192298,-0.5549136996269226,0.3576083183288574,-0.7511239051818848
10893,10893,1,0.9957004,42.160964178939075,40.291652697705395,599.103591099541,1.514620032302032,0.890112195378244,-0.5482826232910156,0.32908618450164795,-0.7688227891921997
10894,10894,1,0.9981925,45.72689850944378,38.30966073087863,599.3224020510278,1.5089596897140451,0.8291466252496881,-0.5496204495429993,0.3075353503227234,-0.7767491936683655
10895,10895,1,0.99903107,52.40752990447897,38.22440167229133,624.7085129457502,1.5424530487480723,0.8092427882938033,-0.5580401420593262,0.2852219045162201,-0.7792558670043945
10896,10896,1,0.99815935,56.510350152576116,36.21043734396701,619.5031169676091,1.5092485190332874,0.766634142679165,-0.5486583113670349,0.27661648392677307,-0.7889596819877625
10897,10897,1,0.9972728,61.920793238693385,34.775492772463174,624.8841026379159,1.506807361231052,0.7189463957841734,-0.5495708584785461,0.25742706656455994,-0.7947975993156433
10898,10898,1,0.9987684,64.88534290494212,35.1085155161723,623.0975619572631,1.478545517766664,0.6726681458961392,-0.5394646525382996,0.2422008365392685,-0.8064221143722534
10899,10899,1,0.99913675,66.4934430102288,36.081292796579014,616.7981685649005,1.461224920043209,0.62968431820326,-0.5361148715019226,0.2270534485578537,-0.8130360841751099
10900,10900,1,0.9984597,69.36564079534124,35.905182946932456,622.5517938364992,1.4631461117757716,0.6031373746457453,-0.5363637208938599,0.21433112025260925,-0.8163185715675354
10901,10901,1,0.99936503,72.8777444075943,37.334922547742565,624.2581003019319,1.444398888859376,0.636565816636131,-0.5293537974357605,0.22712166607379913,-0.8174352645874023
10902,10902,1,0.99921715,75.46756472576563,37.30601400557888,618.2819364509807,1.471398696436934,0.6640984522448085,-0.5495570302009583,0.23613141477108002,-0.8013919591903687
10903,10903,1,0.99828655,80.59721363122209,37.15042872102263,624.4407237937079,1.4646032037563528,0.7219719398640706,-0.5470607876777649,0.25754448771476746,-0.796489417552948
10904,10904,1,0.99707425,85.14298809445403,36.89498099952357,621.9736813287012,1.4344914531450774,0.7643720981763504,-0.5371540784835815,0.27844566106796265,-0.7961994409561157
10905,10905,1,0.99734676,88.61140173022505,37.585729727584045,633.6615413349926,1.4672561962319943,0.8147939647070988,-0.5496903657913208,0.28821080923080444,-0.784075915813446
10906,10906,1,0.9976306,91.14581618966372,37.0332904098974,615.3229137179303,1.4383375966919594,0.839789891733397,-0.5478828549385071,0.30801016092300415,-0.777787983417511
10907,10907,1,0.99742764,99.09787906586031,37.50938180126943,612.3934043731105,1.3992355847480606,0.8473036146344058,-0.5372470021247864,0.3154396116733551,-0.7822170853614807
10908,10908,1,0.9981937,105.95827515573355,36.76231275569776,606.2741366220995,1.3574176646047433,0.8465627721570734,-0.5253865122795105,0.3231574296951294,-0.787107527256012
10909,10909,1,0.9993999,115.77654415656485,38.13184380534205,610.0472169281858,1.3237176930312027,0.8944201695527116,-0.5142402052879333,0.3418583571910858,-0.7865684628486633
10910,10910,1,0.9971571,128.34575431988566,38.427745149194955,623.624895275188,1.299481736584075,0.8971369607842742,-0.506328821182251,0.3381086587905884,-0.7932929396629333
10911,10911,1,0.99631304,133.35894802826292,40.43656542305337,623.5278923456964,1.2601087791851866,0.9414605742808239,-0.4891625940799713,0.3578491806983948,-0.7954017519950867
10912,10912,1,0.99770784,142.82032647489447,40.60702198452161,614.9766840051032,1.2081760461857214,0.9558643143555275,-0.47388243675231934,0.37292811274528503,-0.797721803188324
10913,10913,1,0.998106,158.09577809402904,42.208396845581454,610.6773016704046,1.1386834449561831,0.9494408318106156,-0.4522842466831207,0.377846896648407,-0.8078804016113281
10914,10914,1,0.99820364,165.96439829202404,41.585959319118295,616.0716805078631,1.1099979368667532,0.9702222191168111,-0.440123587846756,0.38716018199920654,-0.8101840019226074
10915,10915,1,0.99689096,169.7641591956705,41.230024569732684,623.2077758459584,1.1051118435431442,0.9951318653144299,-0.4371083676815033,0.3939155340194702,-0.8085585236549377
10916,10916,1,0.99527377,172.3515815932768,41.24237405887001,615.1780237296506,1.1098928239192705,0.9777148602437122,-0.4478474259376526,0.38935694098472595,-0.8048812747001648
10917,10917,1,0.9957086,173.35871507256613,42.50356605148749,624.7874713046945,1.126188866484031,1.0059913343514377,-0.4534594714641571,0.3914434611797333,-0.8007163405418396
10918,10918,1,0.997303,173.41798276936797,41.68876234759351,616.5703047315956,1.1454675711667712,0.9535016919878926,-0.4707450866699219,0.37246036529541016,-0.7997951507568359
10919,10919,1,0.9959454,175.92661109361606,41.472912161380016,626.2651026858681,1.135975008528695,0.9327749093631763,-0.4630899727344513,0.36132219433784485,-0.8093169927597046
10920,10920,1,0.9982408,167.37705214107055,40.891365362454025,611.3167076950144,1.1412048977099496,0.8811779238681836,-0.4656541049480438,0.34899991750717163,-0.8132437467575073
10921,10921,1,0.997079,164.30970029030337,40.91489791146883,612.4334848713428,1.1528605928886735,0.857209483657905,-0.46903350949287415,0.33764541149139404,-0.8160901665687561
10922,10922,1,0.998879,157.58058544878688,42.43766864488118,610.3212210462633,1.161752426460807,0.8795856880539596,-0.4677557349205017,0.345869243144989,-0.8133751153945923
10923,10923,1,0.9974585,162.17246604510433,41.34602418116123,634.4551270777295,1.18894473057595,0.9411288164953711,-0.4741194248199463,0.3563550114631653,-0.8051223158836365
10924,10924,1,0.99601966,150.85889049507196,41.83542397647011,615.7179722326713,1.1985414658001925,0.9228071630041845,-0.47798773646354675,0.3575516641139984,-0.8022995591163635
10925,10925,1,0.99613,142.7613132076568,40.83704113293109,604.5016952717717,1.2119972742539777,0.9211723352160076,-0.4829263389110565,0.3627720773220062,-0.7969809174537659
10926,10926,1,0.9968245,137.1115742183363,42.33338322541237,599.2409228976725,1.2384438388767507,0.910328511752731,-0.4958687424659729,0.3557508885860443,-0.7921839952468872
10927,10927,1,0.99768627,130.20394925138746,42.82772975405177,597.323737708341,1.2590423249306686,0.8579958344059597,-0.5026904940605164,0.33299553394317627,-0.7977570295333862
10928,10928,1,0.9976069,128.5857413726151,43.7214177382888,607.657729954599,1.2830588245155585,0.8276586856275855,-0.5093256235122681,0.3121297061443329,-0.8019741773605347
10929,10929,1,0.99814963,119.46718478889217,42.30956985195658,571.6237459041386,1.283715613716617,0.7114975354661048,-0.5234420299530029,0.279984712600708,-0.8047465682029724
10930,10930,1,0.9975204,117.64658469382444,43.203118495766965,582.4119014165277,1.327261659477229,0.6585802042769331,-0.539850115776062,0.24645833671092987,-0.8048728108406067
10931,10931,1,0.9971903,111.56630706778327,43.818191991558926,575.9890672813723,1.3810125043470423,0.6527054495673318,-0.5669597387313843,0.23886878788471222,-0.7883517146110535
10932,10932,1,0.9977695,110.99317044223193,43.81855974458858,582.4962041971418,1.4188681420825264,0.7114061249924316,-0.5810772776603699,0.2564508318901062,-0.7723873257637024
10933,10933,1,0.99748564,110.43454350044392,43.28492883425175,585.1918409524516,1.465116687926312,0.8038565842132349,-0.5997090935707092,0.2868328094482422,-0.7470448017120361
10934,10934,1,0.9966402,110.85402566524766,38.59066172791602,562.533601521384,1.4479935646313538,0.8649028236689954,-0.6034823656082153,0.3270372152328491,-0.7272246479988098
10935,10935,1,0.99014586,113.3881000464379,36.79299225669974,569.6227301110688,1.4417238210031156,0.9489855397881077,-0.594890296459198,0.3598766326904297,-0.7187450528144836
10936,10936,1,0.9907274,118.33469879640099,32.613419390553034,571.1374290423425,1.4060330454857841,1.0016239308373194,-0.5776506662368774,0.38969162106513977,-0.7172588109970093
10937,10937,1,0.99686795,127.5267882457722,31.23746037120259,573.0149445977326,1.3574777103087254,1.0336563569782051,-0.55889892578125,0.4092806577682495,-0.7211944460868835
10938,10938,1,0.99319047,128.22661277798184,29.174104647968928,558.4779130179467,1.3222285333115238,0.9822964427387137,-0.5512076616287231,0.4054664373397827,-0.7292236089706421
10939,10939,1,0.9968065,133.6880327725691,28.415573089230623,563.4537708937579,1.284626004303567,0.946782684750055,-0.5345436334609985,0.39611607789993286,-0.7465621829032898
10940,10940,1,0.9900558,137.71541938064584,27.530466117500453,574.0263972179042,1.250399342323222,0.890346938215447,-0.51490718126297,0.3753534257411957,-0.7707012891769409
10941,10941,1,0.97850263,136.96667157924261,26.779180640133074,568.3049973722049,1.2176675393797067,0.829432562281361,-0.49973899126052856,0.35992151498794556,-0.7878562808036804
10942,10942,1,0.9890298,138.88679325102567,25.242621833895754,569.8700742716318,1.2149502705872153,0.810303549566306,-0.49946850538253784,0.3532255291938782,-0.7910517454147339
10943,10943,1,0.9850949,135.1308107579219,23.87054709984822,566.1124183550959,1.2141798011032436,0.773019310099721,-0.49750491976737976,0.34202539920806885,-0.7971872687339783
10944,10944,1,0.98710316,132.62245694404768,23.961643371066288,562.8930526867342,1.204931781880983,0.7481587457846456,-0.49137184023857117,0.33477041125297546,-0.8040413856506348
10945,10945,1,0.9966329,130.34953426468013,25.671169755393095,564.2632934757327,1.1857441250094458,0.7659611378236894,-0.4755799174308777,0.34339046478271484,-0.8098806738853455
10946,10946,1,0.9955071,125.93637920817758,28.87899083715727,550.100458018875,1.1697111607682342,0.7502589896708636,-0.4694482386112213,0.3421185612678528,-0.8139860033988953
10947,10947,1,0.9967338,124.41817471637926,27.948417541191105,556.6012209279888,1.1655262036427587,0.7697297449929459,-0.45996662974357605,0.35031989216804504,-0.8159084916114807
10948,10948,1,0.9963748,121.59112758374003,29.923846555161617,562.9127417759007,1.1849832764096895,0.8086488845582529,-0.46511322259902954,0.3591306209564209,-0.8091322183609009
10949,10949,1,0.99461335,113.93395646126237,31.797132254260717,543.3972274246105,1.209558424838868,0.7844140000480787,-0.4849494397640228,0.35256069898605347,-0.8003280162811279
10950,10950,1,0.99690175,110.91606986883711,31.838128982104422,545.8163571820311,1.2531172772178871,0.8073339424162173,-0.5070644021034241,0.35440781712532043,-0.7856721878051758
10951,10951,1,0.99602014,109.52028729064152,33.453405467942154,554.6234781832637,1.2859458635258174,0.7784404147678581,-0.5211215615272522,0.3302435278892517,-0.7870016098022461
10952,10952,1,0.998044,105.31508205255005,32.880969218712586,540.7139466450238,1.2839841801985843,0.7412160718271895,-0.5249265432357788,0.3218466639518738,-0.7879510521888733
10953,10953,1,0.99745625,104.01390711451573,32.59714312040427,544.7953173731338,1.289344247325453,0.7356713349621837,-0.5240085124969482,0.31753888726234436,-0.7903062701225281
10954,10954,1,0.99755484,103.40587610949699,34.32518024375687,542.7728299748111,1.2793557230374453,0.7173611957878638,-0.5193446278572083,0.3095023036003113,-0.7965485453605652
10955,10955,1,0.99838924,101.8747397525285,33.21944507509872,546.6913088421978,1.2701825749779727,0.7512492573411153,-0.508209228515625,0.32671305537223816,-0.7968575358390808
10956,10956,1,0.99811506,102.78335616394031,32.538674309412706,550.3582010125044,1.2386513804462072,0.7655549423732176,-0.4862905740737915,0.337763249874115,-0.8058769106864929
10957,10957,1,0.9958288,105.51860700267567,32.699877563320776,558.3510668567105,1.2653638141651635,0.7638957604346308,-0.5015985369682312,0.32803577184677124,-0.8004945516586304
10958,10958,1,0.99876153,103.26585668147341,31.851011403934535,542.2332509948152,1.2928696155293047,0.789016462980309,-0.525420069694519,0.3427981734275818,-0.7787318229675293
10959,10959,1,0.9971342,107.30914805899562,33.198235016751646,554.7059816176043,1.3148419974009105,0.7957279271284906,-0.5351270437240601,0.33351901173591614,-0.7761469483375549
10960,10960,1,0.99755067,109.92473591755181,33.97967813817291,562.4863660397519,1.2963014687966794,0.8098029849679687,-0.5220677852630615,0.3378378748893738,-0.7831416130065918
10961,10961,1,0.9986595,112.7761019150239,33.91480815657719,572.3899220714865,1.2826885790606548,0.8511869199882673,-0.5099323391914368,0.35282230377197266,-0.7845287919044495
10962,10962,1,0.9975938,115.02715709384795,33.059873928926365,572.6219359713576,1.2721099743417381,0.8514972654897912,-0.5058051347732544,0.3552458584308624,-0.7861053347587585
10963,10963,1,0.9975503,112.27325139432328,32.17901048286223,560.7891757156124,1.2710023937699257,0.8718271392934253,-0.5083548426628113,0.37108945846557617,-0.7770894765853882
10964,10964,1,0.9963947,113.12313213701968,32.22343876340799,559.2582940781515,1.2520561311553007,0.9092143702391225,-0.49741503596305847,0.39065203070640564,-0.7745768427848816
10965,10965,1,0.99703634,109.44629404173692,31.62849979247065,542.6151531812551,1.225565175162367,0.8851775068588684,-0.4870365858078003,0.39570894837379456,-0.7785947918891907
10966,10966,1,0.99764246,116.74927155203831,32.4594751985515,565.9353086810855,1.2207531911910892,0.9262858396512559,-0.4776383936405182,0.399079293012619,-0.7826859354972839
10967,10967,1,0.99633163,111.27214253045211,31.298099167097366,543.8987767963231,1.204651556353816,0.8643558016554651,-0.47543540596961975,0.3900526463985443,-0.7885557413101196
10968,10968,1,0.9963426,112.34809841360287,31.945065224540027,544.6876662033608,1.1917102665173447,0.8540803640788561,-0.4682011306285858,0.38642624020576477,-0.794646143913269
10969,10969,1,0.9971949,116.01199612981277,31.13321757123629,562.1375677991023,1.2060775099308552,0.8472384226951247,-0.47172579169273376,0.3723123371601105,-0.7992861270904541
10970,10970,1,0.9981749,113.11583244953589,32.29643525884115,548.3799055711993,1.2017294808623016,0.7964284881339391,-0.47540152072906494,0.35653528571128845,-0.8042860627174377
10971,10971,1,0.9981369,114.57030817396854,32.43732984410784,552.3724196295252,1.2254073541561004,0.7821068219882149,-0.4905775785446167,0.3435232937335968,-0.8008279800415039
10972,10972,1,0.99798006,115.2092634322305,31.608611529183737,547.2456219413715,1.2459131388028326,0.739699940620023,-0.5084292888641357,0.32430267333984375,-0.797701358795166
10973,10973,1,0.9979976,114.20969816172067,32.52854119421326,560.763279097323,1.2853885306668933,0.7336702794197337,-0.5228855609893799,0.30850690603256226,-0.7946158051490784
10974,10974,1,0.9981787,115.05426611562535,32.26143374900156,548.7838572953227,1.2852978979354721,0.6938081759371618,-0.5323390364646912,0.2956540882587433,-0.7932237386703491
10975,10975,1,0.99844736,116.7118083471698,33.03302259265451,554.9449850913,1.3056178835837609,0.6882293416270102,-0.5422388911247253,0.28614506125450134,-0.7899987697601318
10976,10976,1,0.99843615,117.55833823709686,33.54780820831463,563.5876514508412,1.3080433033934202,0.7013328419327881,-0.5387572646141052,0.28750520944595337,-0.7918846011161804
10977,10977,1,0.9985683,115.84723797715806,32.892641684950725,554.496931595599,1.2921540102275502,0.675885327088406,-0.5338858962059021,0.28339168429374695,-0.7966523766517639
10978,10978,1,0.998338,115.48534664628194,33.25477773519696,556.2134214992534,1.2810064722765788,0.6687627833406515,-0.5259000062942505,0.28091081976890564,-0.802819013595581
10979,10979,1,0.99829346,116.43763042650123,32.89563059661433,558.6928826941704,1.2626550190953896,0.6916900622151155,-0.5139030814170837,0.29339614510536194,-0.8061156272888184
10980,10980,1,0.9981925,118.03374174037583,32.398270719981724,563.308170291945,1.2492975769029686,0.7256490102513683,-0.5039460062980652,0.3091287910938263,-0.8065220713615417
10981,10981,1,0.99818665,119.09659020935175,32.3580063085394,568.6034622807782,1.2478038609504754,0.7672113789171684,-0.5001328587532043,0.3251834511756897,-0.8025726675987244
10982,10982,1,0.9979273,116.37859327601932,32.33326285423697,553.18726763296,1.2258234811758382,0.7897541288890505,-0.4923202097415924,0.3461158871650696,-0.798639178276062
10983,10983,1,0.99790645,120.24847040042003,32.491876100888554,572.2618123831904,1.2372683031453344,0.8657919449155316,-0.4903511106967926,0.3668724596500397,-0.7905443906784058
10984,10984,1,0.99806815,124.56331986589014,31.98025022415006,585.3881135838359,1.2575873934131414,0.917565021994272,-0.4980926513671875,0.37804606556892395,-0.7803748846054077
10985,10985,1,0.9987463,124.92963952545632,27.346500225554745,578.793575938393,1.2702747587746626,0.8873357837859919,-0.5094824433326721,0.3723563551902771,-0.7757437825202942
10986,10986,1,0.9977157,123.02094830579297,23.301902349600272,565.707915288773,1.278273669524972,0.828268670433634,-0.5206460952758789,0.35823822021484375,-0.7749794125556946
10987,10987,1,0.9949044,121.2910035885002,20.997623404329044,558.4377991017102,1.279742356733263,0.7579716171016314,-0.5254719257354736,0.3350822627544403,-0.7820480465888977
10988,10988,1,0.9966942,123.03005395205855,19.948322070791516,562.2349312971038,1.2723674994405838,0.6515519032546682,-0.5224756002426147,0.28988033533096313,-0.8018657565116882
10989,10989,1,0.99646395,122.98192904385968,19.478650686850255,560.9824733163779,1.2653569846386274,0.5240124907756339,-0.5198379158973694,0.23517081141471863,-0.8212571144104004
10990,10990,1,0.99688244,122.57437018976985,20.697091185586,560.2705312996227,1.2302580126457359,0.4057102917378229,-0.49757954478263855,0.18330813944339752,-0.8478282690048218
10991,10991,1,0.99692315,120.32563546896705,23.093703197438362,558.6162144376043,1.2075108827373253,0.4323208714889441,-0.48207977414131165,0.19540676474571228,-0.8540582060813904
10992,10992,1,0.99526805,120.95722344392898,26.85155803096961,559.1485517344396,1.1876083374166404,0.4931858870250871,-0.4706224799156189,0.2205117791891098,-0.8543354272842407
10993,10993,1,0.99748164,120.93129893517433,31.281465019317007,565.0378766362768,1.225252319442552,0.565409590360095,-0.4922908544540405,0.24082621932029724,-0.8364522457122803
10994,10994,1,0.99773175,124.09737143049732,38.07726700791371,585.0177338465197,1.3335835304375088,0.7517020463256472,-0.5463824272155762,0.2897442877292633,-0.7858209013938904
10995,10995,1,0.99606246,123.5112492643806,41.35456311665498,583.0983530710263,1.4903691357011901,0.9176112863641934,-0.6203616857528687,0.32607313990592957,-0.7133216857910156
10996,10996,1,0.9988269,122.11742741812365,46.49667951508121,576.9225031724499,1.7053205538564662,1.1494996539238918,-0.6965848803520203,0.3643719255924225,-0.6180636882781982
10997,10997,1,0.9956462,119.67112221662576,50.382727322394295,576.0038674726161,1.8461410955823976,1.4540306448839058,-0.7219026684761047,0.42602452635765076,-0.5453068614006042
10998,10998,1,0.9941983,120.19801772246312,49.94012756493081,581.4849428817328,1.8324294111558146,1.4849555368380312,-0.7136634588241577,0.4362296760082245,-0.5480768084526062
10999,10999,1,0.9959269,120.3026428335388,48.97581138591309,583.8496597672448,1.8220519232600518,1.4527709694766977,-0.7114723920822144,0.4295465648174286,-0.5561445951461792
11000,11000,1,0.9983069,118.85845129476229,46.749900779712334,578.5048220970726,1.7815504619780058,1.5307294912788185,-0.6946609020233154,0.4637305736541748,-0.549909234046936
11001,11001,1,0.9969343,119.45722318957604,44.411523244917454,573.974815600828,1.760468540380225,1.5634525907440566,-0.6870580911636353,0.48045945167541504,-0.545077919960022
11002,11002,1,0.99282867,121.08081168590184,41.78377239156854,581.8444562882554,1.7586831978652924,1.6597854837020463,-0.6757332682609558,0.5057163834571838,-0.5363166332244873
11003,11003,1,0.98841906,125.99900438434163,39.999235729086,607.7167215414565,1.7747029673321222,1.7996862164088494,-0.6620243787765503,0.5289015769958496,-0.5310243964195251
11004,11004,1,0.98681146,126.21470458050653,38.85228578167008,591.600673702918,1.751220104124997,1.686800073441454,-0.669293224811554,0.5118011236190796,-0.5386151075363159
11005,11005,1,0.9835068,130.57914992187048,39.65973129126081,596.0948417928751,1.723874690408356,1.580342616196488,-0.6695876717567444,0.4862584173679352,-0.561431348323822
11006,11006,1,0.9864405,133.49776116314493,39.910988829974016,594.1197138606567,1.6669517977642765,1.4302520180515976,-0.6637384295463562,0.4559132754802704,-0.5929540395736694
11007,11007,1,0.9833378,136.71479496384714,37.93569626790785,604.2960097012693,1.6594008985417799,1.2537901312688968,-0.6683579683303833,0.4023931324481964,-0.625601589679718
11008,11008,1,0.9642434,137.51239253448418,38.178410513785764,608.5355168728881,1.7097490861952636,1.1436848095903838,-0.689021110534668,0.3572438657283783,-0.6305765509605408
11009,11009,1,0.9833642,137.39516389964243,36.413985607623744,610.9734381645391,1.7205152828999182,1.0895105323823386,-0.6929391026496887,0.33956706523895264,-0.6360265016555786
11010,11010,1,0.9692562,131.89394414712015,36.99381371960941,583.3768385575955,1.6900771682921365,1.006750557178831,-0.6978002786636353,0.32575681805610657,-0.6379320025444031
11011,11011,1,0.98103136,130.53807459528613,35.955480189116095,580.8136662691408,1.6850260087695221,0.9983399062433974,-0.6967233419418335,0.3259805738925934,-0.6389939785003662
11012,11012,1,0.98695576,131.93115682322903,34.85682907845156,595.5100685765127,1.6646524134138427,1.0202766364405453,-0.6815809607505798,0.33377107977867126,-0.6511868834495544
11013,11013,1,0.979556,128.01818579105247,33.716361202366144,594.2762750417564,1.5825714212134094,1.0006727962555377,-0.6501665115356445,0.34408867359161377,-0.677411675453186
11014,11014,1,0.99546546,120.97333910749823,32.76685321239421,578.232478061352,1.5446685297322615,0.9533059451030407,-0.6405163407325745,0.3421398103237152,-0.6875166893005371
11015,11015,1,0.99490744,114.70652864321919,33.9911579801741,579.231585849407,1.4777064861163718,0.9677716616151584,-0.605557918548584,0.35976099967956543,-0.7098391652107239
11016,11016,1,0.99683326,105.47288150934095,34.35357507649102,560.1174349690041,1.4731270998946204,0.9504484565355779,-0.607576310634613,0.3633612394332886,-0.7062716484069824
11017,11017,1,0.9920054,99.47589755559596,35.26124366746149,565.5218911734547,1.5095710997152112,0.9756812011193701,-0.6150358319282532,0.3646543025970459,-0.6991124749183655
11018,11018,1,0.98984957,88.7017448584419,38.16882120666063,543.0508687950922,1.513218941620918,0.9510744117580802,-0.6230129599571228,0.36252260208129883,-0.693132221698761
11019,11019,1,0.99697316,88.30476329356866,42.478996963835414,571.2856691118512,1.6620239372781156,1.0979661877455775,-0.6627529859542847,0.37211090326309204,-0.6498399376869202
11020,11020,1,0.97454935,79.41004968576645,46.47507956879915,546.1210842033485,1.798656817348286,1.296828973561408,-0.7076148390769958,0.4156067669391632,-0.5714476108551025
11021,11021,1,0.9706533,70.90615383374227,54.53498354159004,538.5609609841475,2.0144798770488164,1.665770602983542,-0.7435443997383118,0.47085899114608765,-0.4747985005378723
11022,11022,1,0.9756066,66.6871883876227,57.57817403879071,543.076997530863,2.35925415393306,2.2272528680352415,-0.7707162499427795,0.5219270586967468,-0.36549779772758484
11023,11023,1,0.8846292,64.22823464978516,62.974686492444725,580.4527957451879,2.785721735988227,3.1361584152269883,-0.7640316486358643,0.5829439163208008,-0.27646341919898987
11024,11024,1,0.91276044,55.495001562373865,73.2808811928583,590.361494809173,3.27296122096812,4.491908637710377,-0.7346391677856445,0.6547651290893555,-0.17773009836673737
11025,11025,1,0.9423268,53.68445795204767,75.64038726514408,647.0200871721936,5.8736859603258695,8.866505865211819,-0.7508403062820435,0.6591932773590088,-0.041269782930612564
11026,11026,1,0.9398286,62.110949477187255,94.29403305238152,766.2288411713145,9.188442496966793,14.448872661104417,-0.7552235126495361,0.6554529666900635,0.004355175886303186
11027,11027,1,0.9271451,43.55249220608269,92.43673230750358,679.7709446561292,7.534393826261628,10.954341386022659,-0.7736184000968933,0.6334183216094971,-0.01720183528959751
11028,11028,1,0.91436136,42.80324743254078,92.32221461329137,641.5268105441029,5.680656224431129,7.378529336063187,-0.796946108341217,0.5997557640075684,-0.07190209627151489
11029,11029,1,0.96104467,39.21277178373479,88.89052791681517,607.3433682309559,5.16603268480621,5.937947416212191,-0.8254129886627197,0.5554578304290771,-0.1007966548204422
11030,11030,1,0.93366987,52.87660725354352,98.55067720607774,686.6256758678111,8.419943401750183,8.87418975748374,-0.8650434613227844,0.49921199679374695,-0.049871623516082764
11031,11031,1,0.93241286,54.96308264165887,99.33790898170331,694.0010901738843,12.449494198459941,11.76783444030999,-0.8935721516609192,0.4485257565975189,-0.018800370395183563
11032,11032,1,0.95805514,49.21162888293742,84.10337372705564,636.0106525324073,5.393585476385158,4.707197275040667,-0.8861871957778931,0.44069135189056396,-0.1430503875017166
11033,11033,1,0.9434961,55.701695653740934,84.63717177682172,648.145655965317,3.916408662325686,3.2333363560662525,-0.8701379299163818,0.4263201653957367,-0.24720673263072968
11034,11034,1,0.90432507,66.27135090344528,82.04989398949897,697.875484548521,4.130915940759807,3.449258442667378,-0.8697431683540344,0.42616021633148193,-0.2488660365343094
11035,11035,1,0.88406986,69.11156965471297,80.66165452566287,717.8731584969668,3.5103553461755364,3.03977159334097,-0.8403856754302979,0.44218307733535767,-0.3134104013442993
11036,11036,1,0.84858763,74.97276088782944,75.90528378133588,706.4976507731776,2.948323302281463,2.459560662088836,-0.8143510222434998,0.42955225706100464,-0.39027854800224304
11037,11037,1,0.9166913,67.00816860744008,73.17929684714035,652.5994823858488,2.472088914613973,2.2074162113934492,-0.7693334817886353,0.4683300256729126,-0.4345032274723053
11038,11038,1,0.9392936,68.18294504248497,63.494111487095815,639.2443395704653,2.17402900831502,2.280477274036555,-0.702922523021698,0.5464010238647461,-0.45535242557525635
11039,11039,1,0.8178618,90.56302856882587,61.48314256357128,792.5975245536112,2.5795150829644755,2.9158436836225152,-0.7137805223464966,0.548579216003418,-0.4354059100151062
11040,11040,1,0.9095727,73.02583785737333,60.04683463158318,613.3164845928292,2.1479314323071548,2.443141936979059,-0.6914023160934448,0.5886377692222595,-0.4188895523548126
11041,11041,1,0.79720855,102.79034470997551,47.173945123056065,788.9624032607749,2.496829232457037,3.3446108759329602,-0.6713321208953857,0.6250150799751282,-0.39833325147628784
11042,11042,1,0.9234207,75.01735576883345,51.25669341322364,578.2775410316088,2.049807076949642,2.3240744139405507,-0.6833100914955139,0.6001256704330444,-0.41585636138916016
11043,11043,1,0.98895746,74.00931155052838,50.90897956353955,531.0048723532598,1.9186971352401063,1.9425543291155618,-0.6954173445701599,0.5639475584030151,-0.44537386298179626
11044,11044,1,0.9668214,76.66684211394555,50.427528232230735,540.7906199244609,1.9586330971584467,1.681067511284083,-0.7280066609382629,0.4878634810447693,-0.4816592037677765
11045,11045,1,0.9697481,76.10857057943076,50.95408462441603,538.839473655915,1.7440236640237154,1.2784874327533708,-0.6938616037368774,0.42042282223701477,-0.5846373438835144
11046,11046,1,0.90763766,79.55750166817275,45.09220253576459,556.4246181049433,1.5625714532963348,1.0262202943359309,-0.6280435919761658,0.37080371379852295,-0.6841534376144409
11047,11047,1,0.930769,84.93018402065509,39.239275559933695,560.6527180192957,1.433044850994196,0.7654449231442981,-0.5751551985740662,0.2958901524543762,-0.7626568675041199
11048,11048,1,0.97483635,87.75069460484885,35.774173828310175,558.6097561002798,1.3378290056863211,0.5865376954151874,-0.5275499224662781,0.2371094524860382,-0.8157635927200317
11049,11049,1,0.94436616,91.57053437419908,34.526629477400654,573.3957917864892,1.2667519763007116,0.5947871333158923,-0.47812342643737793,0.24676993489265442,-0.8429131507873535
11050,11050,1,0.9945938,94.2493000757638,32.767808006068435,578.7727085550875,1.1577678498597377,0.7092293819223449,-0.4034093916416168,0.31418296694755554,-0.8593892455101013
11051,11051,1,0.9957698,98.44892447671153,33.02233827655248,581.0662682356941,1.0907518691560933,0.8950013170746405,-0.35609161853790283,0.4048331379890442,-0.8422048091888428
11052,11052,1,0.9933734,103.69197040561721,40.05058038085779,608.4512620238044,1.0483040978376141,1.2252802958923723,-0.3128562867641449,0.5173527002334595,-0.7965344190597534
11053,11053,1,0.99620074,115.9455838607003,49.37146917462396,666.1279753864045,1.0374200704530325,1.7650332383823555,-0.28538286685943604,0.6397901773452759,-0.713600218296051
11054,11054,1,0.99783057,124.58699301549613,57.57704333719595,697.932212126656,1.0252707438213704,2.3226825972687846,-0.26022300124168396,0.7397350668907166,-0.6205449104309082
11055,11055,1,0.9967784,127.56769408366158,61.65837424582753,702.7431432781882,1.0120669647546032,2.7552701650222033,-0.23891250789165497,0.8053191304206848,-0.5425698161125183
11056,11056,1,0.997965,131.16827082419044,62.56617094344929,702.1755101412873,0.9460633640776454,3.0054649219075102,-0.19952620565891266,0.8427120447158813,-0.500025749206543
11057,11057,1,0.99865437,133.6324725631537,61.20629770218068,698.6631145793049,0.8764059783851907,3.1883025176169144,-0.1615269035100937,0.8692073225975037,-0.46731969714164734
11058,11058,1,0.9988601,140.0599864646525,59.44835836125882,714.0417001626478,0.7851790079615663,3.635484625351261,-0.11399339884519577,0.9050232172012329,-0.40980297327041626
11059,11059,1,0.9985191,147.95883001033826,59.69006542825459,725.7381019492174,0.6737745018845894,4.144060227709459,-0.06687778234481812,0.934105634689331,-0.3506765067577362
11060,11060,1,0.9984875,156.07092174901936,62.04415455587346,724.6014730532675,0.49143365308609444,4.403569108029555,0.0007275733514688909,0.9480284452438354,-0.3181847333908081
11061,11061,1,0.9985713,158.9037436391415,60.96116727099436,721.0867479373842,0.3321134918860356,4.596977472365898,0.05817361921072006,0.9546422958374023,-0.2920168936252594
11062,11062,1,0.99906677,168.28593182466776,61.88220175751374,723.8481453604841,0.2430648329972075,4.436918018866302,0.08935218304395676,0.9469356536865234,-0.30875396728515625
11063,11063,1,0.9987471,173.31846033675586,62.54029217656563,682.4681677625832,0.23546344084252124,3.989486167727676,0.10222578048706055,0.9381580352783203,-0.33077090978622437
11064,11064,1,0.99799204,186.29095698042804,59.790317952331314,700.9707183018586,0.22009949166281598,3.860445008192677,0.10145529359579086,0.9275609850883484,-0.3596351742744446
11065,11065,1,0.99846673,175.83864975757558,50.86978037696411,645.9390163656557,0.4574417293730605,2.757783839825713,0.02035549283027649,0.8684325218200684,-0.4953894019126892
11066,11066,1,0.9978403,169.40685303748077,36.57179594671941,627.9023306249927,0.691499507734608,1.8462251031154908,-0.12129969894886017,0.7261860370635986,-0.6767128109931946
11067,11067,1,0.9985782,164.18035481110743,29.026068658549047,614.297698367184,0.8357435686548235,1.2297666212570324,-0.23482932150363922,0.5454828143119812,-0.8045518398284912
11068,11068,1,0.9969054,165.6853720663529,18.288463266526893,621.7043851737252,0.8909513086061217,0.8167549410327273,-0.28151819109916687,0.3833930790424347,-0.8796347975730896
11069,11069,1,0.9954756,176.05732779200267,11.760025928615207,638.5918831202284,0.9355393749362374,0.5544041549520031,-0.321529746055603,0.26396214962005615,-0.909363865852356
11070,11070,1,0.9977259,179.1001143043549,12.118651095369257,640.8103266336863,0.971375987321604,0.38180501292946567,-0.34799066185951233,0.18254446983337402,-0.9195542335510254
11071,11071,1,0.9961701,178.75727815512604,12.919542321626926,628.9271773255048,0.9806151654895703,0.30329856479504924,-0.3582976460456848,0.14816814661026,-0.9217749238014221
11072,11072,1,0.9982017,181.46517390862937,9.96915972538059,619.6571055675187,0.9030717471339741,0.24937875734129886,-0.30844494700431824,0.1348905712366104,-0.9416295886039734
11073,11073,1,0.9981413,179.90171322629854,8.789852689489729,607.8030427109742,0.8046419638055459,0.23596382027436605,-0.23274841904640198,0.13916271924972534,-0.9625289440155029
11074,11074,1,0.9970132,183.9784382021475,9.552878549283127,600.2289120588939,0.6503832748721915,0.26392136375553027,-0.10854780673980713,0.16226232051849365,-0.9807590246200562
11075,11075,1,0.9967573,199.00873930034308,10.409292931480847,600.3998966925537,0.4905692239361036,0.3214129786934005,0.010808447375893593,0.1968044489622116,-0.9803832173347473
11076,11076,1,0.9961952,220.4140665986039,12.401416421235496,646.6105964084629,0.26002318498253835,0.41422576223508983,0.16999387741088867,0.22766700387001038,-0.9587855935096741
11077,11077,1,0.9956008,226.6857535027323,16.34096214429233,646.7339293146784,0.056863055279873904,0.4937781476927458,0.31995001435279846,0.2552972733974457,-0.912389874458313
11078,11078,1,0.99751955,224.45460619299752,19.881823324944992,628.0957362431062,-0.022730104669029746,0.4650469084438722,0.39125895500183105,0.2400311827659607,-0.8884264230728149
11079,11079,1,0.99772316,227.90193283824374,21.737879847442937,632.1456127691547,-0.07416822811686027,0.4982559926453401,0.41958335041999817,0.24883052706718445,-0.8729451298713684
11080,11080,1,0.99786454,228.63671543791148,22.789283186316382,622.6820553796256,-0.11328087390537907,0.5582383318197202,0.44854527711868286,0.27479663491249084,-0.8504668474197388
11081,11081,1,0.9983557,232.39854316571473,25.06595568535792,610.9680592706102,-0.15119816712219528,0.5939421977282765,0.4746784269809723,0.2894080877304077,-0.8312180042266846
11082,11082,1,0.99672806,243.59364063976543,26.765479279918548,625.2763074055847,-0.2389445171340801,0.6431998228570753,0.5053936243057251,0.29796892404556274,-0.8098097443580627
11083,11083,1,0.9989667,257.71093797245805,28.489751192051482,645.3211455922582,-0.301637611341284,0.7444163641069839,0.5106014013290405,0.32704684138298035,-0.7951897382736206
11084,11084,1,0.99913615,254.35823262128872,30.206619276120666,625.8651682383055,-0.2572140306246765,0.7959196287748295,0.4978724718093872,0.35669243335723877,-0.7905020713806152
11085,11085,1,0.9994986,253.0931667794939,31.10440547740572,622.5701005753494,-0.22694462981293237,0.8834143219125679,0.47848188877105713,0.3950112462043762,-0.7842329144477844
11086,11086,1,0.99913764,246.84147982913564,32.74418004958656,600.8844329829815,-0.17726077875793506,0.8809925113188692,0.4675619900226593,0.4064061641693115,-0.7849966883659363
11087,11087,1,0.9990903,249.94358260013257,34.46116878653703,606.125126467016,-0.1616210524560664,0.9091810728050302,0.44954249262809753,0.415921688079834,-0.7905193567276001
11088,11088,1,0.99914086,257.0541010388661,34.76521617566075,625.6929665917672,-0.16554430647225335,0.9653812446925852,0.42969098687171936,0.4296085834503174,-0.7942305207252502
11089,11089,1,0.99922395,255.6450525300744,35.66027719549715,623.7161994432804,-0.11837958557948451,0.9620531926788186,0.4015807807445526,0.43315011262893677,-0.8069162964820862
11090,11090,1,0.99937326,255.5352547119934,36.67884036445068,627.4454050580086,-0.08344374925818752,0.9532098287369924,0.3766297399997711,0.42997294664382935,-0.8205323815345764
11091,11091,1,0.999421,247.71823588350728,36.91387134765052,608.0245506939482,-0.02872543443543376,0.8853346703964773,0.3609698414802551,0.4156078100204468,-0.8348478674888611
11092,11092,1,0.99902153,247.82998432048467,37.40813119461345,613.7255875713751,-0.03901005835186688,0.8726252677040124,0.3664338290691376,0.4055006206035614,-0.837433934211731
11093,11093,1,0.99930274,246.97231627179522,37.525634629377265,617.1959571751994,-0.042350793975631816,0.8739504702260086,0.36830851435661316,0.4035417437553406,-0.8375577330589294
11094,11094,1,0.9993113,248.48798342046175,37.60635154803981,623.8096662070229,-0.08146633839301005,0.8847068618232722,0.3902933895587921,0.4011659324169159,-0.8286959528923035
11095,11095,1,0.9994962,241.24788723871234,36.54540782044152,606.9129925100443,-0.08202227978167381,0.8961508188260717,0.4078379273414612,0.4142085611820221,-0.813694953918457
11096,11096,1,0.99944943,242.60294983652753,33.90410841532398,605.1119505895781,-0.11614217743587088,0.9102626040886467,0.4288415312767029,0.4209138751029968,-0.7993287444114685
11097,11097,1,0.9994242,249.63011515662103,33.73900756880061,621.4982209604135,-0.18642683251421316,0.9573627481687543,0.4542871117591858,0.425252228975296,-0.7828050851821899
11098,11098,1,0.9993505,250.01230036683523,32.73441446081616,619.4311160054314,-0.2212054185734195,1.0032495598139788,0.4730237126350403,0.44083383679389954,-0.7628329396247864
11099,11099,1,0.99929893,252.0715737374102,32.03793108299466,622.1828570444263,-0.21946356664195774,1.00484057485166,0.46786776185035706,0.4417538046836853,-0.7654759287834167
11100,11100,1,0.99921,250.3919618325423,31.59869067748312,616.8231616722418,-0.21571611635552454,0.9791873661098197,0.4719317555427551,0.4351078271865845,-0.7667865753173828
11101,11101,1,0.99925905,249.21482278161332,31.917355166528978,613.4802003873009,-0.20004601557420884,0.943303798034192,0.46792328357696533,0.42409393191337585,-0.7753657698631287
11102,11102,1,0.9990069,251.45943809394487,31.981349052264473,616.4580438708366,-0.1910462488538678,0.8919897688919891,0.46129530668258667,0.4039565622806549,-0.7899529933929443
11103,11103,1,0.9988568,251.9966943059676,31.77552407475527,617.7818612131736,-0.18098659796682842,0.8492358174463535,0.45600059628486633,0.38758397102355957,-0.8011505007743835
11104,11104,1,0.9990459,249.98933152143044,32.72781751946704,611.5197312361863,-0.16674100704453526,0.7828369576185326,0.456609845161438,0.36266252398490906,-0.8123936057090759
11105,11105,1,0.99932873,251.57963212174408,32.247766575038334,612.9382291939609,-0.18047363187764467,0.7583001724667696,0.46385717391967773,0.3513050675392151,-0.813278079032898
11106,11106,1,0.99925905,250.73182879310204,32.162644544324,610.0519874802636,-0.18750385596922328,0.7867795262784347,0.469531387090683,0.36373478174209595,-0.8045106530189514
11107,11107,1,0.9994048,251.55973988194387,32.35946966900473,611.3817990771172,-0.2379899577515682,0.8372283571468374,0.49623411893844604,0.37821364402770996,-0.7814769744873047
11108,11108,1,0.9987495,253.19844464760817,30.847773611465858,609.987467578963,-0.3057961335155126,0.8708438446800324,0.5319784879684448,0.38619309663772583,-0.7535607218742371
11109,11109,1,0.9987503,254.15734046179637,29.671199796492147,612.6276854229496,-0.3694458812978436,0.9052648977465518,0.5609959959983826,0.3916305601596832,-0.7293209433555603
11110,11110,1,0.99806315,256.49286641921987,28.219157766072385,612.1174406163444,-0.4032418094179005,0.8819986352782239,0.577195405960083,0.38094064593315125,-0.7223085761070251
11111,11111,1,0.99872404,257.20539256520095,27.658649041410808,615.1636117770764,-0.38539291773851037,0.8305161042541337,0.56874018907547,0.36343541741371155,-0.7378681302070618
11112,11112,1,0.99879056,256.4749267006354,27.3569874305385,612.3319864681945,-0.3707477781912409,0.7554326869680813,0.567673921585083,0.33717942237854004,-0.7510368824005127
11113,11113,1,0.99863166,257.05624462079123,27.595070105383513,613.9825749323608,-0.36595182760102424,0.7273703853495891,0.565101146697998,0.325857937335968,-0.7579428553581238
11114,11114,1,0.9974986,265.57830019257455,27.47281945933044,633.2235525935379,-0.3919804681458996,0.7081013508140351,0.5595713257789612,0.31121626496315,-0.7681304812431335
11115,11115,1,0.9963408,260.89673491119424,27.01997931584115,622.5103039188722,-0.3291806101274983,0.682476376908578,0.5383750200271606,0.3103586435317993,-0.7834729552268982
11116,11116,1,0.99537057,256.70032694289483,26.868547416704562,616.6908657282698,-0.28671963805426276,0.6360457877159553,0.5244336724281311,0.29651862382888794,-0.7981517314910889
11117,11117,1,0.99643326,265.0981551229969,26.78545989198172,639.8167808671747,-0.3219757797917061,0.561838709720848,0.5238775014877319,0.2572350800037384,-0.8120237588882446
11118,11118,1,0.99864465,260.4915424118688,27.477449332432524,633.4487213811173,-0.3074384883363761,0.524556436524792,0.5256170034408569,0.24288393557071686,-0.8153123259544373
11119,11119,1,0.9991373,258.6817577609414,27.620062983278064,636.2633031828948,-0.2817009548846662,0.4384174756718745,0.5131037831306458,0.20694144070148468,-0.8330065011978149
11120,11120,1,0.99882525,243.56981521761315,28.44449779873584,603.8646305039417,-0.18693583375912903,0.3844240414453339,0.49465033411979675,0.1927320659160614,-0.8474523425102234
11121,11121,1,0.99856704,245.52554089961237,28.51763041599247,611.4365833197759,-0.16540991967112342,0.39067380670778024,0.47371020913124084,0.19481419026851654,-0.8588632345199585
11122,11122,1,0.998505,239.09697455576884,28.20592133886151,600.2110382473253,-0.13110979769857933,0.4306530463796073,0.46541428565979004,0.21744023263454437,-0.8579680919647217
11123,11123,1,0.99866545,252.1365581864355,29.03100864155289,642.91564249745,-0.15505412792108997,0.5452398988776113,0.4370519518852234,0.2549297511577606,-0.862552285194397
11124,11124,1,0.9983444,244.50325140287714,28.412363834656976,629.8089913710744,-0.05716368296047137,0.6544516789431212,0.38387903571128845,0.3132608234882355,-0.8686222434043884
11125,11125,1,0.998384,244.04958407729092,29.57632282334988,633.040970337369,-0.015428375499565333,0.7456375814597903,0.3494809865951538,0.35280025005340576,-0.867983341217041
11126,11126,1,0.9988619,249.96368606351533,29.780525994198882,652.7051007141313,-0.006495535618692388,0.8581010702162462,0.3213036358356476,0.39197584986686707,-0.8620434999465942
11127,11127,1,0.99884784,245.9133217769122,30.343249348893764,648.9796987362527,0.01597178780289216,0.9127141600398124,0.3096117079257965,0.416316419839859,-0.8548808097839355
11128,11128,1,0.99872667,236.4781164723873,29.400232942760596,626.3138559698217,0.04680523232176982,0.9355571373265902,0.30771371722221375,0.43995702266693115,-0.8436527848243713
11129,11129,1,0.9985625,240.24829479821378,29.819756172308832,636.6235743252856,0.028241088053096046,0.9749358688263289,0.31013718247413635,0.4486771523952484,-0.8381549715995789
11130,11130,1,0.99857664,237.44065467697465,30.503822350978865,628.9770749419725,0.028459427185237002,0.995227222366844,0.3159956634044647,0.45978108048439026,-0.829908549785614
11131,11131,1,0.9986357,236.50490721417498,30.459930194372067,626.1047712391106,0.01971187802074211,0.9772768129211986,0.32593390345573425,0.45337018370628357,-0.8295918107032776
11132,11132,1,0.9987734,237.30435345708005,30.407077681328285,626.9953210147677,0.021642663769493233,0.926802952945718,0.32576751708984375,0.4328138828277588,-0.8405638933181763
11133,11133,1,0.99874747,237.74101972363107,29.829541713992302,625.0842135258263,0.026983753240076864,0.8934537780652709,0.32361477613449097,0.42138704657554626,-0.8471755981445312
11134,11134,1,0.99860317,241.5085204227357,29.282933971738938,631.9567576483126,0.04332070892559752,0.8269019485095318,0.30614611506462097,0.39224833250045776,-0.8674190640449524
11135,11135,1,0.9983925,238.4969207430996,29.076831860153543,621.7938576186201,0.08081659412272924,0.7584721096529409,0.2886354327201843,0.36994245648384094,-0.8830810785293579
11136,11136,1,0.9983529,238.52382009098176,29.38512999441731,623.9998801091639,0.10740762083398271,0.7609005101768879,0.2665163576602936,0.37087565660476685,-0.8896180391311646
11137,11137,1,0.99850345,236.9299794302253,28.69762245717079,622.639114292932,0.12642067936112467,0.7693985360815916,0.25367075204849243,0.3770584762096405,-0.8907738924026489
11138,11138,1,0.9993144,236.5178953330288,28.52930903134407,627.1397661749613,0.11497677836623094,0.8298946527891458,0.25931450724601746,0.40070781111717224,-0.8787429332733154
11139,11139,1,0.99933654,238.6042729254577,28.47030818391821,638.548285515874,0.0941866619377718,0.8655213008282129,0.26684775948524475,0.4087476432323456,-0.8727643489837646
11140,11140,1,0.99909997,232.38422206508804,28.9316848432388,630.3024242548045,0.10456588152242166,0.8317411028452742,0.27249011397361755,0.39790117740631104,-0.8760273456573486
11141,11141,1,0.99836355,228.05600870744217,25.961165053249374,621.8953471810573,0.09512322684651718,0.8369415875111179,0.2887519598007202,0.40744444727897644,-0.8663782477378845
11142,11142,1,0.99798524,230.72590491184198,22.38808992199166,626.5704598368561,0.05034794193172532,0.8507452839374172,0.3159278631210327,0.4127262532711029,-0.8543106317520142
11143,11143,1,0.9985934,232.16077819708082,21.123676359019957,627.3199808798134,0.03633739900538647,0.841188164053519,0.32428547739982605,0.4091761112213135,-0.8528856039047241
11144,11144,1,0.99812657,240.90363109529153,22.452047266596725,649.9162552558802,-0.027595958538009873,0.8508508996980416,0.34854769706726074,0.3963944911956787,-0.8493443727493286
11145,11145,1,0.9980623,240.34846239285866,24.585388700467025,645.9719837171989,-0.04459588794698274,0.7954680709366748,0.36597150564193726,0.3714728355407715,-0.8532718420028687
11146,11146,1,0.9990716,232.52240048234395,28.296829394836113,615.7627330555642,-0.026993160039981312,0.7816933231600887,0.38009366393089294,0.3752627670764923,-0.8454033136367798
11147,11147,1,0.99884605,245.78636303029273,31.547543924804373,629.9540707465321,-0.08243426110751267,0.8043482441502124,0.3940739035606384,0.37176260352134705,-0.8405345678329468
11148,11148,1,0.99919254,266.0594270784114,32.466756758173354,667.714172299499,-0.1734451212282335,0.8417573193033293,0.40888068079948425,0.36515143513679504,-0.8363498449325562
11149,11149,1,0.9995011,260.89658596923636,33.19340316193288,649.4527483118487,-0.16669188428573875,0.8230957301130744,0.4209514856338501,0.3642924129962921,-0.8307170867919922
11150,11150,1,0.99946445,261.37226940042234,32.98828279565512,644.3258321096322,-0.18662667247447493,0.8379129557319016,0.4350517988204956,0.3710813820362091,-0.8203831911087036
11151,11151,1,0.99923456,257.19255951343644,33.17491920742497,627.0457949390884,-0.17330847887584178,0.8266431566188402,0.4413515031337738,0.3743833899497986,-0.8155034780502319
11152,11152,1,0.99884856,260.9679373615645,34.75033125413662,631.0936229938097,-0.20173992721109651,0.8591487541983878,0.45147714018821716,0.3817642629146576,-0.8064889907836914
11153,11153,1,0.9985429,262.25963446913994,34.1564330696795,626.0896637768727,-0.21110391141014428,0.8638770872867203,0.4581484794616699,0.38604581356048584,-0.8006676435470581
11154,11154,1,0.998755,265.99136378436043,32.69775376589404,631.3795422571172,-0.23274248826428215,0.873678771902604,0.4634462296962738,0.3879953920841217,-0.7966663241386414
11155,11155,1,0.9984376,261.5519392428709,31.926137560779853,618.9415483929689,-0.2308907346113168,0.8400832633102442,0.4759656488895416,0.3801242411136627,-0.793071448802948
11156,11156,1,0.9983014,265.79291493196405,32.32996650932276,626.9148761093314,-0.2640770813008688,0.8237769405521923,0.4877696633338928,0.36698880791664124,-0.7920858860015869
11157,11157,1,0.998059,270.5957734781737,31.711277877559677,639.7856063230173,-0.30543304835142276,0.7940738524843528,0.5007598400115967,0.34748849272727966,-0.7927743792533875
11158,11158,1,0.9985172,268.52854489856287,31.84064251967436,634.4345757683267,-0.2906675090024637,0.7190526710403444,0.5010291337966919,0.3201826214790344,-0.804023027420044
11159,11159,1,0.99869615,265.67152931463994,30.89021564953643,632.6391359692026,-0.27531542965250994,0.6438111346021566,0.499024897813797,0.2917953431606293,-0.8159838914871216
11160,11160,1,0.9987546,267.19160364127316,29.446534423322316,640.342446466363,-0.27018750417024656,0.6006134881583685,0.4909473955631256,0.2738198935985565,-0.8270388841629028
11161,11161,1,0.99891067,264.8487091737803,28.79051975047264,639.9851339881667,-0.2576408674899129,0.5212286883241087,0.4884437322616577,0.2418411374092102,-0.8384125828742981
11162,11162,1,0.9990326,267.096614547552,28.978707120166167,647.5568237558492,-0.2537011681234085,0.5044235536672415,0.47950828075408936,0.2328726351261139,-0.8460745811462402
11163,11163,1,0.9989643,268.8840065690082,29.68334888237551,653.361797742349,-0.25347501338137657,0.4655675587441809,0.4748639464378357,0.21417012810707092,-0.8536014556884766
11164,11164,1,0.99839514,269.87864637380153,28.485327459148333,655.3634673536664,-0.23375123387856672,0.44033926516464855,0.46086594462394714,0.205677330493927,-0.8633072376251221
11165,11165,1,0.99877924,273.39652206059014,28.918410513269524,665.5987976185606,-0.2484637464431182,0.4327661135936465,0.4601407051086426,0.19914160668849945,-0.8652244210243225
11166,11166,1,0.99808633,275.28318371868727,29.055791115921693,671.2266827627342,-0.23857230484839012,0.45552209203778926,0.44848230481147766,0.20772533118724823,-0.8693180084228516
11167,11167,1,0.9985765,269.71221525365587,29.17363867902273,662.2796183397817,-0.21205072028877545,0.47700124331893373,0.4431406855583191,0.21939529478549957,-0.8691904544830322
11168,11168,1,0.9981927,269.873097889385,29.154214557367805,661.6722980802062,-0.2142249503102887,0.5441098679325256,0.4431869685649872,0.24782289564609528,-0.8614924550056458
11169,11169,1,0.99791366,269.0086823680279,28.995972122341158,664.3151282658911,-0.23404684650411134,0.5579079120009824,0.45456671714782715,0.25171494483947754,-0.8544055223464966
11170,11170,1,0.99766505,266.1101769824297,29.365905841659032,657.1795341338483,-0.2422218404001664,0.5614861313505317,0.46679314970970154,0.25393474102020264,-0.8471253514289856
11171,11171,1,0.99915314,269.1960951023067,29.996669280774125,667.7365726102911,-0.2977376752133591,0.6005985548889833,0.4890100359916687,0.26282256841659546,-0.831741213798523
11172,11172,1,0.99910814,264.5556513227943,30.167214501948212,656.4323270268179,-0.31132807740573176,0.6293068023408346,0.5072246789932251,0.2758197784423828,-0.816484272480011
11173,11173,1,0.9990588,263.9203442144754,29.727120548185297,652.3931734646624,-0.33215029652396294,0.6839597253825622,0.5197259783744812,0.29768961668014526,-0.8007907867431641
11174,11174,1,0.99877566,267.68705533244196,29.164271489014528,659.1913652744477,-0.36544546105179176,0.7260440039847367,0.5281565189361572,0.3104516565799713,-0.7903609871864319
11175,11175,1,0.9987192,266.04022676988285,29.73795086110583,654.957119398134,-0.37011660742163,0.7458911400845974,0.5339658856391907,0.3180188238620758,-0.7834185361862183
11176,11176,1,0.9990332,263.09716607909326,30.34754938079504,647.7202061257932,-0.35624361253403014,0.7886675464140742,0.5319074392318726,0.336960107088089,-0.7768734693527222
11177,11177,1,0.9963168,263.1962768611275,31.065863547443726,647.3875738227135,-0.34633665825665544,0.801573353007235,0.5262722373008728,0.3422265946865082,-0.7784076929092407
11178,11178,1,0.99619246,265.3256125875416,31.546502927694878,653.3220185621116,-0.3519795253304708,0.7991537955728877,0.5240387320518494,0.3384750783443451,-0.7815485596656799
11179,11179,1,0.9961195,267.3121787958613,32.16345197170787,658.0694931918223,-0.3545116244268751,0.7920019351722973,0.5212134122848511,0.3334880471229553,-0.7855713367462158
11180,11180,1,0.99681854,271.4926462350625,31.112542342602747,666.9447685451556,-0.36975122528387583,0.7766350589383564,0.5206353664398193,0.3252660930156708,-0.7893927097320557
11181,11181,1,0.99668926,273.5526074867536,31.94977838171155,674.1782791291548,-0.37935278021278057,0.7736509083146073,0.5199691653251648,0.32020410895347595,-0.7918974161148071
11182,11182,1,0.9977041,273.013841963053,32.29561251049349,671.3893806216398,-0.39494882493124966,0.7481553382273487,0.5312790870666504,0.309536337852478,-0.7886252999305725
11183,11183,1,0.99783,265.17177853007075,32.37665686904082,652.9654538759991,-0.3763781326989008,0.7048167456704444,0.5415074825286865,0.2987177073955536,-0.7858355045318604
11184,11184,1,0.99792755,266.0843363067025,32.41547859291729,654.3283594531996,-0.3885951558073668,0.6870850801802769,0.5468266606330872,0.29045042395591736,-0.7852510213851929
11185,11185,1,0.99766904,267.863641532796,31.926831266752107,660.1925145363921,-0.39558868670024877,0.7141766550454175,0.5441692471504211,0.2994471788406372,-0.7837163209915161
11186,11186,1,0.9977355,261.75263859241676,32.351510769301626,645.0720805539214,-0.37260400989463155,0.7172644427457852,0.5469882488250732,0.30575042963027954,-0.7793077826499939
11187,11187,1,0.9981287,267.53562258199923,31.987637339698853,658.6069142164325,-0.4130384998357466,0.7785508039491187,0.5515710711479187,0.3226378858089447,-0.7692036628723145
11188,11188,1,0.99800414,262.00175363078506,32.944876746265265,645.4396324190344,-0.418294118078579,0.7881865394567276,0.5666726231575012,0.32762303948402405,-0.7560062408447266
11189,11189,1,0.99863416,269.89335239273095,32.50081425182906,663.3930075675806,-0.46220937753580554,0.8339963278938797,0.5682987570762634,0.33647584915161133,-0.7508799433708191
11190,11190,1,0.9983991,268.6730343529237,32.50152918743649,659.0285581747231,-0.4580986691962075,0.8450769242324456,0.5693308115005493,0.34210795164108276,-0.7475457191467285
11191,11191,1,0.99777347,261.15317550400624,32.70151358063922,640.8328744454501,-0.426253862126514,0.8506711893492077,0.5708078742027283,0.35182011127471924,-0.7418901324272156
11192,11192,1,0.99858236,267.18170537881696,31.901362954931418,656.0850614932762,-0.463402048169537,0.8905404938721531,0.5723081827163696,0.3592895567417145,-0.7371394038200378
11193,11193,1,0.9990802,261.2501041080321,30.64683501017143,642.1749684293584,-0.4021930867347283,0.9093038952131441,0.5542352199554443,0.3783206641674042,-0.7414154410362244
11194,11194,1,0.9990464,264.7840806071418,29.539311589634696,654.0246603447503,-0.36509482676704763,0.9575153413229636,0.5221754312515259,0.3980914056301117,-0.754225492477417
11195,11195,1,0.9990396,245.60785606857164,27.05353788915446,607.8227531042327,-0.21334074431367447,0.9359846858580947,0.4823361933231354,0.4271010756492615,-0.7648113965988159
11196,11196,1,0.99915624,250.49824842844964,26.673189964188992,617.2933490379701,-0.17313031178447444,0.9609614248389527,0.44477540254592896,0.43918830156326294,-0.7805693745613098
11197,11197,1,0.9980153,248.32466147428866,27.17742184860498,608.386874932988,-0.11398113562175365,0.9332429042833597,0.41507914662361145,0.43882474303245544,-0.7969580292701721
11198,11198,1,0.9977798,246.8569963003366,26.62919293254897,604.343748520742,-0.07197529995554577,0.9273573575838714,0.3901301920413971,0.4437620937824249,-0.8067674040794373
11199,11199,1,0.9977259,249.37814025803164,26.400819185805073,608.4299434562184,-0.049572445958687414,0.9188161752444771,0.36920714378356934,0.4413313865661621,-0.8178709149360657
11200,11200,1,0.99741626,249.22661405672545,26.630024317421288,609.7652216227502,-0.047029361540493586,0.9048842759277403,0.3678259551525116,0.43477413058280945,-0.8219948410987854
11201,11201,1,0.99739385,253.63374420518355,26.674218891532764,617.6449718688846,-0.06163398664395499,0.9043009048822322,0.3686930239200592,0.4297301471233368,-0.8242557048797607
11202,11202,1,0.9973936,250.9472867581892,25.92865284904052,610.1138756586854,-0.05365332416278013,0.8615365897396504,0.37243926525115967,0.4172135889530182,-0.8289884924888611
11203,11203,1,0.99783236,252.402237687891,26.57254064792978,614.744524405346,-0.06938549724184395,0.824500236294037,0.38168638944625854,0.3971412479877472,-0.8346222639083862
11204,11204,1,0.9982961,270.70514161354475,26.433388283865167,658.9409746596215,-0.15489022013439968,0.8420120059458948,0.3941648304462433,0.37931790947914124,-0.837109386920929
11205,11205,1,0.99822575,265.1270335541761,26.99558035567391,647.6474155063098,-0.14444525901277716,0.7916217547906764,0.40219008922576904,0.363114595413208,-0.8404706716537476
11206,11206,1,0.9989988,245.53736677502127,27.557240074799314,600.6925049475811,-0.082118920224401,0.6918331456958446,0.41418638825416565,0.342232346534729,-0.8434019088745117
11207,11207,1,0.9992557,258.7742492341742,27.19300218397954,638.6858151168994,-0.13908172792670823,0.6946305711986154,0.4153797924518585,0.3254299461841583,-0.8494439721107483
11208,11208,1,0.99867815,243.48539498805735,26.461725902304106,601.6197797886917,-0.08995157756034555,0.631492153472378,0.42426422238349915,0.31516802310943604,-0.8489222526550293
11209,11209,1,0.9978023,251.35078338755406,26.100331118401176,619.3071311340527,-0.1309250622401127,0.5709573652793082,0.4342653453350067,0.28000780940055847,-0.8561595678329468
11210,11210,1,0.99894994,254.8395652428787,24.51790288329973,627.641452353089,-0.2033656915783032,0.4708096522045321,0.4746159017086029,0.23133058845996857,-0.8492501974105835
11211,11211,1,0.9988257,249.27270537385826,24.69698519620836,615.254370223806,-0.22376906527401494,0.335483384222954,0.5035566091537476,0.1727565973997116,-0.8465139865875244
11212,11212,1,0.9976573,251.2351135403553,23.272646679170492,615.5372673348324,-0.2650572945110672,0.17905306819978367,0.5257976055145264,0.10481381416320801,-0.8441272974014282
11213,11213,1,0.99774593,259.95020740811276,21.73119704919814,634.8103260283625,-0.33885777218774715,0.07845215830882092,0.5441104173660278,0.0621858686208725,-0.8367059826850891
11214,11214,1,0.99770325,260.8464912127998,21.375378855464437,634.6550014563255,-0.36871998327862143,0.045701193409594554,0.5584448575973511,0.049298666417598724,-0.8280755281448364
11215,11215,1,0.9967284,261.7577958821393,22.0065711784589,637.3843428394006,-0.39933222340387686,0.022917572313139574,0.5709339380264282,0.03926991671323776,-0.8200563192367554
11216,11216,1,0.9974832,262.32792052938174,22.56160683081526,637.2980374767716,-0.38798243358008067,0.16901118375517699,0.5669358968734741,0.09792434424161911,-0.8179208636283875
11217,11217,1,0.9977458,260.5047425797289,22.550688821235962,633.353728543066,-0.33308501203223784,0.2632105484051149,0.5427497625350952,0.1386326104402542,-0.8283740878105164
11218,11218,1,0.9972657,263.159282611379,22.16703022590721,639.9276742834945,-0.267553968688834,0.37609161026659693,0.4979642629623413,0.18848098814487457,-0.8464670777320862
11219,11219,1,0.99689674,250.4831413011948,24.078724558268117,607.8593336388734,-0.16733509217221815,0.49634183158303896,0.46819552779197693,0.25093844532966614,-0.8472442626953125
11220,11220,1,0.99835557,258.85078259112714,24.320640979712476,631.6355787032601,-0.1678447556622007,0.5690592832451349,0.4420977532863617,0.2760889232158661,-0.853419303894043
11221,11221,1,0.9982673,259.80125832946123,25.357271105034442,639.4158387000078,-0.13607501106441167,0.5975455408418857,0.41485342383384705,0.28643301129341125,-0.8636276721954346
11222,11222,1,0.9984029,254.99544735374752,25.386598351293497,627.747637997012,-0.1006232672828582,0.6362655428325177,0.40176308155059814,0.3093685209751129,-0.8619034290313721
11223,11223,1,0.9987419,248.63493683405352,26.441314207744398,613.2521866343608,-0.0666347565210432,0.6357369412950841,0.39421746134757996,0.3149474263191223,-0.8633659482002258
11224,11224,1,0.9983941,251.53563520968126,26.57753285834549,624.2720124663786,-0.07568519849736027,0.6931636228067297,0.38867124915122986,0.33525919914245605,-0.8582167029380798
11225,11225,1,0.99868137,249.3257997224961,27.74700819321988,621.3561369056005,-0.07940944263447523,0.7284775982986876,0.394461989402771,0.3495863378047943,-0.8498170971870422
11226,11226,1,0.9990308,251.5731970609124,27.755104799270228,629.5375424585701,-0.08220887220117609,0.7683157229349246,0.38745802640914917,0.363079309463501,-0.847378134727478
11227,11227,1,0.9989353,256.94157967250845,27.822888414897097,643.4713316125171,-0.09948650966119253,0.8330426515948831,0.3825130760669708,0.382999062538147,-0.8408302068710327
11228,11228,1,0.9991468,255.74430698826492,28.642531501910202,641.5821843107884,-0.10048657916404664,0.8792595471406702,0.3835119307041168,0.4012981653213501,-0.8317922949790955
11229,11229,1,0.9991416,255.5329927946391,28.154627248952853,639.8867189379374,-0.112374782282122,0.8883122173490623,0.392069011926651,0.40523743629455566,-0.8258719444274902
11230,11230,1,0.99914324,257.2699008498632,29.202569439677017,642.3891503349246,-0.12094609165705333,0.9117526076352493,0.39342546463012695,0.4116169214248657,-0.8220632672309875
11231,11231,1,0.9992342,259.0848044010725,30.668391123553988,643.2164175506083,-0.1395432952297342,0.9129579174636042,0.40341511368751526,0.40849006175994873,-0.8187747597694397
11232,11232,1,0.9991986,261.51565779348283,32.37592949750215,644.933907464521,-0.1530357149043047,0.9231809726262283,0.40830540657043457,0.4088287651538849,-0.8161775469779968
11233,11233,1,0.9990602,253.80265534870375,33.263113500445854,623.8738196101273,-0.12440600288634965,0.8982638217366271,0.41103821992874146,0.40926679968833923,-0.8145847320556641
11234,11234,1,0.9992632,263.7848195483536,34.304674432521416,648.8006425443799,-0.1593758460859885,0.9649945380546077,0.4059434235095978,0.42080745100975037,-0.8112527132034302
11235,11235,1,0.9992818,253.44480953715228,34.81806013584552,625.4614713832888,-0.10499164880466938,0.9578274361427737,0.39445406198501587,0.4324434995651245,-0.8108012676239014
11236,11236,1,0.99915755,258.462247099286,33.956983060056565,641.7318370099342,-0.08480331465681451,1.0040376049093327,0.3636169731616974,0.4462309777736664,-0.8177167177200317
11237,11237,1,0.99920493,257.32487198035193,33.68433739958643,643.0552777528547,-0.05099436216720022,1.0219106082209612,0.33983731269836426,0.45570507645606995,-0.8227049708366394
11238,11238,1,0.9985033,244.34808700711574,33.63740353027658,617.6438826467293,0.032479111852118485,0.9844546754414037,0.30915120244026184,0.4602648615837097,-0.8322150707244873
11239,11239,1,0.9982389,246.2990635159997,31.656403947047142,628.9417908699419,0.06196808502476267,1.0042977382512719,0.27796322107315063,0.46663346886634827,-0.8396366238594055
11240,11240,1,0.99869066,244.88869033184278,31.74598698811467,631.3169857242584,0.09170982842667805,1.0326807598562915,0.2547781467437744,0.4782024025917053,-0.8404822945594788
11241,11241,1,0.998725,238.04365890835302,31.613666947978853,616.2224918686924,0.14536074693676382,1.0270992731493533,0.22758986055850983,0.4880954623222351,-0.8425946235656738
11242,11242,1,0.9984919,234.60065144841658,30.480071519364927,612.45933492919,0.18585088410477363,1.0401394796262744,0.2000575214624405,0.4989776015281677,-0.8432071805000305
11243,11243,1,0.9984707,233.03933129780316,28.935271371349074,613.5722656820393,0.24317223992660797,1.051352161796129,0.15371152758598328,0.5068264007568359,-0.8482332825660706
11244,11244,1,0.99856156,232.35614778463412,28.94994651042712,612.7928057912574,0.3397070513445321,1.0313687232955007,0.07305227965116501,0.500760555267334,-0.8624976873397827
11245,11245,1,0.9989519,226.604832758627,29.23391453042632,602.2493400564811,0.49429859828911643,0.9873112054615639,-0.05239648371934891,0.485000878572464,-0.8729425668716431
11246,11246,1,0.9987729,226.36181019185108,29.357875597760273,605.0366535479882,0.5914861586709295,0.9880994295116848,-0.13664409518241882,0.47596266865730286,-0.8687853813171387
11247,11247,1,0.9988512,224.83664206202272,29.069569402554176,599.857652611542,0.663091660374524,0.9650600506049177,-0.19643202424049377,0.46296578645706177,-0.8643361926078796
11248,11248,1,0.9988726,229.47608358306556,29.462788120094416,615.270629865466,0.7278991211098204,0.9472020052096565,-0.25187981128692627,0.43660831451416016,-0.8636722564697266
11249,11249,1,0.9988475,226.7526229832612,30.415471102318506,607.7557992609463,0.7557047624583173,0.8699042664802031,-0.27357837557792664,0.4038679599761963,-0.8729522228240967
11250,11250,1,0.99865377,227.72236093386644,30.153486629735024,610.359117070237,0.7186663748112846,0.8381100365332222,-0.24458244442939758,0.39325109124183655,-0.8863030076026917
11251,11251,1,0.9985877,227.9843198055456,30.283050347614648,611.4567992735537,0.692059320410976,0.8145251964513424,-0.22293256223201752,0.3849695026874542,-0.8956000804901123
11252,11252,1,0.998569,225.14341121022917,29.567539805856626,602.4356608827376,0.6161456539699594,0.7820700535362541,-0.15616506338119507,0.3844345808029175,-0.9098475575447083
11253,11253,1,0.99848324,227.65919394038906,30.323406504337772,610.077241772855,0.5582985351547359,0.7865387610917942,-0.10796041041612625,0.3853244483470917,-0.9164440035820007
11254,11254,1,0.99824226,227.6214553631014,30.44672286778682,609.0599117100265,0.5112315535326891,0.7916449325859829,-0.06618261337280273,0.3912249803543091,-0.9179121851921082
11255,11255,1,0.9987286,224.82104217247877,29.92300183040305,597.5027126799275,0.4693866161970512,0.7804629410340079,-0.023983895778656006,0.3962510824203491,-0.9178289175033569
11256,11256,1,0.9986326,226.36967307141586,30.326980035704036,601.58727711968,0.4453972437276672,0.8093535188782032,-0.005123556591570377,0.4075186252593994,-0.9131825566291809
11257,11257,1,0.9984438,228.9153106848296,31.112943893057558,607.9291277106887,0.4273495509111341,0.8144124602589142,0.00680175144225359,0.40532687306404114,-0.9141465425491333
11258,11258,1,0.9987288,228.90875243192477,31.34943380327262,608.9096501767201,0.4323397202807882,0.8011909206112964,0.002562188310548663,0.3981179893016815,-0.9173306226730347
11259,11259,1,0.9986541,227.31690282646505,31.25824197170233,603.724406806623,0.4630913727715791,0.8063064560406049,-0.022791625931859016,0.4026627242565155,-0.9150645732879639
11260,11260,1,0.99850464,225.22422368332457,31.525749424471783,598.9796859355823,0.48605326073196126,0.823478219353397,-0.0406489335000515,0.41219931840896606,-0.9101864695549011
11261,11261,1,0.998125,227.08603706059648,31.59106647142818,603.5266376229374,0.5010100683643166,0.8488290217894395,-0.057439226657152176,0.4198720157146454,-0.9057639241218567
11262,11262,1,0.9979474,224.17495115895747,32.280266685822795,597.9204223623072,0.5100590004251507,0.8911940678818631,-0.06173628941178322,0.44132888317108154,-0.8952192068099976
11263,11263,1,0.99784124,227.64793796663014,31.381343989749514,606.9593950135732,0.44179324478065213,0.9799443487103908,-0.007267416920512915,0.47825995087623596,-0.8781883120536804
11264,11264,1,0.99782974,226.65677729559096,31.704846321167178,605.2217419301555,0.39196672151891215,1.0676593553837237,0.03653748333454132,0.5168079137802124,-0.8553213477134705
11265,11265,1,0.9980434,225.38465698453442,32.25236847174957,600.6131948208587,0.3307735116419516,1.156144412153614,0.08972278982400894,0.5545567870140076,-0.8272947669029236
11266,11266,1,0.9984156,225.70061278786702,32.54235855145106,598.7344693687266,0.27513569314031977,1.1970848890451056,0.1354856789112091,0.5698805451393127,-0.8104811906814575
11267,11267,1,0.99822813,220.94552253254218,32.02553300500245,589.1395045962813,0.2641718804312672,1.178715495085566,0.15504057705402374,0.5697506666183472,-0.8070604801177979
11268,11268,1,0.99827933,222.01479219805128,31.71878908274672,590.1110993713129,0.2567285244866903,1.1566416732062161,0.16048423945903778,0.5608193874359131,-0.8122354745864868
11269,11269,1,0.9982786,225.54241576555933,31.432534179111375,597.6722439575157,0.2352084023724065,1.1354883368817736,0.17238430678844452,0.5469409227371216,-0.8192309141159058
11270,11270,1,0.9980989,234.71352262566324,31.86674757599944,620.4807554224197,0.20948717138880532,1.076723261331469,0.17686070501804352,0.5075322389602661,-0.8432860374450684
11271,11271,1,0.9983902,239.07514965364498,31.75339099688232,630.37670491379,0.14864221627093577,1.0572106928742888,0.21772362291812897,0.4910006523132324,-0.8435133695602417
11272,11272,1,0.99866796,236.580817598651,32.65480563068777,623.6792991231514,0.11978468618568062,0.9820396968449452,0.25031185150146484,0.4618209898471832,-0.8509202599525452
11273,11273,1,0.99869835,249.57610723004385,31.377135320521607,642.8468876038395,0.03026065881489022,0.9509273594446188,0.2947366237640381,0.4356326460838318,-0.8505024909973145
11274,11274,1,0.9988477,247.7189853720213,31.130465091099513,626.2781690964033,-0.017053590124220558,0.9193435374960215,0.3407297730445862,0.42822739481925964,-0.8369734287261963
11275,11275,1,0.9991799,250.5255668379339,30.74515142534213,624.5574562230397,-0.06339119059769388,0.8991796620289432,0.3720974922180176,0.41778138279914856,-0.8288559317588806
11276,11276,1,0.9992322,249.8074407976276,31.3785722492583,618.961095062344,-0.07398256279431083,0.8757497997924334,0.3846934735774994,0.4090695381164551,-0.8274496793746948
11277,11277,1,0.9987765,257.9464205562837,31.368259390009417,637.246702103151,-0.11172489747780885,0.8844041210044563,0.39081308245658875,0.4015810787677765,-0.8282498121261597
11278,11278,1,0.99851924,258.3161348127585,31.909737118526433,637.8749354713459,-0.0872334167567285,0.8386088426822969,0.3756030797958374,0.3841020464897156,-0.8434382081031799
11279,11279,1,0.99884194,251.7829991868398,33.863817681245095,619.2037854740341,-0.03703179066326351,0.8007076660506804,0.3597296178340912,0.37758490443229675,-0.853243350982666
11280,11280,1,0.9986344,261.64191828965505,33.672184905613726,637.4429728906186,-0.03808105984169991,0.8022088664110767,0.33823782205581665,0.37122800946235657,-0.864745557308197
11281,11281,1,0.9977919,262.7744846692179,34.45211271207831,638.8012275505234,-0.015557997739854171,0.808108440604231,0.3192943334579468,0.3737851083278656,-0.8708248138427734
11282,11282,1,0.9977914,265.05152288658036,34.536157455501005,638.6681814983539,-0.01919895536360684,0.8250271120843308,0.31815969944000244,0.38114163279533386,-0.8680469393730164
11283,11283,1,0.9978002,264.85702187019166,34.265771166738936,638.7310819301484,-0.027984347571184596,0.8324975399998876,0.32455089688301086,0.38399365544319153,-0.8644163012504578
11284,11284,1,0.99853706,268.2902721188729,35.344975859513255,644.8118621389666,-0.058611068201847256,0.8572673985570782,0.33863869309425354,0.3882991373538971,-0.8570575714111328
11285,11285,1,0.9984206,275.48450561939364,36.74404687053576,657.7269667900522,-0.10215438855213696,0.9026279289635969,0.35233166813850403,0.3966343104839325,-0.8476695418357849
11286,11286,1,0.9981223,273.712270204803,37.422252673596695,652.9822659943363,-0.12817517562495775,0.9334654151207097,0.37327370047569275,0.4079081416130066,-0.8332332968711853
11287,11287,1,0.9985279,268.89515165936507,38.146423170791614,637.6848904840284,-0.14622848614763725,0.9673991325229656,0.3971143960952759,0.42536461353302,-0.8132436275482178
11288,11288,1,0.9984384,271.12281602108595,38.327248435805096,643.1452429829982,-0.202404617724342,1.0359152977399764,0.42430350184440613,0.443218469619751,-0.7896353602409363
11289,11289,1,0.99852353,265.9445508954196,38.28535973860497,630.0657706279314,-0.20672128595869718,1.0602772064817674,0.4379899501800537,0.4571487009525299,-0.7740671038627625
11290,11290,1,0.998487,278.7451510844758,38.85316589939618,656.3110686266516,-0.2707856454327322,1.1043343636218514,0.44692128896713257,0.45520806312561035,-0.7700954675674438
11291,11291,1,0.9985158,276.0539982691994,38.53766193909277,649.368507238618,-0.2535729940583264,1.055947488707986,0.44602248072624207,0.44269078969955444,-0.7778745293617249
11292,11292,1,0.9984933,272.5663277342304,39.27890961820088,645.3956250864136,-0.24477600259674728,1.0083442828969316,0.4498092234134674,0.426072359085083,-0.7849420309066772
11293,11293,1,0.9984316,273.079493116911,38.595955806831675,644.0297651829281,-0.2363552217357562,0.959833906172711,0.4474596679210663,0.4101239740848541,-0.7947189807891846
11294,11294,1,0.9983779,266.4018261082095,39.656500463870245,630.0540359341013,-0.21460967144909834,0.9342479860235128,0.4507850110530853,0.4061256945133209,-0.7948929667472839
11295,11295,1,0.9984623,272.0877693462429,39.31673203652406,640.1303246832404,-0.23811071246648155,0.9422360011133389,0.45292043685913086,0.40380382537841797,-0.7948619723320007
11296,11296,1,0.9985953,271.50525650564686,39.46843295996924,640.3020815195304,-0.23669073943324762,0.9364936591155112,0.45299747586250305,0.4013042449951172,-0.7960830330848694
11297,11297,1,0.9986193,268.59911521322897,39.343921031888335,633.4073925249058,-0.21271267949339093,0.9049674928090939,0.4468136429786682,0.39409342408180237,-0.8031487464904785
11298,11298,1,0.99873155,275.6401265614659,39.923631313182305,649.2026404430655,-0.23377596289542057,0.9147425839078075,0.44307777285575867,0.3895227015018463,-0.8074368238449097
11299,11299,1,0.9988024,276.4033252412282,40.21654984162111,652.9069720533574,-0.22879468015549134,0.9104573442845207,0.437476247549057,0.38649478554725647,-0.811933696269989
11300,11300,1,0.99864143,275.2454518335601,39.944644090098286,650.6036879522649,-0.19832548924867105,0.8977429248949669,0.42132771015167236,0.3855798542499542,-0.8208600282669067
11301,11301,1,0.9988489,274.578279700464,39.85235374511797,652.7414673270786,-0.18071529403289374,0.9005515627875468,0.4095112681388855,0.38732603192329407,-0.8260018825531006
11302,11302,1,0.9991861,275.62367816940105,39.03801630515994,657.2255964285009,-0.1625233649681454,0.903068984561103,0.39378783106803894,0.3891216516494751,-0.8327757716178894
11303,11303,1,0.99915946,268.7847973155856,37.605513610929684,642.1407157593031,-0.11977882865141107,0.8768096076287851,0.3818720579147339,0.3898913860321045,-0.8379490375518799
11304,11304,1,0.99915564,265.68694321224325,38.24639751428995,638.5237213671454,-0.09266414615786198,0.8570832148659453,0.36990436911582947,0.3843626379966736,-0.8458345532417297
11305,11305,1,0.99921453,267.41627060982756,37.71510836339352,644.1780991326169,-0.08807067982451595,0.8531379331909854,0.361785352230072,0.38136059045791626,-0.8506911993026733
11306,11306,1,0.99926037,267.98064492426175,37.71521596228737,646.8858636741128,-0.10638280083010393,0.844356727742947,0.3729686141014099,0.3750544488430023,-0.848662793636322
11307,11307,1,0.99932504,260.2430296252371,37.63055341010419,629.8713951876083,-0.11814474601238541,0.8349043189186733,0.3999384641647339,0.37670522928237915,-0.8355491757392883
11308,11308,1,0.99929047,263.00171869274413,37.075908017592894,636.178791919439,-0.1666432528370382,0.8464380489508757,0.4250085949897766,0.3753320872783661,-0.8237072229385376
11309,11309,1,0.99935573,264.1523061996902,36.367841650457656,636.8127692428133,-0.19459398365345204,0.8645238997358232,0.4402306377887726,0.3808072507381439,-0.8131314516067505
11310,11310,1,0.9993717,264.11831756961084,35.76613234266633,635.9462404550799,-0.21699512682108515,0.8902239123165244,0.4533005356788635,0.38988548517227173,-0.8015658855438232
11311,11311,1,0.9991053,266.80209812595444,35.802548002071894,638.761304968452,-0.26392468474682823,0.9343212326756342,0.4747706353664398,0.4012596607208252,-0.7833157777786255
11312,11312,1,0.99818087,267.54234990999163,35.08992835301776,640.5173301832984,-0.29455178196178466,0.9634980627390428,0.48896706104278564,0.4090011417865753,-0.7704734206199646
11313,11313,1,0.99853575,267.71414459165516,35.072607949209335,639.1874186889362,-0.31053431493278444,0.9758712240296264,0.4978281259536743,0.41233524680137634,-0.7629854679107666
11314,11314,1,0.99894947,271.48909613678865,34.19485598545301,641.2702923639246,-0.30148652736786774,0.9634856891026212,0.48805105686187744,0.40998727083206177,-0.770530104637146
11315,11315,1,0.9979709,270.10588618800404,31.240956600456354,634.6638236391842,-0.26927158790774947,0.9175816524817947,0.4761975407600403,0.4024468958377838,-0.78183913230896
11316,11316,1,0.9973425,272.43341481575516,29.661717983466144,635.4680323556115,-0.26345684064479796,0.8939475186170656,0.47062918543815613,0.3961429297924042,-0.7884028553962708
11317,11317,1,0.99676883,269.0232270232771,28.799651404781333,627.4878612048973,-0.234307075068845,0.8441340096884806,0.46363967657089233,0.3834754228591919,-0.7987395524978638
11318,11318,1,0.9963973,275.95324036092376,27.983722177234636,639.337372841634,-0.23365309859836342,0.834358601216815,0.44907909631729126,0.37709471583366394,-0.8100170493125916
11319,11319,1,0.99668485,278.1050432692001,28.32323662283321,646.4714121278597,-0.23981246638280782,0.8114954178037966,0.4478422701358795,0.36430421471595764,-0.8165290951728821
11320,11320,1,0.99656963,271.2195360536796,28.499493105884635,630.8985174538174,-0.19628277840180294,0.7579375603913789,0.43940627574920654,0.35148364305496216,-0.8266688585281372
11321,11321,1,0.99700004,272.8176093599765,27.850480391601238,635.556440807988,-0.20754019164035697,0.7660334347805997,0.4416641294956207,0.35299038887023926,-0.8248215317726135
11322,11322,1,0.9978052,277.4606442584516,27.398002208364762,648.2730050853276,-0.2314663539795063,0.7911938626598614,0.44319355487823486,0.3571978509426117,-0.8221856355667114
11323,11323,1,0.9979146,272.5844872130234,27.479003297204276,637.2845702438073,-0.22361318982872186,0.7772565332697097,0.45057570934295654,0.35576069355010986,-0.8187893033027649
11324,11324,1,0.9975545,275.07767250261503,27.02087134486038,643.1703707771123,-0.24649785308243138,0.7971310908267194,0.45763033628463745,0.3602476119995117,-0.8128936886787415
11325,11325,1,0.99712855,274.87229778560305,27.19571165401145,643.7103390824127,-0.25329368196181967,0.7956085541999601,0.46184682846069336,0.35847562551498413,-0.8112908601760864
11326,11326,1,0.9972395,279.6939197517542,27.11192441002215,654.2725566206627,-0.2665852647734421,0.8116199970761748,0.4579666554927826,0.3603564202785492,-0.812656044960022
11327,11327,1,0.99678767,279.5526042682393,26.325151566004944,657.2467505883795,-0.28982015763158553,0.8321910133468031,0.469185471534729,0.36580976843833923,-0.8037712574005127
11328,11328,1,0.9947015,275.1766887151924,27.02087804526963,650.0397544850854,-0.28362686830591316,0.8419942128919348,0.473887175321579,0.3713240623474121,-0.7984668612480164
11329,11329,1,0.9980769,267.035469139143,27.98025410952394,635.7625260169226,-0.27992748653532556,0.8444152860131575,0.488554447889328,0.3754352033138275,-0.7876312732696533
11330,11330,1,0.9986066,264.7035730006312,27.84098612082164,637.3461493718315,-0.2936697238286361,0.8627450378257392,0.49711093306541443,0.3799087703227997,-0.7800962328910828
11331,11331,1,0.998811,268.4585129057524,27.496878585136567,645.6679748557781,-0.3144433235146086,0.8450501456878531,0.5011914968490601,0.36873653531074524,-0.7828412652015686
11332,11332,1,0.99871385,272.7726872034296,27.375452646684206,658.4026649181424,-0.3490474139581073,0.8348562099034236,0.5093650221824646,0.3573623299598694,-0.7828406691551208
11333,11333,1,0.99866915,266.38571613555837,26.523203347840262,646.7736367317112,-0.35183321812518575,0.7628045387850297,0.5270859599113464,0.3332780599594116,-0.7817327976226807
11334,11334,1,0.9988103,264.31683210938894,26.791142701423393,644.5640119795559,-0.33724722988355055,0.7015347562441078,0.525311291217804,0.3106577694416046,-0.7921741008758545
11335,11335,1,0.9986432,261.7350789869995,26.882928535341488,640.1512303706717,-0.3288494121790724,0.6531326886324378,0.5278863906860352,0.29289916157722473,-0.7972114086151123
11336,11336,1,0.9988267,263.5567549335408,26.492790149320196,647.1908633591103,-0.3344226461872284,0.664017490411476,0.5244210362434387,0.29534193873405457,-0.7985960841178894
11337,11337,1,0.99884355,257.59127989892994,26.897026093187083,634.1433102200173,-0.28806178783590786,0.6542803196940504,0.5129747986793518,0.2980464696884155,-0.8050001263618469
11338,11338,1,0.99866366,253.8992130472045,26.904633495887015,629.960394337169,-0.2631448175202577,0.6570655855979775,0.5049816370010376,0.3020309507846832,-0.8085609078407288
11339,11339,1,0.9988117,255.54560021715255,26.942448016208772,639.1623732062966,-0.24506549826126872,0.6075229518431309,0.4889097809791565,0.28005704283714294,-0.8261569142341614
11340,11340,1,0.99883336,254.49555303822106,27.458187213441153,641.1916198528148,-0.21645367729073778,0.5726052614916963,0.4728681743144989,0.2658945918083191,-0.8400570154190063
11341,11341,1,0.9987165,254.83883661106825,26.463241043581306,640.8887397963505,-0.18842772804915361,0.5630705275830652,0.45536109805107117,0.26524147391319275,-0.8498784303665161
11342,11342,1,0.9985421,247.62118229650284,27.11436731494838,624.6321406813387,-0.13772253622693656,0.5669043894632896,0.44069990515708923,0.27366578578948975,-0.8549214005470276
11343,11343,1,0.9984865,255.9337931170198,26.510413656859566,644.7047425375013,-0.14442916134810477,0.5837285933328799,0.42296186089515686,0.2757182717323303,-0.8631817698478699
11344,11344,1,0.99844366,251.69036179979082,26.954017299066066,634.6870452618467,-0.12572236560984215,0.5750694090174594,0.4216670095920563,0.2753683030605316,-0.8639266490936279
11345,11345,1,0.99861324,251.75410551259935,27.568229392653212,631.9393862683253,-0.12536362043370855,0.6410104829039269,0.42076218128204346,0.3043055832386017,-0.8546094298362732
11346,11346,1,0.99908113,253.75775176961187,26.350857064179063,630.5746975019639,-0.13297299624475087,0.7346461691106472,0.4200226664543152,0.34640559554100037,-0.8387991786003113
11347,11347,1,0.99833244,255.18055001863317,27.706267415753587,630.7438972788441,-0.13676894445190785,0.7878813573269731,0.41850587725639343,0.3668215274810791,-0.8308398723602295
11348,11348,1,0.9978421,258.58844835958786,26.96350433226696,635.3029498371025,-0.18793345573458986,0.8210662618187108,0.44335854053497314,0.37518489360809326,-0.8140451312065125
11349,11349,1,0.9977059,256.20295950900464,27.4747079529334,624.3851851416593,-0.20350485399867813,0.790673542546922,0.4636327922344208,0.3648512363433838,-0.8074207901954651
11350,11350,1,0.99831545,264.8938634736914,27.26991755778919,646.5218166034786,-0.28921490262172234,0.8197897790650454,0.49142131209373474,0.36067935824394226,-0.7927265763282776
11351,11351,1,0.9982186,267.66795169841294,26.153486394696028,650.266540234311,-0.3391692980383551,0.8147832576030493,0.5143688917160034,0.3540785610675812,-0.7810589671134949
11352,11352,1,0.9985482,261.24440990258745,26.819029756995054,633.6851931123588,-0.3475994733110193,0.7534268569144779,0.5380540490150452,0.3331586718559265,-0.7742759585380554
11353,11353,1,0.9985629,266.40125931314395,26.433914616704488,643.2942116934706,-0.3867344716390832,0.7378015568529134,0.5485741496086121,0.32140329480171204,-0.7718589901924133
11354,11354,1,0.9985306,265.1173719698235,26.730953674192875,640.7285331439704,-0.39502540384305795,0.731210020910842,0.5559220314025879,0.31820619106292725,-0.7679163813591003
11355,11355,1,0.99854314,257.48246208844625,26.929800024491062,624.0207562327663,-0.33199156070788877,0.6905956400307306,0.5420860052108765,0.3121316134929657,-0.7802029252052307
11356,11356,1,0.9985286,267.5407361653596,26.52026867934263,647.9980443817926,-0.3550869872628985,0.7304381052459568,0.5284203886985779,0.3202158808708191,-0.7862783670425415
11357,11357,1,0.99842536,270.026905962566,26.43579411909327,653.8180773761632,-0.3495137009594269,0.7168134023452055,0.5201266407966614,0.31407874822616577,-0.7942436337471008
11358,11358,1,0.99857676,265.8221002056593,26.723009753554027,644.0797368929958,-0.32215134489450137,0.6970143059702518,0.5159209966659546,0.3108552098274231,-0.7982446551322937
11359,11359,1,0.99797887,266.8048589933268,27.4669229102967,646.0927436495682,-0.32021659770075195,0.6635641273325746,0.514125645160675,0.2962052822113037,-0.8049455285072327
11360,11360,1,0.99812776,266.1230239047297,27.26670746886514,647.3512736054762,-0.3104190437152904,0.644088663569302,0.5092829465866089,0.2888728976249695,-0.8106685280799866
11361,11361,1,0.9984059,264.3065415982657,27.518694379822545,643.0903610869241,-0.31036907848889667,0.6266002065626306,0.5143346786499023,0.2824803590774536,-0.8097313046455383
11362,11362,1,0.9984883,266.96264461890405,27.319882544022065,651.9662599943401,-0.33246016525979133,0.6238479244790451,0.5186652541160583,0.27756303548812866,-0.8086686730384827
11363,11363,1,0.99859947,264.6631250233224,27.01922051958861,644.8125211774276,-0.3310157936771687,0.6247954171396584,0.5243582725524902,0.2802400588989258,-0.8040608763694763
11364,11364,1,0.998749,261.2822220392685,27.12944314003254,639.7981875330703,-0.2970173591277498,0.6164816383741587,0.5122082829475403,0.2803870439529419,-0.8118040561676025
11365,11365,1,0.9990502,264.8352676702812,26.691377830214364,649.2866244874743,-0.276857746675922,0.656218906736691,0.48977169394493103,0.2963540256023407,-0.8199378252029419
11366,11366,1,0.99940145,257.81663547415343,26.786343910963524,638.67165426831,-0.1488478806673913,0.6627121825944274,0.4242113530635834,0.31148648262023926,-0.8503063321113586
11367,11367,1,0.9988714,256.65120798272886,27.206819841966965,638.8412578258614,-0.045304542884483434,0.6884841936630051,0.3530919551849365,0.3289182782173157,-0.8758646249771118
11368,11368,1,0.9984388,248.83896988703307,28.650236489829542,632.1186779099589,0.07628573876005315,0.7368391764695621,0.27352258563041687,0.3570219576358795,-0.893152117729187
11369,11369,1,0.99903935,250.61243849877465,30.504932189006237,655.5996186267811,0.1489605901887683,0.8152448541763927,0.2026565819978714,0.3795377314090729,-0.9027078151702881
11370,11370,1,0.9990896,236.07934501709937,30.818421928792542,626.2646113902641,0.25852824699449534,0.8281772496581905,0.1416405439376831,0.40240076184272766,-0.9044399261474609
11371,11371,1,0.9990388,234.5738246652036,31.318169195458594,626.8309923450046,0.3310002771877547,0.8773195857118685,0.08001859486103058,0.42328378558158875,-0.9024565815925598
11372,11372,1,0.99923635,235.41643355361316,32.32337145315342,634.138674305649,0.3979762979027353,0.9232703163333923,0.019107885658740997,0.43611133098602295,-0.8996898531913757
11373,11373,1,0.9992229,233.2469296907208,32.841868948943414,628.9752629142127,0.4243002903722169,0.9638834519202227,-0.0007876149611547589,0.4551769196987152,-0.8904006481170654
11374,11374,1,0.9991234,231.9957104774835,33.00145044402364,627.60163275661,0.43149523140943524,0.9885214164851427,-0.005419566761702299,0.46594947576522827,-0.8847947120666504
11375,11375,1,0.99892235,228.41289375895667,33.355155940140804,621.0344490643571,0.4547867814513707,0.9785462694106798,-0.01967889815568924,0.46486690640449524,-0.885161817073822
11376,11376,1,0.99891305,227.35525005806366,33.46454186106201,620.380924551347,0.48330008699054827,0.9652134226842459,-0.04258964955806732,0.45821866393089294,-0.8878185153007507
11377,11377,1,0.9992107,234.83435780283935,33.87877589471972,642.2794837189319,0.475720127741985,0.9758152601881404,-0.046943049877882004,0.44794896245002747,-0.8928259015083313
11378,11378,1,0.9989796,228.88858920257954,34.56481560978805,628.4635724632253,0.48565676279364994,0.9481824600011565,-0.046418722718954086,0.4440441429615021,-0.8948017358779907
11379,11379,1,0.99896073,231.20763237278945,35.1694827152515,636.3969879680227,0.4815723256411438,0.9526258936790885,-0.04622102901339531,0.4401686489582062,-0.8967247009277344
11380,11380,1,0.99897885,223.94132923898292,34.80318535131602,619.4942373139198,0.49296167307824973,0.9317023771855006,-0.045025862753391266,0.4423019587993622,-0.8957352638244629
11381,11381,1,0.99851865,228.52242348422155,35.37313563595915,635.1287539420656,0.4891094661306073,0.978233873129131,-0.04874912276864052,0.4511638283729553,-0.8911086916923523
11382,11382,1,0.9983375,220.98999991597313,35.244446500758606,615.0418853576666,0.502448442297965,0.9633471800414896,-0.04920581355690956,0.45789554715156555,-0.8876432180404663
11383,11383,1,0.9982893,225.81688981496006,35.47443341501491,629.1482635869768,0.48584566536528256,0.9992666146679111,-0.04226750507950783,0.4639807343482971,-0.8848363161087036
11384,11384,1,0.99863017,223.53946770410926,35.947277958546294,622.1779862912313,0.4903168129928618,0.966182206434514,-0.04240034520626068,0.4539524018764496,-0.8900165557861328
11385,11385,1,0.9985777,222.26931196269427,35.7439595517373,617.2584815327069,0.49236713526369996,0.9285936555334302,-0.041860807687044144,0.4412505030632019,-0.8964070677757263
11386,11386,1,0.9985808,226.2466967325743,36.26233666463364,630.408465414701,0.48428891879346003,0.9398188421917955,-0.04074639081954956,0.4371420741081238,-0.8984690308570862
11387,11387,1,0.99876046,223.9551463393643,36.19158190031322,621.9093259743672,0.4835227051761531,0.9348498432276794,-0.036732133477926254,0.44070497155189514,-0.8969001770019531
11388,11388,1,0.99902916,224.35999409694833,36.35450807906676,622.6300463272584,0.4716588903564655,0.9556177953000008,-0.027332067489624023,0.44949185848236084,-0.8928661942481995
11389,11389,1,0.9990544,230.2876219398801,37.40571965283025,637.676992829821,0.44461025943075677,1.005131748358956,-0.014067048206925392,0.46007388830184937,-0.8877691626548767
11390,11390,1,0.9990214,230.26481852301796,37.33243889206154,636.9746439245905,0.435988685790305,1.025553779129344,-0.0070722377859056,0.4693458080291748,-0.8829861283302307
11391,11391,1,0.9990007,225.83416830229842,36.97853513986254,624.986815738478,0.43962948572597205,1.043300839432775,-0.003439150983467698,0.48505058884620667,-0.8744792938232422
11392,11392,1,0.99896073,231.4554973296935,37.46938537202511,638.3053598179534,0.4280410959835635,1.0827855174695649,-0.003275447292253375,0.4916078448295593,-0.8708105087280273
11393,11393,1,0.9988715,228.8632495910409,37.33571399985235,630.7310408567135,0.4353622951812187,1.0602499777767704,-0.004963365849107504,0.4876815676689148,-0.8730074763298035
11394,11394,1,0.99869746,225.87730351948662,36.70317054478087,623.0700912030782,0.4490032828603469,1.0192879463464406,-0.011189965531229973,0.4764859080314636,-0.8791108727455139
11395,11395,1,0.99886996,224.19026773539335,36.83507111155251,617.2024253877659,0.4546580332950354,0.9663267636057007,-0.012508339248597622,0.4578002393245697,-0.8889670372009277
11396,11396,1,0.9988431,231.8677203285839,36.97440285805951,636.8386087330126,0.4572368014906305,0.951837950071437,-0.026521850377321243,0.43834105134010315,-0.8984172940254211
11397,11397,1,0.99897516,228.12223266707568,36.27886351840511,626.9604026687476,0.479855113206944,0.8933140548927092,-0.039497196674346924,0.4193444848060608,-0.9069675803184509
11398,11398,1,0.9989774,227.23319954010796,36.228700789890325,623.068217388381,0.4711032465390764,0.8785783870447422,-0.030341103672981262,0.41580459475517273,-0.908947765827179
11399,11399,1,0.99866366,229.2935280830338,36.36542971048997,628.1176667762876,0.41224033955065664,0.9379333251867833,0.01667177863419056,0.4404546320438385,-0.8976200819015503
11400,11400,1,0.998475,226.61659299606845,36.26757826033215,621.0378933725905,0.375131628625034,1.0245149152865136,0.05156785249710083,0.48250633478164673,-0.874373197555542
11401,11401,1,0.998552,229.1827069183777,36.424874750351385,626.9036162088632,0.3364393256830848,1.156971336032609,0.0761382132768631,0.5311457514762878,-0.8438525795936584
11402,11402,1,0.99869436,228.96412746226557,36.353776319632374,624.6449769335136,0.3167380192071043,1.256943803214369,0.0898531824350357,0.5696683526039124,-0.8169481754302979
11403,11403,1,0.9985929,227.04501032509725,36.15682938699765,617.5756680389094,0.3131345313400352,1.2827254550710299,0.09572609513998032,0.5840184688568115,-0.8060762882232666
11404,11404,1,0.99829,234.8653477269174,36.49681718938641,637.0094553035013,0.3064261095392557,1.3170473274817107,0.08579970896244049,0.5819755792617798,-0.8086673021316528
11405,11405,1,0.9986312,228.92329522668174,36.79055724459658,619.4882402361366,0.3659171873437494,1.2037547201676047,0.051034197211265564,0.5536226630210876,-0.8312024474143982
11406,11406,1,0.9986389,229.55325032411938,36.29741079741033,621.8079148120247,0.4175645211704171,1.1238536770316858,0.007921836338937283,0.5210415124893188,-0.8534945845603943
11407,11407,1,0.99847907,225.56496341592143,35.96585892472968,611.0223710094465,0.45480895824066947,1.0724155410650205,-0.016871536150574684,0.5074303150177002,-0.8615276217460632
11408,11408,1,0.9986524,232.12921414630077,36.52687865376416,627.9175780478695,0.453908138775923,1.0902593906631421,-0.026559216901659966,0.5018385052680969,-0.8645535111427307
11409,11409,1,0.9985751,222.0548936806763,35.484010671261075,603.0856608922294,0.46821336468792435,1.0530531836543628,-0.022726980969309807,0.5053578019142151,-0.8626105785369873
11410,11410,1,0.99918324,227.857627577755,34.83304353736634,618.9373776158103,0.45470725060905187,1.0796433659939633,-0.020432963967323303,0.5060223340988159,-0.8622783422470093
11411,11411,1,0.9991762,228.77740407069044,34.89671187521582,622.499289006506,0.45418568412353655,1.0877433738077562,-0.021502405405044556,0.5066589117050171,-0.8618783950805664
11412,11412,1,0.9991048,229.2777824198253,34.60214914659371,622.9180390530615,0.44210061461648953,1.088580864875555,-0.011963059194386005,0.5075344443321228,-0.8615484833717346
11413,11413,1,0.999087,229.40508385019527,34.85558440489461,623.250514508757,0.4474807998457257,1.0835313563190152,-0.016687767580151558,0.5047715902328491,-0.8630916476249695
11414,11414,1,0.9991105,228.29243205633506,34.75139152086005,622.0122298108048,0.44842880853362743,1.0864376283726191,-0.01577339693903923,0.5069055557250977,-0.8618573546409607
11415,11415,1,0.9990977,227.23312924837754,34.74338271613549,618.6263694812624,0.4337956323352623,1.0938696404990065,-0.0016512124566361308,0.5128340125083923,-0.8584861755371094
11416,11416,1,0.99907637,227.64376148100374,34.15906135705458,619.959893507962,0.42585347682888536,1.0803008596816652,0.004777257330715656,0.5074431300163269,-0.861672043800354
11417,11417,1,0.99909186,223.6923503275997,34.49141513588227,607.7360347509469,0.4277925285272904,1.0210058070306383,0.010946836322546005,0.4914647340774536,-0.8708286881446838
11418,11418,1,0.9991375,230.40640326183131,34.81271482218112,624.9828208898379,0.4163154896332596,1.010211718120518,0.009862582199275494,0.4749284088611603,-0.8799691200256348
11419,11419,1,0.99916065,223.10149099578499,34.51437864835055,605.9700971031291,0.4516447860677456,0.932239699654213,-0.007531206589192152,0.4539003074169159,-0.891020655632019
11420,11420,1,0.99909294,229.7520135791365,34.432935956286634,623.6754404892414,0.4616088228652894,0.9296821682841826,-0.026958247646689415,0.4405564069747925,-0.8973200917243958
11421,11421,1,0.99900585,226.04309539818402,35.22002824309788,613.3591939723415,0.4899438428936998,0.905491160521864,-0.04592938721179962,0.4344137907028198,-0.8995416760444641
11422,11422,1,0.99904937,226.79942655790526,34.16099180254158,615.2647216254273,0.5123434473498946,0.8719914382179913,-0.06636478751897812,0.4184964895248413,-0.9057905077934265
11423,11423,1,0.9989613,222.49570844659388,34.65399844147961,605.8088324440533,0.5354899128496547,0.8940768837669617,-0.0810074433684349,0.43253111839294434,-0.8979725241661072
11424,11424,1,0.99913615,225.59614215802776,34.94289638043742,614.4802386083921,0.5473747854885348,0.9588031055858132,-0.09604974091053009,0.4536055326461792,-0.88601154088974
11425,11425,1,0.99903,217.47075919357886,34.41095004781406,592.6498438977321,0.6055818261391894,0.9171155024955434,-0.13721612095832825,0.44677093625068665,-0.8840630650520325
11426,11426,1,0.99903905,205.94465511544294,29.716830918799474,574.2701430296372,0.6829865500497728,0.8226685579800329,-0.1908252239227295,0.4162367880344391,-0.8890065550804138
11427,11427,1,0.9993406,203.21978413200034,25.448162500952886,581.5717102352132,0.7510735305361224,0.6982454308823609,-0.2430490404367447,0.35206493735313416,-0.9038680791854858
11428,11428,1,0.9983802,193.51045668226084,17.579608850358397,579.480928177203,0.8143315900383823,0.5653101778708874,-0.28040263056755066,0.2952181398868561,-0.9133567214012146
11429,11429,1,0.9982085,186.7875428150505,13.306352944614622,574.86641680433,0.8749794627806048,0.4671045515831693,-0.32060331106185913,0.2499575912952423,-0.9136381149291992
11430,11430,1,0.99765587,191.6658834064127,11.280080184626676,590.057203686046,0.8947280725325142,0.40113689897587956,-0.3347754180431366,0.21283112466335297,-0.9179478883743286
11431,11431,1,0.99760383,189.4677198941928,11.500084231891622,584.7598870913047,0.9124988829724268,0.4064218211243961,-0.3481161296367645,0.21530549228191376,-0.9123917818069458
11432,11432,1,0.9972996,189.3540180732431,12.562062376073323,588.1719591997581,0.929902584829873,0.4778983749565234,-0.36034631729125977,0.24499446153640747,-0.9000712633132935
11433,11433,1,0.9962754,188.5541949647103,13.847253937022776,585.2361282608953,0.9631736591863962,0.5728228710106271,-0.3860403895378113,0.28490567207336426,-0.8773834109306335
11434,11434,1,0.9942365,201.52084604873139,13.102014909075834,630.5250303084553,0.9811287510464384,0.7023021894947771,-0.3911220133304596,0.31965091824531555,-0.8630451560020447
11435,11435,1,0.9951138,186.76582386878667,15.43172049610287,603.3278802842987,1.0041331828905076,0.7527939029105714,-0.40166807174682617,0.34952810406684875,-0.8464590311050415
11436,11436,1,0.9963983,185.3277967830627,16.072339848552108,605.0746021648923,1.004505889750395,0.7744704809674094,-0.3989432156085968,0.35731711983680725,-0.8444932103157043
11437,11437,1,0.992455,189.72986183260832,14.649278788212223,636.9673545430793,1.0268527958676348,0.8037999787435688,-0.402343213558197,0.3527008891105652,-0.8448206782341003
11438,11438,1,0.9915418,176.36826178137662,16.603577277275416,609.5647613102534,1.0332647240840127,0.7746820992189153,-0.4046446681022644,0.3523354232311249,-0.8438735008239746
11439,11439,1,0.9956462,167.13571194392108,16.888238248295867,601.771568527758,1.0375914342775094,0.7660379308087426,-0.39991408586502075,0.353267639875412,-0.8457368016242981
11440,11440,1,0.9948264,165.84211823799504,17.324899440992855,612.5535791893527,1.0489005020629978,0.7986661325537475,-0.39989998936653137,0.3600353002548218,-0.8428847193717957
11441,11441,1,0.99891615,146.7128850263119,17.37174080148307,604.033441042131,1.0871120313728173,0.7847939305296868,-0.4057766795158386,0.35666561126708984,-0.8415075540542603
11442,11442,1,0.99621457,136.1229639831283,17.91725863455369,608.0107133875243,1.136384903198099,0.8088618981966529,-0.4227393567562103,0.35911256074905396,-0.8320634961128235
11443,11443,1,0.99632263,122.45036173840371,20.733223914111747,599.2638917737885,1.1816278903688744,0.8300584576592946,-0.44018179178237915,0.36429229378700256,-0.8206894397735596
11444,11444,1,0.99651414,105.62595285633427,20.493325062924548,569.4821269188293,1.20588266785285,0.8273199299989085,-0.45189720392227173,0.37770652770996094,-0.8081625699996948
11445,11445,1,0.99370414,87.92222978599075,21.9376459574649,544.9531182796228,1.2348082688285564,0.86209276004245,-0.4624384045600891,0.40268781781196594,-0.7899324297904968
11446,11446,1,0.99718094,80.6797525632195,23.083487650133364,545.9062902181154,1.2873785676037353,0.9314814424874341,-0.48497849702835083,0.42173081636428833,-0.7661194801330566
11447,11447,1,0.99782145,59.14994202914472,27.02578724073476,544.5848152116246,1.377552098505023,1.0078572514741646,-0.5139713287353516,0.4365641474723816,-0.7384072542190552
11448,11448,1,0.9941445,45.853069552742774,30.090443135439802,559.028410870766,1.4461244660283623,1.0947272967012502,-0.5272932052612305,0.4490495026111603,-0.7213296294212341
11449,11449,1,0.99268615,32.68131037185355,32.92921051764508,562.1496634485184,1.447214771184445,1.1081342043562776,-0.512138307094574,0.453545480966568,-0.7293907403945923
11450,11450,1,0.9955585,22.479803024844916,37.40118483665245,573.7852651257596,1.5010176003342097,1.158006767420954,-0.5240541100502014,0.45324069261550903,-0.721068799495697
11451,11451,1,0.9957623,15.196656875396934,39.78759028937137,579.1481961335136,1.5227447957855877,1.148658850521369,-0.5267269611358643,0.4425317049026489,-0.7257577776908875
11452,11452,1,0.9953402,10.52030165306797,39.946446847048975,583.8143763163904,1.5787900715031578,1.145280843446897,-0.5493777990341187,0.42914673686027527,-0.7169499397277832
11453,11453,1,0.99559057,0.21567233104789038,41.429110585657035,587.0394774540104,1.6061894996366033,1.1277531694926675,-0.5529016256332397,0.4176168441772461,-0.7210381031036377
11454,11454,1,0.9965025,-5.009775149318515,41.167577036996,594.353409751704,1.6075339074749626,1.0966291752635777,-0.5457189083099365,0.40493354201316833,-0.7336345911026001
11455,11455,1,0.9967964,-9.115114080959867,40.9459267475512,589.9551814722557,1.611673168154112,1.0667381278460832,-0.5474895238876343,0.39647969603538513,-0.7369254231452942
11456,11456,1,0.995998,-11.95908524627607,40.10614139645578,577.8271316850743,1.6413856495837582,1.0339095883441711,-0.5680136680603027,0.38533511757850647,-0.7272396087646484
11457,11457,1,0.99550545,-12.511564594312864,40.839055557927665,581.9884950430461,1.646095667254503,1.004565374412286,-0.5687993168830872,0.37102842330932617,-0.7340335845947266
11458,11458,1,0.99490756,-12.74919122132941,39.54150351744417,571.2559161483424,1.6434382826909326,0.953730172120273,-0.5751779675483704,0.3578105866909027,-0.7356234788894653
11459,11459,1,0.9942925,-12.231741677440164,40.95837433237306,575.5565794901671,1.6116870190577557,0.9509571514218049,-0.5572641491889954,0.3589765727519989,-0.7487272620201111
11460,11460,1,0.9956567,-10.561335091123672,39.890403390630304,575.212567751419,1.5628580462924366,0.9175629153949489,-0.5335901975631714,0.3555549681186676,-0.7673735618591309
11461,11461,1,0.99658257,-7.897988101344506,38.56151407459607,569.942675198518,1.5021512078316126,0.9018217437708917,-0.5047738552093506,0.36322110891342163,-0.7831180095672607
11462,11462,1,0.9956624,-5.042867752707189,39.42702169475175,572.9808211120171,1.462498738847968,0.9239546217589756,-0.48163697123527527,0.3762091100215912,-0.7915128469467163
11463,11463,1,0.9967057,-0.5532505737787309,36.91761446253357,568.6764588475619,1.456699482774199,0.9503384460702726,-0.48431119322776794,0.3921944797039032,-0.7820653915405273
11464,11464,1,0.9934575,2.1254738625635077,35.667267828759016,564.9142674326757,1.4591420477836052,0.9708848332993011,-0.49006620049476624,0.4027439057826996,-0.7730669975280762
11465,11465,1,0.99823785,11.396685080819273,36.00483379578187,569.3723150155084,1.450937727058008,0.9874206846285627,-0.49272724986076355,0.4055967330932617,-0.7698773741722107
11466,11466,1,0.99838305,18.210717446725848,34.22187351316364,562.8647971288532,1.4072335701454406,0.9581422127426309,-0.4780201315879822,0.40549570322036743,-0.7791469693183899
11467,11467,1,0.9974867,27.226180237121014,32.0808724853338,561.9400611443763,1.3796964895899366,0.9456492098893727,-0.471763014793396,0.4061600863933563,-0.7826069593429565
11468,11468,1,0.99829274,36.342830691359296,30.455660414182148,555.6275778513101,1.3712004242351723,0.9477092347234233,-0.4805416464805603,0.4111579656600952,-0.7746152877807617
11469,11469,1,0.99736816,47.566865518002466,28.705749118201453,552.6423869442712,1.4064349953840998,1.0251561478809512,-0.5130453705787659,0.43511736392974854,-0.7399035692214966
11470,11470,1,0.99687386,53.93890063644048,27.976184152779812,555.4542864374915,1.399749091084621,1.0731649130113778,-0.511928379535675,0.4523311257362366,-0.7302916049957275
11471,11471,1,0.9972946,72.07065347648144,24.776367162624705,553.2386284715537,1.3655032992552278,1.084755300847197,-0.5115556716918945,0.4626540243625641,-0.7240594029426575
11472,11472,1,0.99778926,83.19790951970661,23.313493907671972,548.0402531813182,1.3209809283237153,1.0649506933700037,-0.5011350512504578,0.46534794569015503,-0.7295992374420166
11473,11473,1,0.99789846,94.6930872174763,23.74616594031038,556.9053111207942,1.3244011436978718,1.0470590937669808,-0.5122894644737244,0.4487033784389496,-0.7322736978530884
11474,11474,1,0.99878496,104.49585161359852,23.34827261360286,554.8253513501523,1.2926986134180791,1.0186243527221197,-0.5070858597755432,0.4426526129245758,-0.7395421266555786
11475,11475,1,0.9968106,108.58058660871181,22.42003566679026,544.1814304410457,1.2621975360558726,0.9864193526208687,-0.5007572174072266,0.4416414499282837,-0.7444428205490112
11476,11476,1,0.9964623,113.52968501194744,23.767201055319827,549.1523644412939,1.229398585236819,0.9477381828703657,-0.485490083694458,0.4269718825817108,-0.7628856301307678
11477,11477,1,0.9984291,121.90367074943235,23.209347920411016,552.1565843898385,1.202712104509991,0.9417683910379776,-0.47694599628448486,0.42641347646713257,-0.7685662508010864
11478,11478,1,0.9988612,128.0621909041516,22.31064483336066,558.7694919992124,1.1885063951993453,0.9380280194913043,-0.47140148282051086,0.42350849509239197,-0.7735769152641296
11479,11479,1,0.996902,129.9244535394479,23.141626932647352,558.4195986720903,1.2132797967045263,0.9341900867725403,-0.48992928862571716,0.41554924845695496,-0.7663472890853882
11480,11480,1,0.9952748,131.55281783609885,21.38951053142037,561.6655154996057,1.2188861995489895,0.9323228742686651,-0.4929366409778595,0.4138195812702179,-0.7653540372848511
11481,11481,1,0.99665725,133.25272754840384,24.155406791898724,565.8514716021529,1.2033014284827963,0.9231088924031718,-0.4840879440307617,0.40700092911720276,-0.7746025919914246
11482,11482,1,0.9971565,130.4156677498166,24.252795649737852,556.8639455245636,1.192511862081399,0.8980985208066248,-0.48011621832847595,0.4039762020111084,-0.7786473035812378
11483,11483,1,0.9988908,129.9930081844931,25.48391594794082,569.2029289331666,1.1743276010019164,0.9202073871966172,-0.4603031873703003,0.40891385078430176,-0.7879787087440491
11484,11484,1,0.99729687,126.96035980437263,25.65858939426018,565.2094997875521,1.1535818803301083,0.9080863131639573,-0.44554492831230164,0.4104761481285095,-0.7956123352050781
11485,11485,1,0.9984274,124.42751681938383,26.800459429559464,562.0185517282042,1.141642800169399,0.9134832228542951,-0.43612638115882874,0.41587474942207336,-0.7980238199234009
11486,11486,1,0.99794215,122.55363286271002,26.27257278218562,561.8230303958311,1.1304409933581907,0.9191306203049863,-0.42568790912628174,0.4216994047164917,-0.8005994558334351
11487,11487,1,0.99683845,122.70260369329878,26.191280235770122,566.8507565248515,1.136236119168286,0.9409789601072538,-0.4263649582862854,0.4270702004432678,-0.7973857522010803
11488,11488,1,0.99518883,120.96589879472464,26.02815588579993,569.6697053537404,1.157326519653389,0.9455517857573473,-0.43671903014183044,0.4242199659347534,-0.7932931184768677
11489,11489,1,0.99709105,119.5569993089973,26.463577906779648,563.864404698766,1.1630691737634102,0.9295923101795932,-0.4426928758621216,0.41947856545448303,-0.7925029397010803
11490,11490,1,0.99780387,124.85003089086486,27.070475094917906,590.5015126367904,1.1894658341088433,0.9551200254576391,-0.45116472244262695,0.40909069776535034,-0.7931551933288574
11491,11491,1,0.99797386,122.79217143479981,26.749372534234272,580.0128389266462,1.189572229450971,0.9088577987932603,-0.4559229612350464,0.3965018093585968,-0.7968190908432007
11492,11492,1,0.998016,122.63732599621608,27.214249981188164,579.6698049194945,1.1884117365982643,0.8851223708813301,-0.4560258686542511,0.38651660084724426,-0.801651656627655
11493,11493,1,0.9980836,121.78062868291335,26.96583295825492,575.4361335404571,1.1828010888396128,0.8626146340482483,-0.4543124735355377,0.38070279359817505,-0.8053978085517883
11494,11494,1,0.99801517,121.36461285705225,26.745625919959895,572.3489108830271,1.172763017668204,0.8378481088870581,-0.4495631456375122,0.37384486198425293,-0.8112539649009705
11495,11495,1,0.997922,120.19382228520054,27.6128085658767,580.8953738533568,1.1802128607213613,0.835763815906911,-0.4483696520328522,0.366754949092865,-0.8151413798332214
11496,11496,1,0.9977963,121.94627147599851,27.402510675708253,572.793943592768,1.1718738110637825,0.8081460095444988,-0.45034947991371155,0.35995933413505554,-0.8170769214630127
11497,11497,1,0.99733293,122.71912385337048,28.524261720095723,577.0599926818446,1.1774012278576997,0.804794978184113,-0.45284658670425415,0.35386621952056885,-0.8183573484420776
11498,11498,1,0.9970118,124.78425261211517,28.47628108236404,587.6977103845467,1.1882823546114463,0.8176247928933151,-0.4560171663761139,0.35229867696762085,-0.8172723054885864
11499,11499,1,0.9970771,123.12484661630201,27.877240192777887,580.8182687462021,1.1912805456434985,0.8130509495069221,-0.4598526656627655,0.3541780412197113,-0.8143054842948914
11500,11500,1,0.9974833,122.64283994127653,27.969409583591062,581.0496565733762,1.1956378541874881,0.8239848668052034,-0.4617041051387787,0.3579862415790558,-0.8115880489349365
11501,11501,1,0.997673,122.38149914878055,27.630469208536677,580.2333030315798,1.196606408556876,0.8349929133372681,-0.4621286392211914,0.36337339878082275,-0.8089480400085449
11502,11502,1,0.9978483,121.82967108458344,28.47460097047004,586.3157975206329,1.1987091228948517,0.860333037131622,-0.45887863636016846,0.36985307931900024,-0.8078608512878418
11503,11503,1,0.99804676,122.87720111726522,27.76645075719956,584.7459941766488,1.1902780767972354,0.8685040351327804,-0.4552520513534546,0.37608277797698975,-0.8070361614227295
11504,11504,1,0.99770063,120.97356453400873,27.016522948952304,573.7355294169938,1.1772857804447625,0.8513727960731571,-0.45097872614860535,0.37788674235343933,-0.8085912466049194
11505,11505,1,0.99665964,124.45702615211162,26.889965162406867,583.8651658810336,1.1718356614802647,0.8608343581794562,-0.4457060992717743,0.37719979882240295,-0.8118290305137634
11506,11506,1,0.9968258,126.1080046571263,27.74489797713491,590.6017635877205,1.1729179435414008,0.8590704952134466,-0.44494640827178955,0.371536523103714,-0.814851701259613
11507,11507,1,0.99603146,123.21543632297544,27.178170457547935,571.8192980317007,1.163931951289677,0.8206722457778319,-0.4468792676925659,0.36715930700302124,-0.8157775402069092
11508,11508,1,0.99606884,125.77759315206396,27.43814945066528,585.7656822474256,1.1834276738184148,0.836939992782119,-0.4545261859893799,0.3632603883743286,-0.8132944107055664
11509,11509,1,0.9956827,125.848177953388,26.194786465481116,590.468780392633,1.1959950089765696,0.8413382710075908,-0.459532767534256,0.36251741647720337,-0.8108087778091431
11510,11510,1,0.9950906,124.230782350757,27.139852375664514,572.7768834723231,1.1911875661869835,0.8228404502666461,-0.4654570519924164,0.3627476394176483,-0.807318925857544
11511,11511,1,0.99455005,124.22933192924508,27.818182985307914,576.1445287036255,1.200943296603911,0.8358322970393575,-0.4695780873298645,0.3641125559806824,-0.8043124079704285
11512,11512,1,0.993644,122.83594493893527,27.091448826351073,564.399187284696,1.1883792564950248,0.8160019163018268,-0.4670552909374237,0.36463505029678345,-0.8055437207221985
11513,11513,1,0.99534214,125.18860067036319,28.034255542962082,573.8516351074322,1.1886925749718635,0.8428700381219493,-0.4641109108924866,0.36972370743751526,-0.804925799369812
11514,11514,1,0.99596065,125.75032699532285,27.85812507494703,573.6142678495975,1.1834246087787237,0.846999719825221,-0.46137353777885437,0.37259089946746826,-0.8051773309707642
11515,11515,1,0.99632156,124.28880122781646,27.74148202392027,568.3959702275366,1.1746465149352887,0.8549271190458806,-0.45659974217414856,0.3805621862411499,-0.8041698336601257
11516,11516,1,0.99639195,123.8545228566449,27.517843093567397,566.2797026583811,1.1782695379806165,0.868260496508361,-0.4592200219631195,0.38703209161758423,-0.7995768785476685
11517,11517,1,0.9965905,124.71550321516791,26.750025926286117,571.5402334165896,1.1977479280786503,0.8777149909315911,-0.4693409502506256,0.38570713996887207,-0.7943230271339417
11518,11518,1,0.99653035,122.93520046782665,27.739359548019433,562.2813393913898,1.2020916956894279,0.8639301971516106,-0.4761236310005188,0.38274264335632324,-0.7917160987854004
11519,11519,1,0.99759066,124.60005489043614,28.03067416148276,567.5125256573435,1.2178985129496527,0.8559221482156346,-0.4853627383708954,0.37314778566360474,-0.7906856536865234
11520,11520,1,0.99708277,125.64859907219038,27.90355268505971,572.268917691271,1.2333498545777466,0.8419032447602101,-0.49368199706077576,0.36223575472831726,-0.7906095385551453
11521,11521,1,0.99674976,122.3570368899182,28.406834347085105,553.9732677246999,1.2212637452838613,0.805736447415497,-0.4946582019329071,0.35741809010505676,-0.7921903133392334
11522,11522,1,0.99687994,127.36988704543008,29.29071543916993,575.4198283527334,1.2354887939272192,0.8309776183326464,-0.49576452374458313,0.35358327627182007,-0.7932190299034119
11523,11523,1,0.9979603,124.96744755042111,29.057911347485724,564.4540968941166,1.209454966601429,0.8169794089979747,-0.4837271571159363,0.3580186665058136,-0.7986430525779724
11524,11524,1,0.99817884,126.02733013358984,28.40197642644141,572.036691376993,1.1912422299089114,0.8444195927275377,-0.4679107666015625,0.3700559735298157,-0.8025696873664856
11525,11525,1,0.9970439,127.63778658947352,27.295686332475935,579.8177550338952,1.161139420527058,0.8588430641646116,-0.4451029896736145,0.3787519931793213,-0.8114371299743652
11526,11526,1,0.99658304,125.8137324828596,27.27996184300491,570.2941974165598,1.137681460556537,0.8685810454970556,-0.4321049153804779,0.3921998143196106,-0.8120742440223694
11527,11527,1,0.9982243,130.10722314482805,28.687310647955048,598.8322213307241,1.1518845085895308,0.9457080907796942,-0.4296819865703583,0.4042910933494568,-0.8074169158935547
11528,11528,1,0.9977863,131.42222101797145,31.289675340160603,592.3140693504488,1.1545744217512677,0.9499259389027407,-0.43711355328559875,0.4050939381122589,-0.8030134439468384
11529,11529,1,0.9987446,128.70583170122458,32.71387506151881,584.311882921338,1.1720854731493442,0.9486431248531333,-0.44991832971572876,0.4043723940849304,-0.7962766289710999
11530,11530,1,0.99845755,131.78656355603627,35.47461586884888,599.2838072800186,1.19629197846145,0.9624980340649085,-0.46102243661880493,0.3940486013889313,-0.7951000332832336
11531,11531,1,0.998667,130.7194394151834,38.22001110748122,592.4115303346525,1.2026750118632163,0.9341512717498953,-0.46914100646972656,0.38152626156806946,-0.7964574694633484
11532,11532,1,0.99851876,131.92391651918965,39.404694793025044,601.092605764415,1.2228134640140458,0.925833790180639,-0.47847291827201843,0.3689678907394409,-0.796822726726532
11533,11533,1,0.9983748,129.08695517456076,39.66286519670659,590.3533061048366,1.2308921047023151,0.9047149584539466,-0.4869013726711273,0.36414989829063416,-0.7939281463623047
11534,11534,1,0.99887234,127.45030816523295,37.36865977956207,592.7671493115856,1.2337894270968717,0.9039184774910574,-0.48477235436439514,0.3657066226005554,-0.7945151925086975
11535,11535,1,0.9987663,125.2254831626736,36.50534919528821,584.8753491993068,1.2392109865906236,0.913037899049368,-0.4895765483379364,0.3736814856529236,-0.7878305315971375
11536,11536,1,0.9982905,124.07301279320258,35.0724250755747,582.8872387505832,1.2462729018658336,0.9326995179608351,-0.4926431477069855,0.383452832698822,-0.7811957597732544
11537,11537,1,0.9968767,123.21144978187527,35.753802406760904,584.9602968165476,1.2790049992244557,0.9597271762313341,-0.5090067982673645,0.3866995573043823,-0.7690094709396362
11538,11538,1,0.99765766,121.77763360352311,36.147969023892884,576.1789479018557,1.2801649341954051,0.9639141343177406,-0.5131934285163879,0.3919762670993805,-0.7635359764099121
11539,11539,1,0.9982333,119.45431415823104,35.496342007256324,568.6247149030402,1.2696338479932938,0.9693400570389434,-0.5084700584411621,0.40115347504615784,-0.7619279026985168
11540,11540,1,0.99748576,119.88446936345936,35.159817791330426,566.7646634571087,1.2562921226160038,0.9621026236761548,-0.502276599407196,0.402011513710022,-0.7655749917030334
11541,11541,1,0.99824095,120.35777990424204,33.53790604088488,572.1552210482982,1.279586287776086,0.9689509441947922,-0.5126569271087646,0.39964982867240906,-0.7599098086357117
11542,11542,1,0.99863005,118.54285572427416,32.22287636445529,562.8470516037208,1.2780985956937305,0.9290036203332034,-0.516446053981781,0.3904159665107727,-0.7621409893035889
11543,11543,1,0.99674535,118.7411848694443,32.9883490847697,560.6649745416045,1.2728545831826914,0.8953642413065322,-0.5163717865943909,0.3775774836540222,-0.7686322331428528
11544,11544,1,0.99713194,121.97110771203644,33.97259035706876,578.4358770036064,1.2728233386970509,0.899645896355511,-0.5093786120414734,0.3692713975906372,-0.777285099029541
11545,11545,1,0.9975122,121.72401037353627,34.274423869277946,580.206885422429,1.2739025947997045,0.8787551294359488,-0.5093914270401001,0.35948580503463745,-0.7818505764007568
11546,11546,1,0.9980586,120.02894584618393,32.744461682467175,571.1655691133029,1.2712008841267166,0.8676570463568889,-0.5112701058387756,0.3617658019065857,-0.7795693874359131
11547,11547,1,0.9981008,119.83899462335944,33.42183996917103,567.9857801362698,1.2570749639100933,0.8752779986246658,-0.5045111775398254,0.3680311441421509,-0.781038761138916
11548,11548,1,0.9964684,119.70835261857253,32.49435204427678,567.1573245921702,1.2319346165798497,0.8883450453205698,-0.48877739906311035,0.37973862886428833,-0.7854267954826355
11549,11549,1,0.9974148,120.5752244307004,33.76621880624705,581.500634882519,1.2256696301893324,0.9421982866250316,-0.4761241376399994,0.39436447620391846,-0.7859914302825928
11550,11550,1,0.9975948,120.16155710366172,32.01456127693492,575.8729811908305,1.21569990243899,0.9483660841444302,-0.4719001352787018,0.4037855267524719,-0.7837522625923157
11551,11551,1,0.9978333,122.70952358392871,32.94094594188045,580.4967995967171,1.2056338841010785,0.9870357736743406,-0.46489137411117554,0.4170050323009491,-0.7810139656066895
11552,11552,1,0.9977246,123.85465723523937,33.120379637699585,582.9224220605771,1.2009858233987933,1.0199456141768812,-0.4608052670955658,0.42911458015441895,-0.7768650054931641
11553,11553,1,0.99808335,124.53523180637073,32.626997207547284,588.4002912280529,1.1975836892628746,1.0483603459226785,-0.45526447892189026,0.43842729926109314,-0.7749295234680176
11554,11554,1,0.9986696,122.39173523710566,32.44850779356741,576.2099607383884,1.1834518399372265,1.040926451212026,-0.4504316449165344,0.4454749822616577,-0.7737333178520203
11555,11555,1,0.9988595,123.69309976209097,32.52710315847445,579.641856705144,1.1689047219992932,1.0506603132840024,-0.4403943717479706,0.44976547360420227,-0.7770224213600159
11556,11556,1,0.99878746,125.75346718964512,31.820176125841567,587.1339266732422,1.1610258030021419,1.0544045506849686,-0.43353894352912903,0.4489438235759735,-0.7813407778739929
11557,11557,1,0.9979012,125.26334306432352,32.69591145867687,583.890281640823,1.1380643298019837,1.0539221456815862,-0.41968944668769836,0.4538962244987488,-0.7860273718833923
11558,11558,1,0.99723756,127.02986131883227,31.78460579960628,589.6547334780574,1.1382878438191346,1.0668052811427269,-0.41839703917503357,0.45628973841667175,-0.7853302359580994
11559,11559,1,0.99786854,128.900468606656,32.03117849805671,593.5091291811281,1.1341336210450375,1.0864255770705402,-0.41539275646209717,0.461640328168869,-0.7837966084480286
11560,11560,1,0.99812084,127.88204939823795,31.40268279364467,590.0892692443598,1.1408737456722366,1.0773369129724606,-0.420442670583725,0.45983824133872986,-0.7821615934371948
11561,11561,1,0.9972318,134.4797363602951,31.687791772316455,616.4947118106116,1.1621025949708101,1.1284249084901428,-0.4272278845310211,0.4587610960006714,-0.779111385345459
11562,11562,1,0.9960311,132.9114067076092,30.645602346099253,606.1779944696797,1.1801280918643298,1.0862146620581916,-0.4430224895477295,0.4468570947647095,-0.7772064805030823
11563,11563,1,0.9958929,138.53883162494597,33.01841402419171,625.4441394679702,1.2056360812474545,1.092419591682405,-0.4556742310523987,0.43070417642593384,-0.7790089845657349
11564,11564,1,0.9948719,138.65677246185598,32.761316625909075,606.961482308889,1.2069051207340644,1.0310121131724017,-0.4682663679122925,0.41662389039993286,-0.7791990637779236
11565,11565,1,0.9971186,138.6712941853999,31.339444552260442,609.4487338339798,1.2073789817040692,0.9957995337959384,-0.46804481744766235,0.4036402404308319,-0.7861353158950806
11566,11566,1,0.9964551,137.53281493948302,31.557313332992333,609.3464570822898,1.2073714645850655,0.9781432119952201,-0.4674214720726013,0.3969234824180603,-0.7899169921875
11567,11567,1,0.9954991,137.90061447663666,31.83929162308766,598.1034763307631,1.201359405190196,0.9463187945937179,-0.4714391827583313,0.3902157247066498,-0.7908709049224854
11568,11568,1,0.99546623,138.5208780843916,32.191099939512334,594.0947091840012,1.1845058062014084,0.9315212940614941,-0.46458515524864197,0.38849642872810364,-0.7957582473754883
11569,11569,1,0.9961687,142.73720499456536,32.28559680000081,607.2638211721902,1.1615617206358628,0.9389094202475926,-0.4478749632835388,0.3879912793636322,-0.8055251836776733
11570,11570,1,0.99530905,146.8742909197988,32.973622026392235,622.9151579288565,1.1371199420331528,0.9603447823863394,-0.4288382828235626,0.3912394940853119,-0.8142662048339844
11571,11571,1,0.9969035,141.9525797721652,32.83764829963035,604.802346105551,1.1004936420464362,0.9348620058190356,-0.40884894132614136,0.3971436619758606,-0.8216565251350403
11572,11572,1,0.9960414,143.22588032436082,32.93821883495546,604.233501250939,1.0778960645413287,0.9329389122347902,-0.3955395519733429,0.3998590409755707,-0.8268380761146545
11573,11573,1,0.9954201,147.55423814705233,33.196005306724544,626.2793261563179,1.0709108096167463,1.0118435496762779,-0.38377028703689575,0.4198237657546997,-0.8224769830703735
11574,11574,1,0.9957956,148.42976659220298,32.66660104228355,625.0201765135989,1.084668064507786,1.0786651724987057,-0.3925679624080658,0.44428595900535583,-0.8052952289581299
11575,11575,1,0.99528486,147.90014325866963,33.24313755289694,614.0678570599899,1.0871575291451323,1.1231960211693839,-0.3973180651664734,0.46588078141212463,-0.7906285524368286
11576,11576,1,0.9964491,147.5606691578887,32.695471088581336,610.2979625505445,1.110607057321706,1.185742313616314,-0.4112948775291443,0.48731160163879395,-0.7703012228012085
11577,11577,1,0.9968664,149.76875143779313,30.357492454769144,617.7197569515828,1.1227966543293482,1.2155482742938564,-0.4162972867488861,0.49349766969680786,-0.7636469006538391
11578,11578,1,0.9973959,148.75864701438778,30.163607313899337,614.7323352851696,1.1253380915237976,1.1663646956957265,-0.42008525133132935,0.4777233600616455,-0.7715626358985901
11579,11579,1,0.9976173,148.93486211447228,31.523235152118506,623.2576053500595,1.1316656738013346,1.1587167754412009,-0.420940101146698,0.4677523076534271,-0.7771854400634766
11580,11580,1,0.99415755,150.87689586026394,33.55900103031373,640.6171882787858,1.1507572372607093,1.123058631397628,-0.4285426437854767,0.43999844789505005,-0.7891467213630676
11581,11581,1,0.99839383,150.58193038888928,34.59782629158226,644.4107966466985,1.1495006673898642,1.0659158339573975,-0.42767614126205444,0.41641438007354736,-0.8023043274879456
11582,11582,1,0.99790037,142.63823335676008,33.822308319615416,615.8000585839428,1.142178880882564,0.9552437061969878,-0.4309562146663666,0.39175429940223694,-0.8128992915153503
11583,11583,1,0.9964839,148.71082685816705,35.11814510937779,656.5888968209546,1.157323609163229,0.961608240940674,-0.426948219537735,0.3704589307308197,-0.8249093890190125
11584,11584,1,0.9958604,143.1536243938739,34.94628954968814,636.0243131625213,1.1504569248690788,0.8933458932638666,-0.4278850853443146,0.35522332787513733,-0.8311021327972412
11585,11585,1,0.9977835,136.82897279784444,33.12109361476407,614.947269302492,1.1349111845552748,0.8458519911700684,-0.4217582046985626,0.35124221444129944,-0.8359120488166809
11586,11586,1,0.99808514,130.3403539630749,32.116061303974696,587.625329523605,1.1171166790000508,0.8175631125661047,-0.41664502024650574,0.3573783338069916,-0.835875391960144
11587,11587,1,0.9988042,128.82099512532088,29.188424920749366,587.5198489024735,1.119451899227979,0.8577350228874713,-0.41479310393333435,0.37865492701530457,-0.8273857235908508
11588,11588,1,0.9974686,126.76562026116623,29.764302363861162,580.5490765280816,1.127098606341167,0.9122531946550057,-0.41988468170166016,0.40363267064094543,-0.8128822445869446
11589,11589,1,0.99799156,127.8945681345317,32.6423239024596,588.2567281350292,1.1322319865734158,0.9912540364153508,-0.4190998375415802,0.4270368814468384,-0.8012458086013794
11590,11590,1,0.99794203,131.3024741030023,37.21530432958058,602.5662211988424,1.1475857085454002,1.0337327720516327,-0.4259985685348511,0.42703285813331604,-0.797601580619812
11591,11591,1,0.9963291,128.0746908759702,39.93956801395362,604.4748861942327,1.1460293951709397,0.9622332401594963,-0.42280879616737366,0.39528384804725647,-0.8154651522636414
11592,11592,1,0.9983972,125.96420451305524,36.54045009639136,583.2709568715046,1.1001222783973437,0.7334481261119594,-0.40346211194992065,0.31934863328933716,-0.8574583530426025
11593,11593,1,0.9972857,125.32451633098098,26.64208871618746,582.1675553215383,1.0505685168306487,0.4946613238554096,-0.36467334628105164,0.2291315793991089,-0.902503252029419
11594,11594,1,0.995739,134.83097746499135,21.740185109494742,605.7024172603739,0.9992074698137227,0.3071092081915492,-0.32293638586997986,0.14337889850139618,-0.935496985912323
11595,11595,1,0.99617493,134.65161406915104,22.732232960843813,588.1702676322199,0.9403062502282127,0.13758408143176637,-0.27897003293037415,0.06515230983495712,-0.9580870866775513
11596,11596,1,0.9978242,137.10269399866,23.00566247586598,595.9092792369589,0.9119673737308753,0.02446804670173074,-0.25171971321105957,0.009514103643596172,-0.9677534103393555
11597,11597,1,0.9976743,139.47546514352527,24.046103879740887,599.7524413072153,0.8823700190209816,-0.050608389056394455,-0.22639960050582886,-0.02766420692205429,-0.973641574382782
11598,11598,1,0.99827254,142.2050711643408,22.561870516510876,611.5786807251048,0.8768304808083573,-0.06957663085749469,-0.22109359502792358,-0.03351575508713722,-0.9746765494346619
11599,11599,1,0.99770457,141.6201273749209,22.65875676131235,603.3401733838157,0.8915494578654236,-0.01876062234800202,-0.23731876909732819,-0.010216616094112396,-0.9713780879974365
11600,11600,1,0.99830616,139.25887728935186,23.158652258842125,592.992238229069,0.9122649256231439,0.08168336673767636,-0.2589215636253357,0.03740033134818077,-0.9651740193367004
11601,11601,1,0.9981059,136.63268701622042,23.445630952253662,584.0403798700288,0.942696770846947,0.2118914451532776,-0.2886159121990204,0.1015210971236229,-0.9520474672317505
11602,11602,1,0.99661666,140.00642184426752,25.64872959566311,597.4387428101131,0.9871623894010093,0.36946128779648624,-0.327237069606781,0.16965147852897644,-0.929588258266449
11603,11603,1,0.997486,139.366646739973,28.13353457639801,614.0614967768048,1.038899080694203,0.5386811898578188,-0.3595934212207794,0.23596946895122528,-0.9027795791625977
11604,11604,1,0.99802494,136.7482907500354,28.41281100252517,602.0817764297727,1.0833415243320477,0.6775498130007105,-0.3945055603981018,0.2981310188770294,-0.8691854476928711
11605,11605,1,0.99823403,129.158026886167,29.595903228268856,584.2152283596207,1.1013700840788285,0.7537988150765205,-0.4064183831214905,0.3372150659561157,-0.8491820693016052
11606,11606,1,0.99831724,128.56179414298205,30.104893302810456,575.4136053678352,1.0959118541312598,0.7844802266041728,-0.4062904417514801,0.3553026020526886,-0.841836154460907
11607,11607,1,0.9984705,129.42454956982752,30.15997501579903,585.1947286259029,1.1076189006065835,0.828962019795697,-0.40951213240623474,0.367906391620636,-0.8348321914672852
11608,11608,1,0.9977041,127.7462549183117,30.69812432833795,579.2140384658795,1.12643529414599,0.8637282865505574,-0.42297130823135376,0.38240495324134827,-0.8214997053146362
11609,11609,1,0.9959157,126.6049267079926,31.97728520650269,579.5712350038449,1.158374239439262,0.9018505136218469,-0.44218477606773376,0.3914201855659485,-0.8070086240768433
11610,11610,1,0.9972813,126.64084121366754,32.30807460444792,582.4483811910867,1.1901972614818244,0.9275614993103635,-0.4606156051158905,0.39454489946365356,-0.7950896620750427
11611,11611,1,0.99789536,125.19474784456338,31.542087720348047,581.1198424845942,1.218595257826076,0.9279005154191431,-0.47724905610084534,0.3915911018848419,-0.7866954207420349
11612,11612,1,0.99658906,123.5663857410582,31.65842019871273,581.2765622636024,1.2337636205855829,0.8883020111755183,-0.485846608877182,0.3729499876499176,-0.7904817461967468
11613,11613,1,0.99662054,126.12367514979007,31.574266166785023,588.9634374400723,1.24297248546867,0.8657332913522934,-0.4904727041721344,0.358148992061615,-0.7944594621658325
11614,11614,1,0.99648106,125.35892759643683,31.507617429844917,588.6007029583587,1.252998860113338,0.8534350573674581,-0.49609825015068054,0.35185706615448,-0.7937777638435364
11615,11615,1,0.9966382,123.53186695473016,30.421303311269885,581.1929386678518,1.2427099006324753,0.842510335478642,-0.4922342598438263,0.35417279601097107,-0.7951522469520569
11616,11616,1,0.9973137,122.10944054970764,30.80193458921758,573.3768194531776,1.2274802596169745,0.8461894606800178,-0.48590922355651855,0.3616482615470886,-0.7956776022911072
11617,11617,1,0.99739873,122.44977442805418,31.380463271203578,581.7533674232636,1.2270814445703941,0.8656783305546433,-0.4807170033454895,0.3652479350566864,-0.7971857786178589
11618,11618,1,0.9972057,121.27142032461298,31.506866863528547,573.3093778852991,1.221974082377701,0.8440833233105454,-0.48176446557044983,0.36103054881095886,-0.7984735369682312
11619,11619,1,0.9974993,118.79015783300711,30.7497568059871,576.2019213078212,1.2335643094278157,0.8419036884421954,-0.48416411876678467,0.3584989607334137,-0.7981626987457275
11620,11620,1,0.99721766,120.22093431968983,31.161282219224223,579.8024660301778,1.242797904288442,0.847448805683354,-0.4893437623977661,0.3567066788673401,-0.7958033680915833
11621,11621,1,0.99786586,118.21314584220477,30.55977831223288,573.1723218222439,1.2312156769289124,0.8344195805016517,-0.4839780032634735,0.35750842094421387,-0.7987196445465088
11622,11622,1,0.9973189,114.80946769960167,30.29781813359341,562.4501313013033,1.2236054462294104,0.8149296471472233,-0.4820161759853363,0.3566072881221771,-0.8003072738647461
11623,11623,1,0.9970053,116.89836394995739,30.59625760046342,572.8051190759878,1.2361351878322688,0.8332123782875853,-0.4857437312602997,0.3566102981567383,-0.7980489730834961
11624,11624,1,0.9976012,113.7616727378118,30.728457590246848,559.8077315604935,1.221851187174286,0.8229190423615632,-0.481134831905365,0.3612704575061798,-0.7987446784973145
11625,11625,1,0.99780065,113.63931423999072,30.915420997786168,561.6679290972083,1.2251046306391578,0.8509402100829161,-0.48118874430656433,0.3716376721858978,-0.7939413189888
11626,11626,1,0.9978235,113.48577193839645,31.10668561157325,556.4356281750588,1.2247960738232875,0.8659834912285231,-0.48356613516807556,0.38037124276161194,-0.7883410453796387
11627,11627,1,0.99785453,112.78735806256121,31.128235438872338,555.8389476805838,1.2304713759036714,0.9097328585099594,-0.48518770933151245,0.3982429504394531,-0.7784570455551147
11628,11628,1,0.9980819,113.00013771776408,31.076387776088197,558.1118674938499,1.245052273905557,0.9610463610158368,-0.4912315607070923,0.41541266441345215,-0.765587329864502
11629,11629,1,0.99808204,112.28950174739514,31.214046980204035,555.6618724101075,1.2573286558168715,0.9997491196895699,-0.49775466322898865,0.4297766387462616,-0.7533474564552307
11630,11630,1,0.9983165,112.275362571162,30.985868563919656,551.2053890563842,1.2551575563661619,1.0056753056040175,-0.4986448585987091,0.4351366460323334,-0.7496728897094727
11631,11631,1,0.99841547,112.85924364129518,30.581352896812728,556.6668818186782,1.2540274177270647,0.9939509361807591,-0.49586620926856995,0.42825058102607727,-0.7554589509963989
11632,11632,1,0.99876213,113.29160467259378,31.23144329897923,551.3956201428247,1.2351343074758998,0.9459279346606738,-0.49001261591911316,0.4142742156982422,-0.7669840455055237
11633,11633,1,0.99871707,112.78269091566843,31.871864583005962,553.2292860889382,1.2361412833018919,0.9083403642671715,-0.4906267523765564,0.39684343338012695,-0.7757581472396851
11634,11634,1,0.9988838,112.76953034318053,31.246098257845148,547.1804283058168,1.2212100647962443,0.8465639695038155,-0.4867337644100189,0.3771488070487976,-0.7879397869110107
11635,11635,1,0.9988612,111.46376036065449,30.784896754864935,540.8367932552409,1.2128245841673122,0.8106026229991686,-0.48459047079086304,0.367016464471817,-0.7940220236778259
11636,11636,1,0.9987509,110.18477387196903,30.526855103257304,540.6472012727484,1.2132406847716881,0.7979591756439104,-0.48367053270339966,0.36213409900665283,-0.7968197464942932
11637,11637,1,0.99875474,112.2491359326073,31.282590363380802,549.237164035526,1.2175356117016967,0.8079416752207568,-0.48359352350234985,0.3600579500198364,-0.7978067398071289
11638,11638,1,0.9987758,112.89669731315827,31.065688430199263,550.0833573343672,1.2199449939026317,0.8082704927012929,-0.48536497354507446,0.35949262976646423,-0.7969855070114136
11639,11639,1,0.99905676,112.0038219177485,30.88728602641345,546.4533245600106,1.2223023182597816,0.8071641930321385,-0.48805373907089233,0.3607690632343292,-0.7947636842727661
11640,11640,1,0.99918646,112.23662003248224,31.329867615710715,546.4128162137579,1.2169034136642223,0.8079186698778511,-0.48495402932167053,0.3614225387573242,-0.796362578868866
11641,11641,1,0.999311,111.47439855937974,30.796315223339167,546.5263141144723,1.2182933484795702,0.8073152827643736,-0.4847052991390228,0.36182093620300293,-0.7963331341743469
11642,11642,1,0.9993231,111.08807051819538,31.04405036940463,545.6827208035529,1.224963778925878,0.8118919265996801,-0.48904189467430115,0.3627631366252899,-0.7932470440864563
11643,11643,1,0.99929476,111.31987188860813,30.704538101548092,550.9831406270862,1.228838414384799,0.8224137864381984,-0.4880984127521515,0.3645917773246765,-0.7929898500442505
11644,11644,1,0.99921584,109.65464533775196,31.024532690024643,542.3527635220061,1.225262959546446,0.8081509287974967,-0.4896713197231293,0.3630620241165161,-0.7927218675613403
11645,11645,1,0.99914956,111.31368706951577,31.799200818249574,547.8555739563477,1.2331003969910181,0.8235273800746112,-0.49307146668434143,0.364214152097702,-0.7900813817977905
11646,11646,1,0.9989506,110.09996927907157,31.426662845644625,543.3658414463977,1.2369134379176492,0.8141684512957869,-0.49704939126968384,0.36236295104026794,-0.7884383201599121
11647,11647,1,0.9986589,112.9144734723887,30.74374961348217,556.9231438845958,1.251515153068804,0.8366293896628704,-0.5002455711364746,0.3633177578449249,-0.7859737277030945
11648,11648,1,0.99862814,112.4444693069694,30.239682469686812,554.7918241568204,1.2556559461592227,0.8467775725082632,-0.5031182169914246,0.36867016553878784,-0.7816357612609863
11649,11649,1,0.998602,111.97401589944558,30.79402442514554,550.4066591354352,1.2516149845805544,0.8574357840928817,-0.5025931000709534,0.3753741979598999,-0.778777539730072
11650,11650,1,0.99844897,114.71683412339792,31.096511170777706,561.7528454982928,1.2493649743051523,0.8996259057850955,-0.4961303174495697,0.38702383637428284,-0.7772176861763
11651,11651,1,0.9980615,110.69890491199708,31.02919494101847,545.835208976278,1.2208268913244738,0.9086170351486796,-0.4824588894844055,0.40544888377189636,-0.7764307260513306
11652,11652,1,0.9979183,110.386344969087,29.671684200057815,539.921558110153,1.1953087399828235,0.931257729356297,-0.4673834443092346,0.42523032426834106,-0.775068998336792
11653,11653,1,0.9982243,115.65986619925702,31.302847091787285,559.8360967334476,1.195767115522629,1.042248133920809,-0.45858266949653625,0.45591503381729126,-0.7627866268157959
11654,11654,1,0.9984863,117.06012166462688,30.95011654917484,565.2894480759627,1.1917692906027981,1.1344691394263162,-0.4501759707927704,0.4891924262046814,-0.747015655040741
11655,11655,1,0.9980856,117.15815002314355,31.67074079899554,566.199724236606,1.205574399852122,1.2191124798624648,-0.45428013801574707,0.5158388614654541,-0.7263193726539612
11656,11656,1,0.9978421,116.90788261974451,30.53011039919595,565.8669010918389,1.1964027051561612,1.2780270245756307,-0.44445207715034485,0.5399896502494812,-0.7147542238235474
11657,11657,1,0.99720347,117.40878738671177,31.225805901653775,567.5626752581829,1.1902279123223916,1.338817701000508,-0.43684878945350647,0.5599839687347412,-0.703975260257721
11658,11658,1,0.99759066,116.21750623364295,30.61943409053529,565.264591897709,1.1877710668140427,1.3526924593945975,-0.4337986409664154,0.5675016641616821,-0.6998290419578552
11659,11659,1,0.9970415,117.39869195384436,31.58695945457592,578.597023959528,1.2269121221884007,1.403994573864586,-0.4504874050617218,0.5663481950759888,-0.6901527643203735
11660,11660,1,0.9970349,112.72302765309121,31.460885046515816,554.7288528198434,1.2282440123544938,1.3204459291300565,-0.4623802602291107,0.5542235970497131,-0.6921277046203613
11661,11661,1,0.9976373,113.13318885258813,31.500967490854404,552.8128047223646,1.217077408078964,1.2777064243081278,-0.4596708416938782,0.5431543588638306,-0.7026280164718628
11662,11662,1,0.99760616,114.08900406464399,31.2468183193389,572.6266097798401,1.2087700109885167,1.2998802483749097,-0.44461891055107117,0.5411227345466614,-0.7137928605079651
11663,11663,1,0.9975879,114.95843400900935,31.944475687941708,569.8001116348503,1.2113663522241298,1.2545335940280282,-0.4515678882598877,0.5255216360092163,-0.7210502624511719
11664,11664,1,0.99811506,114.38304610800179,30.76094644672564,565.5543779140617,1.202029565756501,1.2000256046328994,-0.4497721791267395,0.5121142864227295,-0.731740415096283
11665,11665,1,0.9982863,116.72567849040259,30.470243018794473,567.9148986396108,1.2099829445421955,1.175487774735699,-0.4577024281024933,0.4997035264968872,-0.7353944182395935
11666,11666,1,0.9980854,118.37686243910129,30.117889726140657,570.9080226358182,1.190714276095479,1.133437213785344,-0.4479852616786957,0.48641079664230347,-0.7501424551010132
11667,11667,1,0.9983961,116.81798188700316,29.517068737325598,563.9512878264475,1.1752908503980615,1.066961800481794,-0.44262924790382385,0.4693358838558197,-0.7640702128410339
11668,11668,1,0.99856853,122.21310238553092,30.37517061036979,587.221738740797,1.1751396056950691,1.0722804543171178,-0.43713244795799255,0.4559240937232971,-0.7752732038497925
11669,11669,1,0.9989618,125.37797945174894,30.353134522115482,595.4577354547001,1.1708747256817236,1.0760474616539326,-0.43389588594436646,0.4528576731681824,-0.7788801789283752
11670,11670,1,0.9987035,119.31739809041699,28.283936625942943,568.3818693047602,1.156717510254332,1.0275094328314995,-0.43240636587142944,0.45577019453048706,-0.7780092358589172
11671,11671,1,0.99879265,124.60490829692395,29.813191581798026,589.3818932972418,1.1670288635401855,1.0870065245478666,-0.43295082449913025,0.4618643820285797,-0.7741026282310486
11672,11672,1,0.99900466,122.37759933619634,28.795706627032946,579.8038276403227,1.1730944177080316,1.0946878533818776,-0.4383682906627655,0.4707184135913849,-0.7656744718551636
11673,11673,1,0.9991499,122.96439684738986,29.93111425674176,576.4134422807739,1.1834243135840243,1.1044054946452082,-0.4474075734615326,0.47266891598701477,-0.7592171430587769
11674,11674,1,0.999405,121.3432724506532,29.113849114449902,569.8844827891289,1.179399308784491,1.0898779011028012,-0.4466365575790405,0.47305068373680115,-0.7594332098960876
11675,11675,1,0.99924505,122.45864657368362,29.815508542476167,571.3897855920795,1.1739994420102442,1.0718317127912584,-0.444773405790329,0.4651709794998169,-0.7653709053993225
11676,11676,1,0.99927324,121.74776972665342,30.12431616541709,568.6071566145433,1.1742238414128205,1.0318205691799944,-0.4473775029182434,0.4508627653121948,-0.7723833918571472
11677,11677,1,0.999411,120.50126109290015,29.660342622991124,566.0991300069896,1.1767545832222945,0.9959719589792263,-0.45020124316215515,0.4383913576602936,-0.7779022455215454
11678,11678,1,0.9994073,123.79807498026655,31.019154985706802,579.4258386012776,1.1872341214927973,1.00948628613864,-0.45367756485939026,0.4320288896560669,-0.7794406414031982
11679,11679,1,0.99943346,122.36682116337194,31.474399249207412,572.0791594958027,1.1792525847047868,0.9974796555749685,-0.45137444138526917,0.4324641823768616,-0.7805356383323669
11680,11680,1,0.99940753,122.50916718505306,30.74142954745712,575.5470065550395,1.1796770796258274,1.0152595724071944,-0.4490111470222473,0.4385230839252472,-0.7785155773162842
11681,11681,1,0.9988906,122.14069170216703,30.446843302357053,576.3613422797666,1.1784286856494526,1.042964082457354,-0.44608670473098755,0.4497116506099701,-0.7737997770309448
11682,11682,1,0.9991503,122.02451298600592,29.246820772845325,577.8214423202372,1.1798656777930356,1.0798871810476949,-0.4441385865211487,0.46440619230270386,-0.7662035226821899
11683,11683,1,0.9993672,124.76600475217863,28.907685009988683,586.6900248904941,1.182293449034157,1.1320592869161061,-0.44201865792274475,0.4782436788082123,-0.7588824033737183
11684,11684,1,0.99920017,125.0851674913318,30.393747845544244,584.031512985349,1.1762089538913145,1.1547595954305723,-0.43926945328712463,0.4874540865421295,-0.7546064257621765
11685,11685,1,0.9993618,124.23935561003543,29.138815223786356,578.301880198719,1.1609693993853198,1.130377027570074,-0.4320121705532074,0.4863903224468231,-0.759466826915741
11686,11686,1,0.99935335,124.60067590823489,29.605542587009086,582.0717859699206,1.1518362461346108,1.1330319350881948,-0.42463231086730957,0.4864061772823334,-0.7636075615882874
11687,11687,1,0.9990213,125.29623986617396,28.86582846902526,584.3774547994146,1.1554551319672928,1.1062948353489583,-0.4276890754699707,0.4750315845012665,-0.76904296875
11688,11688,1,0.99884975,126.70367636308303,28.526124583088272,585.1630982043304,1.1664750010479203,1.085885081374465,-0.4369678497314453,0.46471893787384033,-0.7701268196105957
11689,11689,1,0.99882287,128.45286850423088,28.274738545069397,589.0611387444467,1.1657665695355985,1.0551323128253898,-0.437853068113327,0.4507990777492523,-0.7778592109680176
11690,11690,1,0.9989925,124.48472034359685,27.953380129477996,566.2124374488222,1.1591411609969566,0.9688954272981285,-0.4440326392650604,0.4317379891872406,-0.7851352095603943
11691,11691,1,0.99912864,125.56975984127617,29.25739779268028,572.9933467766607,1.1707867771630545,0.9771757969192553,-0.4494346082210541,0.4272843599319458,-0.7844976782798767
11692,11692,1,0.99914277,124.49508780028289,29.462653701998732,569.2189103420015,1.1859996760632394,1.014202440430464,-0.45863938331604004,0.44119879603385925,-0.7713582515716553
11693,11693,1,0.9994122,122.48392193994574,29.95300733663997,565.189912912599,1.1911103631890736,1.0378985608856168,-0.460796058177948,0.45170333981513977,-0.7639575600624084
11694,11694,1,0.9988518,120.51405933186864,29.291803034178816,570.9431719904754,1.1925323911277796,1.0975012582295152,-0.4532284736633301,0.47275787591934204,-0.755700945854187
11695,11695,1,0.99889296,121.8014123262722,32.29329891859026,579.8475434292164,1.1973618530492411,1.1719118830888196,-0.4505862295627594,0.49065396189689636,-0.7458088397979736
11696,11696,1,0.998662,120.58583289682565,29.481850117927042,585.9646510437075,1.2038201016104533,1.1947274111501767,-0.4480498135089874,0.4977787435054779,-0.7426087260246277
11697,11697,1,0.9989202,119.0430321782057,30.659933312327354,579.1170746104139,1.2065544058079025,1.2340948947454755,-0.44958528876304626,0.5141394138336182,-0.7304339408874512
11698,11698,1,0.9989033,117.77061729855002,30.036878290231105,570.4087501292662,1.238529077759387,1.256188313284278,-0.4704935848712921,0.5208854079246521,-0.7122599482536316
11699,11699,1,0.9991134,122.70844511041817,26.700036594684207,587.4787667105574,1.23468297642778,1.2714603019193211,-0.4634358584880829,0.5194851756095886,-0.7178874611854553
11700,11700,1,0.99897873,122.79900341908784,24.99373146154183,576.5804641574059,1.230106821289801,1.2324277084243316,-0.4677395224571228,0.5147764682769775,-0.7184880375862122
11701,11701,1,0.9986351,123.6058318018874,25.05054472672315,579.3016940700609,1.2603531247818018,1.143351922291977,-0.49017956852912903,0.4751697778701782,-0.7307103872299194
11702,11702,1,0.99678683,118.53517682448243,26.997027793890243,563.8216081658059,1.3193754503902502,1.0064041836642403,-0.5344820022583008,0.4188633859157562,-0.7340861558914185
11703,11703,1,0.99778664,117.97075281895287,28.76005804149698,575.8575630915658,1.4289341278241832,0.9049689081178157,-0.5884256958961487,0.3517271876335144,-0.7280407547950745
11704,11704,1,0.9970094,115.45631090671543,29.870423426197572,577.8956066018224,1.3904319398460354,0.8001258880645137,-0.569092869758606,0.315905898809433,-0.7591685652732849
11705,11705,1,0.9973998,108.85397247463719,32.88482646133972,559.5591752030656,1.2882048129702803,0.6805439266036586,-0.5201582908630371,0.28592443466186523,-0.8047873377799988
11706,11706,1,0.9989292,105.60334008426946,34.50101373985642,552.4335311443741,1.2295455685804422,0.6031952284185506,-0.4850844442844391,0.26022788882255554,-0.834850013256073
11707,11707,1,0.99869627,103.73225554061715,36.934051204795985,556.5378840029839,1.1872240810978743,0.5819817864972896,-0.4518374502658844,0.2511451840400696,-0.8560193181037903
11708,11708,1,0.9983348,102.6589277349313,37.37187717547253,562.6537873311976,1.1735199080807042,0.5360664169942121,-0.43672600388526917,0.22818855941295624,-0.8701726198196411
11709,11709,1,0.9989496,103.62852013308077,34.077568025770404,557.3560276623191,1.1692766642530583,0.46950087366277266,-0.43718090653419495,0.20307445526123047,-0.8761470317840576
11710,11710,1,0.9988728,104.47190707112031,35.10769315031367,551.4470370874338,1.1690184762543128,0.39788908375973636,-0.44088074564933777,0.1675131767988205,-0.8817955851554871
11711,11711,1,0.999102,106.42258409195493,32.540123981655334,550.5819714097478,1.1822619502744987,0.3613684668579039,-0.45231592655181885,0.1522817760705948,-0.878760814666748
11712,11712,1,0.99893457,109.02138564531528,32.51704639151318,560.8119812578647,1.2050697697517285,0.421177349197219,-0.46583953499794006,0.17651425302028656,-0.8670849800109863
11713,11713,1,0.99860495,112.5544067465446,31.9723358046854,561.4524048544339,1.2154438198001778,0.525660320156919,-0.47797971963882446,0.22520318627357483,-0.8490105867385864
11714,11714,1,0.9978988,116.33370925017287,32.529663391148276,576.2671783084553,1.214466789068062,0.7087677161076937,-0.4720876216888428,0.30221888422966003,-0.8281286358833313
11715,11715,1,0.9988249,118.56534650859906,33.329527348206625,578.2734794138051,1.201609794612219,0.9332985406643546,-0.46054336428642273,0.3978126049041748,-0.7935017347335815
11716,11716,1,0.9992768,122.64095081632757,34.25338486950824,590.5318162131024,1.2004473071089627,1.1775696683358554,-0.44852006435394287,0.4837876558303833,-0.7515180110931396
11717,11717,1,0.99947315,125.25141993046212,34.14499762118728,594.5217134833185,1.1826743588068356,1.4072303036520741,-0.42633962631225586,0.5625985860824585,-0.7083200812339783
11718,11718,1,0.9992136,122.3395780178791,32.36183789034278,586.9249393659661,1.2024081593248854,1.4455766466617899,-0.43531569838523865,0.5774711966514587,-0.6906716227531433
11719,11719,1,0.9989686,119.44725061932024,32.999298308100954,578.5486698399053,1.2159467865008995,1.421284286953732,-0.4456197917461395,0.5721253156661987,-0.6885460615158081
11720,11720,1,0.99768245,118.2811405959467,30.522666513161255,566.7103331817158,1.189530411184373,1.2864122658956048,-0.4408304691314697,0.5433952808380127,-0.714415967464447
11721,11721,1,0.99767023,119.70911308054968,28.246506419437925,562.9752047558841,1.1856698375203105,1.1628555988903662,-0.4482385516166687,0.5045487284660339,-0.7379111051559448
11722,11722,1,0.99794954,121.38940547087024,25.524547254364307,572.1019188326535,1.1870516483782687,1.0824597471392372,-0.4496604800224304,0.4717210829257965,-0.7584753036499023
11723,11723,1,0.9976017,125.51711192960772,23.660852076994974,571.7417613345742,1.1561189614244791,1.0063855708429237,-0.4375414252281189,0.4495045840740204,-0.7787832021713257
11724,11724,1,0.9971008,135.42974953215443,27.308929945553643,602.899520778038,1.1423181081633185,1.0542254403766236,-0.4240279793739319,0.44659045338630676,-0.7878815531730652
11725,11725,1,0.994985,134.72579116571873,32.09402370929402,584.5507744016131,1.1177236488589484,1.140935602777075,-0.41398927569389343,0.4885571002960205,-0.7680656909942627
11726,11726,1,0.9922157,142.91786608612378,38.15465079489133,603.5452408876193,1.1410755494203617,1.3481857096463838,-0.4220171272754669,0.5369160771369934,-0.7304948568344116
11727,11727,1,0.9943058,148.09013762501368,41.307841374529694,606.8177377066426,1.134392876760097,1.6254675994202368,-0.4074704051017761,0.6164495944976807,-0.6737639307975769
11728,11728,1,0.99561465,148.7231014324639,38.920612006113885,595.3924154597522,1.1309476855377842,1.8162001221996276,-0.3966231942176819,0.6750166416168213,-0.6221275329589844
11729,11729,1,0.997391,157.7992322760714,25.886708599071184,613.1051825581814,1.150943627179392,1.920001741006705,-0.40053901076316833,0.6911088228225708,-0.6016122102737427
11730,11730,1,0.9985905,161.49604355965815,22.227646162473235,607.1221018439304,1.197174571782841,1.8374269742014462,-0.43612292408943176,0.6669965982437134,-0.6040797829627991
11731,11731,1,0.9948394,163.0350620276916,25.604708575678767,592.1610457310828,1.2853115151948105,1.57589499617824,-0.5103093981742859,0.5851594805717468,-0.6302164793014526
11732,11732,1,0.99735117,170.55448352098324,30.02913605020191,604.7302966745483,1.395319427172194,1.4598306753598786,-0.5739427804946899,0.5149847865104675,-0.6366949677467346
11733,11733,1,0.99658656,166.55024285164436,30.35560488114714,584.4060413940825,1.3159791871147588,1.1473111339420339,-0.5630433559417725,0.4418575167655945,-0.6983868479728699
11734,11734,1,0.99236876,170.76219383895912,28.85777480247505,593.283210379738,1.2034393010395568,0.9055488662629949,-0.5126548409461975,0.3705340623855591,-0.7745254039764404
11735,11735,1,0.9973363,175.43325432208292,22.241380464139095,590.3881682817749,1.1224253162178308,0.7521245957237885,-0.47366398572921753,0.330131471157074,-0.8164898753166199
11736,11736,1,0.9972915,170.65475353525963,21.638077099895074,579.5008306981638,1.0967019611000124,0.6577115604115626,-0.45917606353759766,0.2994616627693176,-0.8363493084907532
11737,11737,1,0.9955688,179.20038145406014,22.345989592387365,604.8531216628877,1.1029503390248658,0.675293819709181,-0.45852434635162354,0.2936801016330719,-0.8387534618377686
11738,11738,1,0.9961492,176.7064641673999,21.454272033905323,598.5931751582829,1.089152153824055,0.6488800212888264,-0.45041146874427795,0.2882818877696991,-0.844998836517334
11739,11739,1,0.9949877,172.92741173610273,19.337608473258665,588.1404529860216,1.0723964935478125,0.6155597185509184,-0.4406488239765167,0.2836027443408966,-0.8517030477523804
11740,11740,1,0.99478394,173.86382882523102,19.456148226856737,584.7911904971106,1.0491059277914867,0.6153024801270353,-0.42813459038734436,0.28760331869125366,-0.8567293286323547
11741,11741,1,0.9921057,180.43255317780805,17.160167347387443,607.5546796845501,0.9864163425976975,0.6924135317948706,-0.37979328632354736,0.3229389786720276,-0.866872251033783
11742,11742,1,0.99535465,183.17647862381193,17.756735923109655,610.6640322167384,0.9001289094878006,0.6286987166307328,-0.31920433044433594,0.3025869131088257,-0.8980811834335327
11743,11743,1,0.9947096,188.28936167211177,19.05037970258638,616.4851473800323,0.8243854836482126,0.5314838922946419,-0.2648332118988037,0.26048803329467773,-0.9284445643424988
11744,11744,1,0.99485934,194.02966407957572,21.818899636245092,604.8520882518063,0.695394379512638,0.4158666774861572,-0.16831520199775696,0.2142186015844345,-0.9621748328208923
11745,11745,1,0.99451965,201.79729612081917,19.612702375658387,613.8978651985327,0.5903827455039369,0.22014640796589988,-0.08201201260089874,0.12219609320163727,-0.9891117811203003
11746,11746,1,0.99761957,203.89381480918533,18.960802432960733,611.0327937891415,0.4716849563544307,0.06389637234290788,0.02431328035891056,0.04907959699630737,-0.9984988570213318
11747,11747,1,0.99375534,205.93043387789498,17.193981354399593,604.2606743252067,0.33895134326687754,-0.07869637196463958,0.14191466569900513,-0.01489937398582697,-0.9897667765617371
11748,11748,1,0.9968533,197.1871113486518,17.13617892974077,573.8096482877106,0.25741530042375743,-0.20629085114929388,0.2365025132894516,-0.07689733058214188,-0.9685831665992737
11749,11749,1,0.99671066,196.56939863005496,18.021852282364254,562.605814499097,0.25398610531497007,-0.15743158101673926,0.24578571319580078,-0.055096033960580826,-0.9677570462226868
11750,11750,1,0.9974801,201.05887186458145,17.661329577703388,578.6991163015414,0.20021324098660506,-0.08108681189681517,0.27904871106147766,-0.013096085749566555,-0.9601876139640808
11751,11751,1,0.9984674,209.11076337523411,17.154405959401867,593.1988220946835,0.16733487745033307,-0.000587100961633699,0.2880822718143463,0.028662243857979774,-0.9571765661239624
11752,11752,1,0.99832374,214.35055927078335,17.14998366102078,602.2880014388949,0.15419364282152204,0.055076920793280346,0.286957710981369,0.05594031512737274,-0.9563084840774536
11753,11753,1,0.9985997,221.31689545533186,15.056925423319361,618.105626275161,0.12353534438733708,0.07733548164481735,0.2939407229423523,0.0692841112613678,-0.9533092975616455
11754,11754,1,0.99884677,217.35017915938786,15.876176112455463,609.6057775551889,0.12990323060679623,0.08264122130639623,0.2987407147884369,0.07123681902885437,-0.951671838760376
11755,11755,1,0.9987155,219.73921632348586,16.68591868998138,608.7184543447553,0.12833490026055272,0.0861435968915882,0.2968636453151703,0.07181848585605621,-0.9522153735160828
11756,11756,1,0.9985253,223.09143078474844,16.904019102066727,613.2526141680565,0.1154027840686169,0.12720148967911288,0.3001266419887543,0.09113338589668274,-0.9495360255241394
11757,11757,1,0.99844295,220.3556749710964,17.04916133257122,600.4518774233281,0.12636053685448995,0.11944180514217727,0.3014878034591675,0.08869694173336029,-0.949335515499115
11758,11758,1,0.99829286,224.5542334068443,16.992493953127248,613.3466293304996,0.11317505142608296,0.1099913341367183,0.2996782660484314,0.0827002301812172,-0.9504491686820984
11759,11759,1,0.99830425,226.7414779078049,16.447526518509644,619.2524166784059,0.1086495340182661,0.10659153281100066,0.2972652018070221,0.08131799846887589,-0.9513257741928101
11760,11760,1,0.9984102,222.7064496160577,16.674626114387422,606.2589669577279,0.1366561578656662,0.08763850708983612,0.28676819801330566,0.07285592705011368,-0.9552256464958191
11761,11761,1,0.99830604,226.04905916696774,16.38376152703403,615.6423391414066,0.12995927431734616,0.048680706196311506,0.2828085422515869,0.053619686514139175,-0.9576764702796936
11762,11762,1,0.9983109,230.13355390480373,17.009553110611776,626.5175603368915,0.11621561615199036,-0.027637260059813436,0.28243643045425415,0.016105711460113525,-0.9591508507728577
11763,11763,1,0.99813217,229.4110444530096,17.136532988456356,624.6306892265939,0.11372480756678992,-0.14503622413280073,0.28480803966522217,-0.03836163878440857,-0.9578166604042053
11764,11764,1,0.9980235,229.12661253907126,16.704946072074343,622.4823604389086,0.11606249102868338,-0.2350618899314893,0.282698392868042,-0.07864867895841599,-0.9559791088104248
11765,11765,1,0.99740535,225.13302119620877,17.08055951813291,612.1355967426914,0.12389245321168073,-0.2844460682874831,0.28569650650024414,-0.10288877040147781,-0.9527809023857117
11766,11766,1,0.9978461,232.71458101581808,17.215909056471954,632.9886502765102,0.10491822056503117,-0.32743453448381943,0.279621958732605,-0.11789467185735703,-0.9528443217277527
11767,11767,1,0.9981871,230.18552078658476,17.3961864849885,627.8637960241884,0.13187824653944133,-0.34511472579425834,0.26442253589630127,-0.1278446912765503,-0.9558956623077393
11768,11768,1,0.99778616,236.4494568920779,17.035931145765236,643.3540987944767,0.13473862333126055,-0.3261639348187964,0.24800880253314972,-0.11690954118967056,-0.9616775512695312
11769,11769,1,0.9972288,234.13598834640757,17.11574733883128,634.483046135393,0.16582297495039988,-0.28393934319310316,0.231343612074852,-0.10157636553049088,-0.9675548672676086
11770,11770,1,0.9973248,231.51126623438554,17.82323425093247,627.5630817808322,0.1477154766970548,-0.19797955587666827,0.2531912922859192,-0.06455240398645401,-0.9652601480484009
11771,11771,1,0.9972242,236.45498165950576,17.101950254905763,638.1861488054534,0.08742822158478727,-0.14012133991887613,0.28912973403930664,-0.03456100448966026,-0.9566658735275269
11772,11772,1,0.9969259,229.35605172080705,18.37504946289464,615.0640042807228,0.07679631050467844,-0.02465244562041159,0.3195453882217407,0.016538023948669434,-0.9474266767501831
11773,11773,1,0.9962883,233.050764426668,18.453130482488906,613.3496430921637,0.014457889137200855,0.07691983179023777,0.3635135293006897,0.06567876785993576,-0.9292708039283752
11774,11774,1,0.993946,230.55489003084958,18.6531024123281,601.6512755483242,-0.013534906270356535,0.1357724248157085,0.394582062959671,0.09478066861629486,-0.913959264755249
11775,11775,1,0.99156874,233.8477527652808,18.635752699366098,607.4288376028671,-0.06711322728731582,0.1336888340001875,0.4250321686267853,0.09307733923196793,-0.9003800749778748
11776,11776,1,0.99143094,240.09972905985626,17.727560208192106,620.4824332020393,-0.1410141517958361,0.15965513089628278,0.4588858187198639,0.10451868921518326,-0.8823263049125671
11777,11777,1,0.9924884,245.7041232399332,17.874483062496797,630.155764007001,-0.1759922664358573,0.22348255103154463,0.46868738532066345,0.13122032582759857,-0.8735635876655579
11778,11778,1,0.9933675,255.77897603748409,17.338001569834265,654.2391532857165,-0.2012504644824787,0.3159784971518813,0.4578607380390167,0.16796526312828064,-0.8730127215385437
11779,11779,1,0.9935727,244.20358881417727,18.329008205692848,624.2228398112825,-0.13907457810473253,0.2977018471861013,0.4501231610774994,0.16565077006816864,-0.8774673342704773
11780,11780,1,0.9928664,246.65266522409505,18.384207889559942,627.5285086798771,-0.16283214330048648,0.2143680725029273,0.4609045386314392,0.12720590829849243,-0.8782855868339539
11781,11781,1,0.99243903,247.6195118750401,18.01313189586374,630.4138932532019,-0.19930803283052628,0.22175979287087008,0.4807977080345154,0.12990835309028625,-0.8671547770500183
11782,11782,1,0.99156934,245.4108588850216,18.623007461236146,624.3884365971023,-0.19473635110667614,0.3020194084984118,0.48396357893943787,0.16542492806911469,-0.8593101501464844
11783,11783,1,0.99130803,252.3151713178237,17.6047910403806,639.2019930453024,-0.21992048367510747,0.3182631518981168,0.4821169078350067,0.17076154053211212,-0.8593042492866516
11784,11784,1,0.99039906,247.006979153035,18.647480947185727,625.8722378361118,-0.20674798121850885,0.29128279846139454,0.48867228627204895,0.16012592613697052,-0.8576474785804749
11785,11785,1,0.98780817,252.88241854921395,18.45475373590368,638.6318121709028,-0.24440651139916625,0.27921656398587963,0.4968245029449463,0.15211965143680573,-0.8544149994850159
11786,11786,1,0.98733044,243.69008501682416,18.86382727114036,616.2915178568613,-0.1981561842819705,0.3278871429484848,0.49291321635246277,0.17798921465873718,-0.8516786098480225
11787,11787,1,0.9874243,247.94700659978056,18.835811860315207,627.4027753515647,-0.20707564245942658,0.38063649164143837,0.4858538508415222,0.1988147795200348,-0.8511279225349426
11788,11788,1,0.988241,250.4986333678589,18.57492245158618,633.5413872410132,-0.2086802293271927,0.3053469340816692,0.4810216724872589,0.16514500975608826,-0.8610141277313232
11789,11789,1,0.9915665,252.1409830643635,18.80822013150456,638.5708962298178,-0.1956651806737368,0.2726017569891463,0.468313992023468,0.15007613599300385,-0.8707234263420105
11790,11790,1,0.99319893,251.5300090964366,19.198463627985507,634.6185233714558,-0.1950930665455058,0.17203065243762033,0.47113949060440063,0.10611812770366669,-0.8756520748138428
11791,11791,1,0.9944312,248.40373143137813,19.547452522443546,626.818339903297,-0.18734076624136872,0.09050614264274591,0.47410035133361816,0.07053406536579132,-0.8776410222053528
11792,11792,1,0.996329,250.9256986026534,20.29811193356372,636.0368700322097,-0.20067021760623246,0.050477766710905016,0.4732500910758972,0.05140404403209686,-0.8794270753860474
11793,11793,1,0.99671847,247.0101771540179,20.526467402444137,624.7432242659708,-0.18222373960693575,-0.015653153406967137,0.4720612168312073,0.022571608424186707,-0.8812767863273621
11794,11794,1,0.9971615,246.38040130853778,20.611374684610883,624.9540219210933,-0.1635144496707469,0.0293873538597163,0.46180155873298645,0.041914407163858414,-0.8859923481941223
11795,11795,1,0.9968894,247.67915606660668,20.60953244429778,630.1296590198301,-0.16403302451282475,0.09725832296045413,0.458398699760437,0.07156843692064285,-0.8858603835105896
11796,11796,1,0.99593544,242.80410574276496,21.569172993527193,615.2986848021716,-0.17827434719738422,0.1500466035594288,0.48286181688308716,0.09494182467460632,-0.8705345988273621
11797,11797,1,0.99430615,248.84391258195856,21.90499971435912,631.6426850569158,-0.24907841278083398,0.27649921267934174,0.5087031126022339,0.1467500925064087,-0.8483428359031677
11798,11798,1,0.9966953,255.10456043982632,21.90182379717723,643.5715322529194,-0.32641506753543026,0.3713700121922197,0.5372800230979919,0.18230457603931427,-0.8234654068946838
11799,11799,1,0.99756783,254.42771018244625,22.63554945734992,642.2280670298169,-0.32952704829445606,0.39017580735112595,0.5403279662132263,0.1891217678785324,-0.8199259638786316
11800,11800,1,0.99761117,254.8321328643841,22.253506071503324,640.2740353576647,-0.38342366535421724,0.44399297797753473,0.5682377815246582,0.20915630459785461,-0.7958388328552246
11801,11801,1,0.99659497,254.457753218128,23.393109754456134,641.3904867072421,-0.40506749686761667,0.46897729534074645,0.5783353447914124,0.21601366996765137,-0.7866806387901306
11802,11802,1,0.99765694,251.11351307354553,23.544186131269043,628.9101091910243,-0.37258081813731053,0.5261240037311065,0.5716920495033264,0.24353636801242828,-0.7834911346435547
11803,11803,1,0.99792373,258.59064714246637,23.842846230463877,646.789498653211,-0.39734336295702777,0.5865768664524657,0.5644444227218628,0.2619117796421051,-0.7828184366226196
11804,11804,1,0.9980414,253.91257796892205,24.540881592101737,632.4723829643876,-0.35488862869089527,0.6089047471106518,0.55531907081604,0.27661898732185364,-0.7842848896980286
11805,11805,1,0.9981509,249.47051308374088,24.894351674170718,621.7124556398267,-0.3380704622281333,0.6320065986094536,0.5566737651824951,0.28937169909477234,-0.778702974319458
11806,11806,1,0.99819475,251.38373714602994,26.114055863908977,626.2804411120967,-0.3786877234826286,0.6754656779827027,0.5715150237083435,0.3002665340900421,-0.7636822462081909
11807,11807,1,0.99849916,252.13545702758643,25.7679155495311,628.1747385220402,-0.3840442562028887,0.6317309154456056,0.5739975571632385,0.2824641168117523,-0.7685966491699219
11808,11808,1,0.9984006,254.22268939711378,24.606732164817192,634.4843223757274,-0.3936947738811024,0.608953664746552,0.5735749006271362,0.2726541757583618,-0.7724452614784241
11809,11809,1,0.99802125,249.97547018173154,25.421446832872906,627.0555908306343,-0.3946179192197701,0.5811526777141687,0.5836302638053894,0.2617010474205017,-0.7686925530433655
11810,11810,1,0.9979115,251.63768710012928,25.086293514602414,633.5726077040749,-0.4288234963688654,0.6071267989897545,0.5936789512634277,0.2679558992385864,-0.7587786316871643
11811,11811,1,0.9980153,255.53089042793135,24.26866398782524,643.5382699209384,-0.4516171157392673,0.6124095759743242,0.5945665240287781,0.2671455442905426,-0.7583692669868469
11812,11812,1,0.99797934,256.6561441916625,23.79468092080303,648.2880496089019,-0.4209603676781526,0.6761259579634302,0.5737938284873962,0.2937410771846771,-0.7645109295845032
11813,11813,1,0.9950296,255.60669942132031,23.02291882912853,649.5367639369639,-0.39958921655023877,0.5959739597014557,0.5662106275558472,0.2650689482688904,-0.7804767489433289
11814,11814,1,0.99248767,246.76696249138703,23.794503386352932,631.5633717623833,-0.32364166708406533,0.5307594356818678,0.5487300157546997,0.24719026684761047,-0.7986190319061279
11815,11815,1,0.99358976,251.62942499917764,22.68876448259518,646.9428545460235,-0.32023288944938283,0.496486026921305,0.5332766175270081,0.23159612715244293,-0.8136211037635803
11816,11816,1,0.99223834,243.97309014775487,23.166358214434826,631.1393840598365,-0.22099017482680358,0.506478891537656,0.4945164918899536,0.2446465939283371,-0.8340272307395935
11817,11817,1,0.9955987,248.05668995051724,22.723923698920697,648.1311686673472,-0.13817426854187828,0.6011992777257591,0.425417423248291,0.2861483693122864,-0.8585680723190308
11818,11818,1,0.9967874,237.15040123389983,23.255952232014067,624.6103435972369,0.060884407610274055,0.7216673099571238,0.30548667907714844,0.3588622510433197,-0.8819840550422668
11819,11819,1,0.99876404,212.48115665056756,20.472756159174313,605.1253431112169,0.3259116873644551,0.8324476812322033,0.1248493567109108,0.4305274486541748,-0.8939008712768555
11820,11820,1,0.9954633,197.89168661921153,17.99740328227647,609.4083285100379,0.548912337358806,0.9430484292396558,-0.051146164536476135,0.4738854765892029,-0.8790999054908752
11821,11821,1,0.99593395,183.90257299095708,17.51959093343254,616.1852629289821,0.7698273316797358,1.017904239812955,-0.21337975561618805,0.4823659360408783,-0.8495835661888123
11822,11822,1,0.9921273,169.4089146066893,16.735673865234062,618.4704177375023,0.9890938614388375,1.0160761889160956,-0.3558150827884674,0.453284353017807,-0.8172692656517029
11823,11823,1,0.99419254,162.11183217394372,18.972516427784054,617.5343675568345,1.0792378855674767,0.936152152510999,-0.4102165699005127,0.4073106050491333,-0.8159782290458679
11824,11824,1,0.9963863,160.09651319618146,20.524019911325425,622.2192942939643,1.1297551343959495,0.9074776785697859,-0.43858447670936584,0.38428565859794617,-0.812384307384491
11825,11825,1,0.99874914,151.39511047616804,22.162351864821517,616.5339934809093,1.173671882511687,0.92130620035396,-0.458357036113739,0.3852596879005432,-0.8009268641471863
11826,11826,1,0.9980883,147.077859673528,21.285471277854423,614.1942339339536,1.211131292567598,0.9246491352614714,-0.476665735244751,0.3835396468639374,-0.7910038828849792
11827,11827,1,0.996768,145.93675782205605,22.942498777586422,614.6967201015694,1.2456978947123234,0.9458871203413097,-0.49478957056999207,0.3838430345058441,-0.7796459794044495
11828,11828,1,0.998679,142.4878099486157,23.390087017867796,610.1128621759663,1.3025978435362928,0.9712560658731509,-0.524162232875824,0.38576433062553406,-0.7592363953590393
11829,11829,1,0.998796,141.44463756253882,22.868336421317494,616.6876367584044,1.4007500168000129,1.0306842623472692,-0.566394031047821,0.3879568576812744,-0.727108895778656
11830,11830,1,0.9981571,139.22319594048352,23.64804444721014,611.1656585534932,1.498998116501282,1.0794829539882187,-0.6095350384712219,0.3885189890861511,-0.6910282373428345
11831,11831,1,0.99714607,131.65837872350048,25.115808116987655,597.6254727488521,1.6053676310927554,1.1492657335203125,-0.6502974629402161,0.39664342999458313,-0.6479098796844482
11832,11832,1,0.9966839,127.90560056683914,25.95707159563047,596.0621393791616,1.7200784132062372,1.2877242312133648,-0.6813019514083862,0.41787105798721313,-0.6010087728500366
11833,11833,1,0.9955627,128.69037245584846,26.90715344915347,603.6266624879153,1.8268232767407317,1.4383533922905527,-0.7023051381111145,0.4363117814064026,-0.5624939799308777
11834,11834,1,0.9958448,124.8203246478251,26.608250140980033,589.4798394150517,1.8419439290171427,1.3873412009405017,-0.7138184905052185,0.4246208369731903,-0.5569204688072205
11835,11835,1,0.9967573,127.23729001579152,24.073855624292452,588.5625730412047,1.7217775841598544,1.2049575204713296,-0.6892034411430359,0.3968501389026642,-0.6062248945236206
11836,11836,1,0.99268204,130.09243466879718,22.042569758753277,592.0775141667032,1.5360319575111792,0.9498853485198998,-0.6331440806388855,0.3479304611682892,-0.6914281845092773
11837,11837,1,0.9956054,140.9193454662994,11.774219472946427,599.6857498366313,1.3613994588814078,0.7178837716112654,-0.5628941059112549,0.2976660132408142,-0.7710676193237305
11838,11838,1,0.9989672,151.58941372816545,5.7550353939777965,614.8812098014105,1.2538970461286905,0.5624630399942128,-0.5079950094223022,0.251057893037796,-0.8239606022834778
11839,11839,1,0.99886036,162.99037890962495,4.75719975888106,636.5360560450629,1.173013036796002,0.4613848592811479,-0.46084606647491455,0.21181316673755646,-0.8618330359458923
11840,11840,1,0.9991985,160.5131124337006,1.532243270140351,608.5214898287362,1.0965220895323458,0.3532545208147048,-0.42448583245277405,0.1846788078546524,-0.8864003419876099
11841,11841,1,0.9983191,164.0190250831349,-0.6741981226104569,603.975063249946,1.0473084463197482,0.3183134339910408,-0.39753276109695435,0.17735555768013,-0.9002847671508789
11842,11842,1,0.9987453,201.69516725072336,-0.8280174863192826,730.3538919062635,1.0319138124806366,0.37409280727536964,-0.3716623783111572,0.1701163649559021,-0.912648618221283
11843,11843,1,0.99790406,178.59858688744052,2.350204759381853,629.4997371375968,0.9881083647945167,0.3025838640008445,-0.36210939288139343,0.16299887001514435,-0.9177734851837158
11844,11844,1,0.9973959,177.80629886766266,3.0035151772509203,612.853255368529,0.9563174170997731,0.2785741950042005,-0.34633153676986694,0.15735593438148499,-0.9248208999633789
11845,11845,1,0.9978594,191.861942901999,1.3356617235079138,659.6653426600345,0.9415732332947756,0.3225330867318324,-0.333191841840744,0.1687024086713791,-0.9276436567306519
11846,11846,1,0.9982924,193.95775100634077,1.5148392308739649,656.8739155091884,0.9241019809532942,0.34940037496114174,-0.3256547451019287,0.18194131553173065,-0.9278180599212646
11847,11847,1,0.9976641,192.67195555906883,3.254976924983142,648.7812398139364,0.916370866388846,0.3981454403332215,-0.3231362998485565,0.20373371243476868,-0.9241620302200317
11848,11848,1,0.99763143,189.9097607047753,4.349395198700492,638.7078641261035,0.9236068299720739,0.4546514726362976,-0.3300434947013855,0.22988559305667877,-0.9155457019805908
11849,11849,1,0.9975726,188.20900198662744,3.64056884377446,630.5805181314286,0.9220098446090961,0.4873472988290369,-0.33058664202690125,0.24857079982757568,-0.910453200340271
11850,11850,1,0.99587494,187.4717830815133,4.153773436980853,632.0543240397004,0.9417451258324793,0.5329372112252398,-0.343443900346756,0.2656003534793854,-0.9008345007896423
11851,11851,1,0.996807,188.61573652231195,8.331528607204376,638.419780705162,0.9442479739844427,0.5821637189304065,-0.3445577025413513,0.27837520837783813,-0.8965418338775635
11852,11852,1,0.9984627,190.62882367735202,11.358736400120572,649.8415175953661,0.9539623667288738,0.6308677548414249,-0.3491968810558319,0.28931018710136414,-0.8912693858146667
11853,11853,1,0.99669844,184.08976843966786,11.095827991165699,634.7298154432915,0.9712311711983015,0.66390384843205,-0.35957351326942444,0.30875638127326965,-0.8805546164512634
11854,11854,1,0.99647266,174.32270779799956,12.553603693767263,602.7815339028656,0.9689561004534355,0.6441008317322651,-0.36079859733581543,0.3136420249938965,-0.878324031829834
11855,11855,1,0.9987232,183.27441922814174,7.796789466228933,629.0104545065941,0.9683758143373034,0.6406548090678581,-0.3587685525417328,0.3061899244785309,-0.8817782998085022
11856,11856,1,0.9984742,185.45292250417575,6.2508043447254975,627.2335607531118,0.9779879466423989,0.6202502559928046,-0.368993878364563,0.2987542450428009,-0.8801076412200928
11857,11857,1,0.997519,187.15050791903948,6.561293123034382,626.6210870893002,0.9681867604355145,0.5864077751924048,-0.36480534076690674,0.28477761149406433,-0.8864642381668091
11858,11858,1,0.9974976,189.3532524443741,5.031773555519446,620.0370788583905,0.9633710316437128,0.540505028398311,-0.36733779311180115,0.2694947123527527,-0.8901885151863098
11859,11859,1,0.9977825,187.77644474106114,8.95807691683145,604.7329626023297,0.93947346915676,0.5311831192423613,-0.3563734292984009,0.26828837394714355,-0.8949968814849854
11860,11860,1,0.9967499,186.48975286519547,10.578561280650437,601.909087583646,0.9289083168781399,0.5647522173854921,-0.3485577702522278,0.28380197286605835,-0.893288254737854
11861,11861,1,0.99451846,181.5855473104896,12.21785793487931,591.6196157961002,0.9378749921258138,0.6286609376340109,-0.35370931029319763,0.314814031124115,-0.8807847499847412
11862,11862,1,0.9967282,182.62165545135554,10.723511256781515,595.3571281194467,0.9202871967455736,0.7354843830895222,-0.33904218673706055,0.3653177320957184,-0.8669448494911194
11863,11863,1,0.9972899,183.439858093343,12.35910679197894,592.5293562111157,0.8808335955444349,0.7859422912610043,-0.3110721707344055,0.39207178354263306,-0.8657446503639221
11864,11864,1,0.9974293,183.80235379353596,13.638581421577717,596.9514508536053,0.8184715075349865,0.796899164434508,-0.2603949308395386,0.4008065462112427,-0.8783783912658691
11865,11865,1,0.9965004,180.83026014665214,13.609974254226872,580.8980055888597,0.6896253733910801,0.6586466451909833,-0.14966298639774323,0.36038973927497864,-0.9207172989845276
11866,11866,1,0.9941275,186.7908164124993,14.579947896473223,609.2997874148149,0.6337745186546386,0.6015509517311022,-0.10323165357112885,0.31955379247665405,-0.9419281482696533
11867,11867,1,0.9931971,191.8800318979153,14.943079336248474,615.051773274174,0.5946385151273834,0.5535903328298528,-0.07543215900659561,0.29517149925231934,-0.9524618983268738
11868,11868,1,0.989593,204.02156580342933,15.800157299620864,641.5257448525413,0.5453724345021633,0.5936688265628901,-0.05049432814121246,0.3024495244026184,-0.9518269896507263
11869,11869,1,0.990897,205.5893533657887,17.77474879425807,631.0711343926927,0.5402306943369668,0.6405225437504578,-0.05025665834546089,0.32657477259635925,-0.9438342452049255
11870,11870,1,0.9960394,209.11592288059467,20.867378882762377,626.6107278184445,0.5139958191249785,0.7151554950925517,-0.03474821522831917,0.36005899310112,-0.9322822093963623
11871,11871,1,0.9965796,213.72746783608704,20.60773292553453,634.2716959889739,0.465254010842713,0.7857400065777103,-0.0009210017160512507,0.38979631662368774,-0.9209007024765015
11872,11872,1,0.9961063,215.1862822116431,20.49827823692191,633.1511415568226,0.4376341179360061,0.8878659865616166,0.01847219653427601,0.435860812664032,-0.8998245000839233
11873,11873,1,0.996808,215.5687521150742,19.948039959280525,622.5370767462608,0.4107262818979104,0.9681027191061139,0.03958988934755325,0.4777798652648926,-0.8775870203971863
11874,11874,1,0.9965258,220.83198503803865,19.122205800111242,631.4775499152207,0.3479892312334244,1.1124023588631224,0.07941002398729324,0.5301532745361328,-0.8441751003265381
11875,11875,1,0.99783367,227.24059555955606,20.006799506145722,648.4297261831481,0.30809742545012386,1.218292039678038,0.09664660692214966,0.5560011863708496,-0.8255435824394226
11876,11876,1,0.99785453,226.06244363841833,23.975781377522747,642.2552544480988,0.30126892725338716,1.3069337675462942,0.10182080417871475,0.5864917635917664,-0.8035296201705933
11877,11877,1,0.99852115,217.5644623080016,31.178480385850587,622.7000521533248,0.34436163711612106,1.3193710336699245,0.08253476023674011,0.5975770354270935,-0.7975523471832275
11878,11878,1,0.9989256,215.75831985827236,34.758290627655526,616.9767845033647,0.40684057451828404,1.345126172057156,0.03397345915436745,0.606810986995697,-0.7941197752952576
11879,11879,1,0.9992124,213.15981305555718,38.9141276616218,619.8914817397671,0.4871473006841733,1.3182666635042257,-0.027901485562324524,0.5889107584953308,-0.8077163100242615
11880,11880,1,0.99876356,209.86120284457888,35.664024254054745,625.4972244129335,0.5782658982622557,1.2303493000159273,-0.09676472097635269,0.5515820980072021,-0.8284888863563538
11881,11881,1,0.9948139,200.78953080829683,30.3285552759716,616.5486166434016,0.6970216220199162,1.076476318397566,-0.1817183941602707,0.49547868967056274,-0.8493993878364563
11882,11882,1,0.9854283,198.74166574980677,26.60994146786582,626.6700784931126,0.7985372027602737,0.9671932789443455,-0.25681427121162415,0.4381856620311737,-0.861417293548584
11883,11883,1,0.99120915,197.18203566156262,24.772375760567286,638.148369266701,0.8956530566976193,0.8873635443269666,-0.32301607728004456,0.3894226551055908,-0.862560510635376
11884,11884,1,0.99592257,190.02386116391497,24.42488746162358,620.6545518987967,0.9695432649527842,0.7902320900695952,-0.3746454417705536,0.3494851887226105,-0.858778715133667
11885,11885,1,0.99513936,185.16478376951048,24.29851930549496,637.3870293219401,1.0270901762415172,0.7884487381436919,-0.3987903892993927,0.33464157581329346,-0.8538039922714233
11886,11886,1,0.99615735,171.20987573289835,24.834664133134634,629.3281523154552,1.0826903396264713,0.7979559745771212,-0.42165759205818176,0.3363919258117676,-0.8420483469963074
11887,11887,1,0.99748564,164.3455016000468,23.009989173880797,639.6917913867197,1.137202331140736,0.8424213402090182,-0.4409089684486389,0.34593960642814636,-0.828205943107605
11888,11888,1,0.9982095,159.3264903096485,25.903544225505602,647.8831037094684,1.212674436734529,0.9249310288782292,-0.4740571677684784,0.36063140630722046,-0.803252637386322
11889,11889,1,0.9979843,151.11655970044646,27.362315171699112,640.895122303312,1.2667380625510982,0.990398437644097,-0.49751484394073486,0.3793918788433075,-0.7800902724266052
11890,11890,1,0.9988188,148.9598799867423,27.78399404952206,636.9660555462305,1.3403342950212092,1.0330467396286025,-0.5343522429466248,0.38402697443962097,-0.7529881000518799
11891,11891,1,0.9983675,139.10897733123488,27.100841786435836,627.0698884324391,1.4420985803448547,1.0992992888307056,-0.5762802958488464,0.39628082513809204,-0.7147465348243713
11892,11892,1,0.99857306,133.54609542603956,27.253618256401083,612.7047069923657,1.5469992372093928,1.1534034857724744,-0.6216629147529602,0.40135279297828674,-0.6726449131965637
11893,11893,1,0.998176,136.62744483325582,27.264897273493926,638.5664760932592,1.650406427392787,1.2519851017194739,-0.6450695991516113,0.4037104547023773,-0.6487705111503601
11894,11894,1,0.9980744,130.76545727444616,28.057253591983425,618.195198416218,1.629702947253825,1.18916851595505,-0.6470136642456055,0.3955119252204895,-0.6518771052360535
11895,11895,1,0.99725014,131.68759724447276,28.811011113710226,625.7971520123833,1.5775371896119132,1.1118012678761005,-0.6278443932533264,0.37686818838119507,-0.6810153126716614
11896,11896,1,0.9982741,130.6093586903174,28.586917008776055,618.752263461735,1.504684929555186,1.025045396373157,-0.6045242547988892,0.3634878695011139,-0.7088208794593811
11897,11897,1,0.99305266,130.83346943913946,25.59682306955503,614.491389133328,1.4463537955036652,0.9922461550396715,-0.5816545486450195,0.3670102059841156,-0.7259349226951599
11898,11898,1,0.9969651,130.23916831423344,24.377991893362363,606.9455604044782,1.3858751197512997,1.0486190145084562,-0.5539261698722839,0.4024171829223633,-0.7288526892662048
11899,11899,1,0.99797684,131.867680729585,20.982900902094908,611.6497211640418,1.3278514029589,1.1678859796039351,-0.5168989896774292,0.4563896358013153,-0.7242403030395508
11900,11900,1,0.9958758,132.53050396855318,15.831272690888019,618.3481580494116,1.3325774770755163,1.3037179507312504,-0.5077934861183167,0.5020115375518799,-0.7000930309295654
11901,11901,1,0.99590296,134.7489381469346,17.913901110513894,630.4364383944818,1.3444816173317533,1.4994136697074008,-0.49951282143592834,0.5498182773590088,-0.6694676280021667
11902,11902,1,0.99488825,140.00583295527977,20.355317584811377,662.393511493562,1.4130652849129253,1.792523007023968,-0.50587397813797,0.5943523645401001,-0.6251694560050964
11903,11903,1,0.99504495,-138.5993858446806,-26.25777224335126,-665.8261660222469,0.28627031186768254,-2.188177251169007,-0.5157930850982666,0.6238296627998352,-0.5871917009353638
11904,11904,1,0.99456465,139.20889106265088,23.80057551390809,670.2896925786653,1.5717121440087687,2.141991798043263,-0.544698178768158,0.6333675980567932,-0.5496811866760254
11905,11905,1,0.9974809,136.19754748831284,22.069347039200817,661.793747072467,1.6708028797211516,2.1408900656152094,-0.5812787413597107,0.6177113652229309,-0.5296676754951477
11906,11906,1,0.99568945,130.37162280548503,23.422118231786616,664.0044015713191,1.7525207019380264,2.1705143107793687,-0.602976381778717,0.6072002649307251,-0.5174238681793213
11907,11907,1,0.99598676,124.19117383113478,22.630406620406045,661.5994657712641,1.7486056574699966,2.0599940607341805,-0.6068130731582642,0.5891240239143372,-0.5335829854011536
11908,11908,1,0.99613476,-121.35620733595472,-24.724709384123102,-684.0902802600262,0.042948101862484885,-2.1718082206021285,-0.5902405381202698,0.572303831577301,-0.569284200668335
11909,11909,1,0.9973122,108.97809868101984,26.561294124773625,674.5338675751968,1.6224295041514125,1.8606850997096638,-0.5622432827949524,0.5693402290344238,-0.5997784733772278
11910,11910,1,0.9962787,102.60072566614376,31.04197776513247,694.0348756333714,1.58028417051286,1.8203824888483078,-0.5375587940216064,0.5596141815185547,-0.6307634711265564
11911,11911,1,0.996736,89.13425502075025,34.68858221867027,676.7945697461454,1.4874654374875278,1.6674821413351317,-0.5031222105026245,0.547558605670929,-0.6686162352561951
11912,11912,1,0.99569654,75.92124535108276,38.56477056556575,665.2051000662981,1.4007608204047315,1.6090025715351615,-0.45745521783828735,0.5545598864555359,-0.6951245665550232
11913,11913,1,0.9952733,64.51902485672939,41.662217757051636,666.2286982735556,1.3401729076142181,1.6001885668505225,-0.41417962312698364,0.5636926293373108,-0.7146368622779846
11914,11914,1,0.9953431,59.93329520402218,44.07494225170425,668.8142349764299,1.3385105757610303,1.644879316862373,-0.4058736562728882,0.5745540261268616,-0.7107420563697815
11915,11915,1,0.99368954,47.957674939374364,49.13197336841181,667.0823450235157,1.4181983108661238,1.7705540986806256,-0.43230435252189636,0.594129204750061,-0.6783240437507629
11916,11916,1,0.990053,41.70739782481376,49.504682293778586,662.2000904342469,1.441792859238805,1.8271860018674815,-0.43700405955314636,0.6083045601844788,-0.6625655293464661
11917,11917,1,0.9951857,35.25142966062697,48.603717308926775,668.2224645796625,1.4803715143052438,1.9264474256279602,-0.44202089309692383,0.6250597238540649,-0.6433645486831665
11918,11918,1,0.9899316,31.511510126178752,47.93650707299889,674.1971840555659,1.5172798076055676,1.9637971547822166,-0.45224693417549133,0.6255829334259033,-0.6357033252716064
11919,11919,1,0.9887504,27.150641794169065,49.42770750923018,694.3815745511697,1.5798587969340763,2.0353335083350417,-0.4673016369342804,0.6212133169174194,-0.6290653347969055
11920,11920,1,0.99375725,25.512688761240167,51.241032813702255,693.7366375376924,1.6300858733873396,2.0016540683558572,-0.4916236698627472,0.6034301519393921,-0.6278361678123474
11921,11921,1,0.98786956,20.380063072666946,51.14203988009763,675.349480132125,1.6619731997285399,1.8685171001666283,-0.5166406035423279,0.574958324432373,-0.6344332098960876
11922,11922,1,0.9897305,19.15270820316906,49.55703937838843,668.1496387711233,1.7759393340811773,1.7787586837936533,-0.571566104888916,0.5341042280197144,-0.622932493686676
11923,11923,1,0.9855415,18.75156891102422,48.12414720575449,664.0446217847195,1.8874738786929826,1.6411301243378569,-0.6230186223983765,0.47909480333328247,-0.6183170080184937
11924,11924,1,0.9842652,16.952671619723372,46.65114098761461,653.8494781637074,1.9425144961713683,1.529634076121466,-0.6511741876602173,0.4436463713645935,-0.6157515645027161
11925,11925,1,0.9823699,16.804240827287078,46.65998661702389,649.65385139334,1.9618138696926208,1.4616011114997975,-0.6630366444587708,0.4225468635559082,-0.6179292798042297
11926,11926,1,0.98262167,16.577499955901715,44.85781257920464,661.2963977218241,1.9706251969058906,1.453996216945522,-0.6603641510009766,0.4172094762325287,-0.6243841052055359
11927,11927,1,0.98209274,18.801895573888643,44.84601946269734,642.5343532014865,1.9030166815846248,1.393249740315138,-0.6510851979255676,0.4170681834220886,-0.6341468691825867
11928,11928,1,0.9836736,18.993969807994677,46.20098741464853,660.7931902685856,1.8686776594681243,1.391271819963398,-0.6311239004135132,0.41585248708724976,-0.6547896265983582
11929,11929,1,0.98258454,20.52438101957237,42.85963380770969,640.4289400581937,1.7968064021036825,1.401732542441998,-0.613490641117096,0.4415726959705353,-0.6547082662582397
11930,11930,1,0.97697324,25.272321636040857,43.631919581861325,636.0108523611212,1.7519678070396716,1.3870206405537915,-0.6025181412696838,0.44509297609329224,-0.6624682545661926
11931,11931,1,0.9912544,27.58001124742651,41.16264964765934,629.9309497107892,1.6718456473100438,1.3356224288048522,-0.5755594968795776,0.44880640506744385,-0.6835964322090149
11932,11932,1,0.9970395,29.943587031981284,40.254654023229,626.3302679295394,1.5994626953296371,1.319861046877371,-0.5468066930770874,0.4595908522605896,-0.6998420357704163
11933,11933,1,0.99271566,37.08487649929529,37.802561293566356,629.512150376769,1.560564168407883,1.2955291692080182,-0.5334814786911011,0.45820897817611694,-0.7109444737434387
11934,11934,1,0.99439776,42.39681247452456,34.68104614000645,616.6307606434799,1.5162079048388293,1.2605231369217678,-0.5235390067100525,0.46250680088996887,-0.7155378460884094
11935,11935,1,0.9938783,49.59442108452945,32.24754764001947,622.9478776153043,1.5067514251633085,1.2200318991352128,-0.5237451791763306,0.4483228921890259,-0.7243601679801941
11936,11936,1,0.99233013,56.15285988186551,26.114261334141048,614.5538899165159,1.4392292321218816,1.1050463866203402,-0.5023859739303589,0.4297100603580475,-0.7503049969673157
11937,11937,1,0.9951267,69.00697960240102,22.979027939022952,650.2206368051869,1.429826592000194,1.059452450906311,-0.4929094910621643,0.3998279273509979,-0.7727728486061096
11938,11938,1,0.9952171,73.4747412491528,20.54443847345728,641.0786021569471,1.3857699342339573,0.8620330657316767,-0.48295527696609497,0.339872270822525,-0.8069950938224792
11939,11939,1,0.9860293,93.14006200115323,15.624722589485652,628.0558665116465,1.3151601846494123,0.6839695327622383,-0.47269076108932495,0.2865370512008667,-0.8333426117897034
11940,11940,1,0.9837204,104.40013030105001,13.01213492736683,628.2526092849324,1.2579363376911585,0.5471024928671665,-0.45103511214256287,0.238322451710701,-0.8600987195968628
11941,11941,1,0.99158853,110.71735609900763,12.239737133843576,621.129020914102,1.2311267938710602,0.4329522914962473,-0.4449235796928406,0.1944243162870407,-0.874209463596344
11942,11942,1,0.9940023,111.56066477419,12.053166525748352,603.0723896495068,1.204440196827794,0.3413031230795671,-0.4379652440547943,0.16073113679885864,-0.8845065832138062
11943,11943,1,0.99657416,116.15824453289032,12.948329980717455,608.7378223307006,1.193110092658764,0.30865845797311287,-0.43231192231178284,0.1439724862575531,-0.8901563882827759
11944,11944,1,0.99421376,118.52700199630321,12.469392120427557,615.8540481657648,1.182557901694648,0.28190153164533027,-0.4235306680202484,0.13195036351680756,-0.8962202668190002
11945,11945,1,0.9918079,119.37207974429016,11.067202001087168,585.477637690144,1.1524446856363078,0.28806757027938573,-0.4224538505077362,0.1450539082288742,-0.8947022557258606
11946,11946,1,0.9922134,122.90629957313554,8.902334575767357,578.4032027694358,1.1297831419711344,0.29226164806897664,-0.41558295488357544,0.15353211760520935,-0.8965036273002625
11947,11947,1,0.9964612,130.23426550554316,7.648947523786158,590.2235986722625,1.1079292196654025,0.2924164343533762,-0.4029407501220703,0.15405122935771942,-0.9021679162979126
11948,11948,1,0.99651873,136.18591817982858,6.818148813304165,595.251415437228,1.0845373477487126,0.28574027286325,-0.39134663343429565,0.15243950486183167,-0.9075295925140381
11949,11949,1,0.99762326,137.90129021614624,5.139908281809089,584.9202192867943,1.0600452495072912,0.2802716305362883,-0.38167113065719604,0.15667985379695892,-0.9109218120574951
11950,11950,1,0.9961624,142.49502171852455,4.910333987003391,597.5569173588434,1.0453672107196623,0.2878790029196878,-0.37050890922546387,0.15848517417907715,-0.9152079820632935
11951,11951,1,0.9975647,143.56869573877592,4.573667661408801,574.2787942561439,1.0252262848749245,0.28759858008614086,-0.36999568343162537,0.1661379337310791,-0.9140576720237732
11952,11952,1,0.9972812,147.98548168621068,3.5284868505788345,569.8781231690956,1.0117882605126103,0.272576907261039,-0.368228942155838,0.16225215792655945,-0.9154680371284485
11953,11953,1,0.9988716,150.3957928491591,3.9195788998490477,564.252240683769,0.9978816390398181,0.2984193880529969,-0.3649056851863861,0.17695865035057068,-0.9140729904174805
11954,11954,1,0.9979724,151.76069097513263,4.808310095744123,560.621465574659,1.0082889094689915,0.3323184049678954,-0.377837598323822,0.19235362112522125,-0.9056704044342041
11955,11955,1,0.99749446,155.06809946069302,6.731232434845474,564.49031678148,1.0157356490910956,0.3569308939924524,-0.3867166042327881,0.19910597801208496,-0.9004482626914978
11956,11956,1,0.99543697,159.43734924605266,6.642603140241256,575.5578916896758,1.0247763127719942,0.3602829822702386,-0.3931840658187866,0.19611404836177826,-0.8983014822006226
11957,11957,1,0.99774337,158.84638709397024,11.148708990982522,576.6066773027253,1.0337061041394757,0.34969120553501637,-0.39862602949142456,0.18271787464618683,-0.8987277150154114
11958,11958,1,0.99621326,155.52434734907712,13.271524020020053,571.0217052418411,1.0349068478969585,0.336664389361315,-0.398176908493042,0.17474499344825745,-0.9005106091499329
11959,11959,1,0.9957141,153.3802097496423,13.565707433981052,568.5782438060927,1.0282899891561241,0.33935946821557267,-0.3918018639087677,0.17711253464221954,-0.902841329574585
11960,11960,1,0.9978321,152.5386631963748,12.867555799239382,571.3870174783431,1.0313011806978813,0.31101935758424015,-0.39047327637672424,0.16339977085590363,-0.9059972763061523
11961,11961,1,0.9982256,153.36689192025128,11.547325474738164,581.188023070017,1.0452745394285843,0.33760080326904834,-0.3965294361114502,0.17460161447525024,-0.9012650847434998
11962,11962,1,0.9958473,153.81653966793223,10.524147755133328,583.8662473513044,1.052078341800807,0.3822129369209632,-0.40116384625434875,0.19608774781227112,-0.8947721719741821
11963,11963,1,0.9986368,151.05018106713152,8.819837657937718,573.5252462108548,1.0794902722648057,0.47841097846688807,-0.423743337392807,0.24485953152179718,-0.872058093547821
11964,11964,1,0.9983909,151.34547415215127,8.896568549902222,573.4840321252403,1.0519170196792598,0.5988128081419778,-0.4045003652572632,0.30443716049194336,-0.8623789548873901
11965,11965,1,0.99745864,156.50251894125427,7.3771980718150365,590.1571561731297,1.009536747562656,0.6867957149580105,-0.37077632546424866,0.3438246250152588,-0.862733781337738
11966,11966,1,0.9981025,155.71062590881124,8.510433880701648,584.996362796011,0.9589342388206913,0.6918492476176634,-0.33446452021598816,0.35424330830574036,-0.8732956051826477
11967,11967,1,0.99812907,156.7820804479895,8.492465275522397,590.9487633395206,0.935485916385614,0.7051740490774644,-0.3149769902229309,0.36018115282058716,-0.8780996203422546
11968,11968,1,0.9979366,154.22587665040712,9.110396515493214,580.8754435122311,0.9054706089981818,0.701465386306026,-0.2918688952922821,0.36739593744277954,-0.8830814361572266
11969,11969,1,0.9987103,164.83353585282393,7.516828764028684,621.3742727602067,0.9219406715241251,0.7772671806417912,-0.30232781171798706,0.3775281012058258,-0.8752545118331909
11970,11970,1,0.99920565,153.79809114340745,9.759066129541287,578.4715241609798,0.9460210771570453,0.7426752137723097,-0.3243962228298187,0.381059855222702,-0.8657715916633606
11971,11971,1,0.99909115,155.13422325396,8.77588460370291,588.9319761664568,0.986989025382338,0.7922752348724749,-0.35167428851127625,0.3922760486602783,-0.8499674797058105
11972,11972,1,0.9988877,156.3791607979496,9.610064683256534,599.2412091619065,1.0503670993852372,0.8463408919568567,-0.39269518852233887,0.3983866572380066,-0.828902006149292
11973,11973,1,0.99812216,151.5466561811664,11.317406182978848,592.4514448443,1.1247773299171662,0.8753813922143596,-0.4394007623195648,0.4002634882926941,-0.8041866421699524
11974,11974,1,0.9981889,149.85431364770852,12.017279399453123,590.0972617206925,1.1417978286303234,0.8589940634062411,-0.45019540190696716,0.3913993835449219,-0.802577555179596
11975,11975,1,0.9982844,147.47029334863427,12.936656203600995,594.9896409290643,1.1837011559044464,0.8794400292181912,-0.4704056680202484,0.3894931972026825,-0.7918418645858765
11976,11976,1,0.99885356,145.79615978079894,14.879735911849027,594.9282832636571,1.20297540630936,0.907487125262323,-0.4797837734222412,0.3951944410800934,-0.7833447456359863
11977,11977,1,0.9979772,142.74454792795026,13.709432721278707,589.1723502104778,1.2267775232968392,0.9268364872185828,-0.4926219880580902,0.40337520837783813,-0.7711108922958374
11978,11978,1,0.99834347,140.4881565850662,15.12835936776338,582.9629941865701,1.2451085620978584,0.9448160317234479,-0.5040081739425659,0.40866073966026306,-0.7609022855758667
11979,11979,1,0.9981098,142.11430500889819,16.281659470844676,591.7999725628584,1.228025078076045,0.9608804101397025,-0.4906732439994812,0.41207143664360046,-0.7677479386329651
11980,11980,1,0.99733657,139.7177779631991,16.32943430611925,585.2516591322643,1.182315448154769,0.9274992257193321,-0.4652223587036133,0.4112901985645294,-0.783842146396637
11981,11981,1,0.997638,139.18412501150922,16.28650195629054,587.5159174125376,1.1620731308881906,0.9071678183523065,-0.4512750208377838,0.40595492720603943,-0.7947021722793579
11982,11982,1,0.9976792,138.33150914178097,17.486047155219776,588.7933015994885,1.1408439424328207,0.9032679884268698,-0.4362974166870117,0.4062070846557617,-0.8028949499130249
11983,11983,1,0.9975084,139.52431298776156,17.039242017547107,595.7119072120353,1.1288937228504554,0.9038488179720654,-0.4261413514614105,0.4052949547767639,-0.8087889552116394
11984,11984,1,0.99738556,137.22916004003955,16.292928075364813,584.9318976013178,1.1100481287650372,0.8645779146169582,-0.41724297404289246,0.3994644284248352,-0.8162943720817566
11985,11985,1,0.9972909,139.64886079140345,16.185682437283262,595.1803266927087,1.1036620795067122,0.856861766249922,-0.410787969827652,0.39168065786361694,-0.8233100771903992
11986,11986,1,0.99713093,142.25975751017094,17.49705311784747,606.4458868049195,1.102701607749303,0.8514780886550188,-0.4080658257007599,0.3817344009876251,-0.8293136954307556
11987,11987,1,0.997017,139.69499882225549,17.907343250486825,598.3062759394394,1.0809541112241294,0.8028542641003269,-0.395211786031723,0.36881569027900696,-0.8412981629371643
11988,11988,1,0.9969535,140.49885547421403,17.920689331087388,602.2112289496105,1.0629809838942486,0.7697778582551927,-0.3822369873523712,0.3552972674369812,-0.8530291318893433
11989,11989,1,0.9968268,139.80948739467752,17.72586363049582,597.3303237483892,1.0403836369859816,0.7210780011501624,-0.3681718707084656,0.34000903367996216,-0.8653573393821716
11990,11990,1,0.99669695,138.32178932655074,17.563470693017152,592.9407767704338,1.0328508355685495,0.6624207473016528,-0.36323240399360657,0.3173164427280426,-0.8759980201721191
11991,11991,1,0.9967552,139.1114051349105,17.421909410679294,595.0562170466384,1.0757259699635746,0.6161572101772178,-0.3943171501159668,0.2899332344532013,-0.8720394372940063
11992,11992,1,0.99721414,140.8968732149198,19.086639903183347,603.8092868464614,1.1417091029405084,0.5858258702117873,-0.4368487000465393,0.26201897859573364,-0.8605285286903381
11993,11993,1,0.9978243,139.64816291074274,19.19878771119806,599.7118759528363,1.1703599008752688,0.531829351606952,-0.45608657598495483,0.23609162867069244,-0.8580476641654968
11994,11994,1,0.9978363,138.2095855579155,19.00943203254922,597.4182221463795,1.2047416223598968,0.48244874487627776,-0.47691404819488525,0.2114681750535965,-0.8531320095062256
11995,11995,1,0.99775296,137.82074355202965,19.731572481542653,596.610063983447,1.2519039395580385,0.4553617092916011,-0.5050216913223267,0.19365446269512177,-0.8411011099815369
11996,11996,1,0.99706846,138.42894539688373,20.17101746107055,605.0917140242951,1.241884877018072,0.41127036132432065,-0.4939518868923187,0.17278160154819489,-0.8521490693092346
11997,11997,1,0.9971621,137.06117476909745,20.13345991368217,598.1823571895662,1.1815983899248745,0.3544553806119165,-0.45879387855529785,0.1548081636428833,-0.8749529123306274
11998,11998,1,0.9975013,138.18611659958188,19.917953128121635,602.3480992126434,1.1213647686975994,0.3209527151120733,-0.41746002435684204,0.14391395449638367,-0.8972268104553223
11999,11999,1,0.9976705,143.56329439237604,17.005966365853023,621.3752072648202,1.0710842097823121,0.3509111697062788,-0.37990278005599976,0.1614556759595871,-0.9108270406723022
12000,12000,1,0.99708825,147.2421178081607,13.486624153376992,624.7845990398451,1.0422087330570142,0.3975860132437282,-0.36345231533050537,0.18908001482486725,-0.912223219871521
12001,12001,1,0.99739766,149.94838497678325,16.47074188879044,621.8780738705964,1.0027318378810526,0.49221098872975005,-0.34207412600517273,0.23178091645240784,-0.9106387495994568
12002,12002,1,0.99696547,158.66307380769481,16.148910067596862,653.7143028315897,0.9781992583571908,0.6354279434921307,-0.3226528763771057,0.28520888090133667,-0.9025248289108276
12003,12003,1,0.9955344,154.59922700746066,16.23125072996756,620.5346199552231,0.9732532308062706,0.7001766888090009,-0.328340619802475,0.3281814455986023,-0.885714054107666
12004,12004,1,0.9979748,152.6798422503457,13.707260496127043,609.3306258455588,1.0050291851933075,0.7619986383393993,-0.3531474471092224,0.3599773347377777,-0.8635410666465759
12005,12005,1,0.99895704,152.8274659349203,8.720706543111818,603.0815392666851,1.0169147973444383,0.7779988012011824,-0.36366772651672363,0.37495896220207214,-0.8527318239212036
12006,12006,1,0.9985416,163.48766856286375,3.4920860078437763,634.2974914205348,1.016511206174378,0.74537129732524,-0.3620354235172272,0.3512650430202484,-0.863448441028595
12007,12007,1,0.9979297,165.63742350964836,1.7962740832990178,636.3689148588713,1.012782836344661,0.7009092090995594,-0.36139199137687683,0.33428364992141724,-0.870431125164032
12008,12008,1,0.9990748,161.5752843750107,2.601036193143512,620.444520904297,1.0196686172670408,0.6560713175038975,-0.3689315617084503,0.3210321366786957,-0.8722544312477112
12009,12009,1,0.99811965,162.23084568077772,4.3787392860750005,617.7016419922106,1.01100059237451,0.6172134152799422,-0.36557736992836,0.30388274788856506,-0.8797775506973267
12010,12010,1,0.9981882,163.6767176406263,3.7691408438002583,621.6350239220986,1.0045324370193547,0.6029835502960298,-0.36093670129776,0.2974591553211212,-0.8838794231414795
12011,12011,1,0.9978398,160.45452141105048,3.5328254474380265,610.5462812279718,0.9972584767958631,0.5777049336198613,-0.3568427562713623,0.2925616204738617,-0.8871701955795288
12012,12012,1,0.99867225,165.76021907327964,3.10229747335188,634.9812193296444,1.0238203667465033,0.5948827513105811,-0.37037357687950134,0.28703975677490234,-0.883420467376709
12013,12013,1,0.99860555,162.37252224036212,3.695064087826706,625.5468605636123,1.0530559992275368,0.5832307539897399,-0.39066335558891296,0.28191715478897095,-0.8763018250465393
12014,12014,1,0.99775934,161.76147534155024,3.8439689147471277,629.2369910248033,1.0961238710207062,0.5014317377124589,-0.4161186218261719,0.240448996424675,-0.8769432902336121
12015,12015,1,0.99766624,171.47961946228884,1.3156165761747047,664.2781055670723,1.1083494116160642,0.4891794923772154,-0.4164089262485504,0.2257533073425293,-0.8807038068771362
12016,12016,1,0.9962608,166.5012219664316,3.8660577205866105,648.708133509754,1.0927351027438066,0.43893993452912466,-0.4087514281272888,0.20781761407852173,-0.8886699080467224
12017,12017,1,0.99885476,164.82063463639778,7.066605057668621,643.547606134997,1.091180551556121,0.43448751993631995,-0.4087940752506256,0.20318150520324707,-0.889721691608429
12018,12018,1,0.998069,158.80687044560523,8.805232671808184,611.840194480787,1.0741443238256967,0.4971796875723925,-0.4081912636756897,0.23992595076560974,-0.8808038830757141
12019,12019,1,0.9976078,169.43012212910128,3.9421448502986607,647.0377450273719,1.079921973451537,0.561793344065332,-0.4059395492076874,0.2607058584690094,-0.8759255409240723
12020,12020,1,0.99752516,172.92693888064522,2.1267794843256453,652.0217734065133,1.0608250128774759,0.5738286324606489,-0.3952050805091858,0.2680537700653076,-0.8786126375198364
12021,12021,1,0.9988341,170.4947158890545,1.3404761647447998,652.8319108244133,1.0779160894428133,0.7205365862993373,-0.40202152729034424,0.32676413655281067,-0.855338454246521
12022,12022,1,0.99880886,168.2596307960288,1.9927375033951549,643.484999369851,1.1486983929845407,0.8065302578160708,-0.4462822377681732,0.3540886342525482,-0.8218597769737244
12023,12023,1,0.99772805,165.82477284848613,-0.5707908177552857,640.9840992579728,1.2414683542509228,0.895504583598486,-0.4945638179779053,0.37770506739616394,-0.782780647277832
12024,12024,1,0.9979195,152.82904140637632,4.864290886710715,637.1746608111154,1.3181549539860107,1.0258469717768723,-0.5207161903381348,0.4097917973995209,-0.7489495277404785
12025,12025,1,0.9965348,140.64809451311348,7.423803237356009,640.5085738460433,1.4024236026268024,1.184466112842992,-0.542707085609436,0.44667848944664,-0.7112997770309448
12026,12026,1,0.99674463,129.25708510796503,13.393930018097501,636.8483655104509,1.4920810643160012,1.3309764704983182,-0.5693878531455994,0.47387373447418213,-0.6717448830604553
12027,12027,1,0.9945914,124.9367144219785,15.21595129718088,647.2447265922896,1.6708169826840744,1.5235611746144608,-0.621151864528656,0.4885641038417816,-0.612760603427887
12028,12028,1,0.9952872,122.15616299745874,14.186061214261729,640.9673423565048,1.7354383039869492,1.498219018292976,-0.6457086801528931,0.47285908460617065,-0.5995537638664246
12029,12029,1,0.99533695,116.50956272818819,17.20188402034589,645.0622328319592,1.7145092485396143,1.4725096523081707,-0.6357267498970032,0.46808579564094543,-0.6137974262237549
12030,12030,1,0.99536324,109.12914669790509,20.728333288350814,645.8558053457093,1.6699894965686481,1.4468849067771965,-0.6170445680618286,0.46885162591934204,-0.6320080757141113
12031,12031,1,0.98739374,102.29955664892788,23.73467101901858,656.5091655925834,1.6677529731153466,1.478885794776658,-0.6057288646697998,0.47410261631011963,-0.6389987468719482
12032,12032,1,0.9877523,99.47624556080808,25.447808772581663,669.430915760994,1.7141900582508176,1.5393500060242333,-0.6123436689376831,0.47664639353752136,-0.6307483911514282
12033,12033,1,0.99743587,95.24948892143925,24.570960952711037,672.6944885363436,1.7629228863137072,1.5577931910092855,-0.6240268349647522,0.4733063876628876,-0.6217488050460815
12034,12034,1,0.99262756,94.06883928389634,25.093607096073452,684.8423426579703,1.816714915534194,1.5536314361893673,-0.6367703080177307,0.4584304988384247,-0.6199718713760376
12035,12035,1,0.99286157,88.4049731290262,19.916449437000406,682.9708407610395,1.840237411249447,1.4631257183024438,-0.6450521349906921,0.43710657954216003,-0.6267739534378052
12036,12036,1,0.9937262,90.02000620899382,16.050852980789102,697.4235805226411,1.859152251707073,1.3719543084753596,-0.6492381691932678,0.40828949213027954,-0.6417083144187927
12037,12037,1,0.99683243,89.52629360092408,12.389625172439153,701.5188920538335,1.8523215550911232,1.253710378230153,-0.6490418910980225,0.3793186545372009,-0.6594406962394714
12038,12038,1,0.99684757,88.56197563066648,10.364071234613522,702.0630580797274,1.8027008642796254,1.1449125237908455,-0.6354318857192993,0.3580465018749237,-0.6841265559196472
12039,12039,1,0.997279,86.93161462421942,11.991931628817296,709.1042760914966,1.7742619413018426,1.1021867652514996,-0.6230456829071045,0.346736341714859,-0.7011334300041199
12040,12040,1,0.9966446,86.25734177936175,11.960958208343824,707.7738789337294,1.749933021865679,1.0722591041423986,-0.6154981851577759,0.3418991267681122,-0.7101175785064697
12041,12041,1,0.9959253,86.4778659783047,14.192519387223882,720.5135523840191,1.7255911363840006,1.0717044344843716,-0.6011788249015808,0.33954113721847534,-0.7233918905258179
12042,12042,1,0.99729174,87.04670017142496,14.890486923920465,729.6485893716648,1.6953481505742933,1.0812360450301595,-0.5857849717140198,0.34333664178848267,-0.7341498732566833
12043,12043,1,0.99705815,87.5942445821363,16.131971694400008,724.4522989005781,1.6567737057648735,1.080975910854218,-0.5739907026290894,0.3488292992115021,-0.7408460378646851
12044,12044,1,0.99683577,90.40094889595197,16.797559819338918,738.5717705855246,1.726078793771351,1.1749271460727966,-0.593275249004364,0.36160868406295776,-0.7192104458808899
12045,12045,1,0.9982805,90.88005428765989,17.747079216173137,738.6328636423896,1.7430327722999048,1.2833434188181676,-0.5964003205299377,0.3890366554260254,-0.7021090984344482
12046,12046,1,0.99831164,91.58807335933862,17.533318065847087,739.9821655420574,1.8096203000986604,1.3713424827453766,-0.616036057472229,0.40257522463798523,-0.6770766377449036
12047,12047,1,0.9981729,97.77103983628439,20.814880524602476,768.9973845692285,1.8192635146719724,1.4216752890838147,-0.6097507476806641,0.4020007252693176,-0.6830808520317078
12048,12048,1,0.9987601,101.8084611757452,21.33641611602828,785.1281727014949,1.810341612091353,1.4128112009380767,-0.6030895709991455,0.3951859772205353,-0.692900538444519
12049,12049,1,0.99874085,98.54505209890709,21.802890361144446,748.6537170977199,1.7276603454786197,1.2684449675745062,-0.5931562185287476,0.37872159481048584,-0.7104475498199463
12050,12050,1,0.99881697,102.34266943503218,22.21939040580823,758.1089310192633,1.7177402983610732,1.223342608501424,-0.5894561409950256,0.3634718060493469,-0.7214081883430481
12051,12051,1,0.99811137,107.78539208783293,21.800812006959344,777.1991166920003,1.6713546360780214,1.191272039389001,-0.5684534907341003,0.3545815348625183,-0.7423830628395081
12052,12052,1,0.99859864,107.04366529143742,22.562120863737807,763.5537057827142,1.6529748516764433,1.1573962894212424,-0.5681354403495789,0.35051867365837097,-0.744552731513977
12053,12053,1,0.9978522,112.14281817748254,21.991635887517162,777.7941003811533,1.6531188306778195,1.1749947132228526,-0.5649051666259766,0.35107263922691345,-0.7467464208602905
12054,12054,1,0.99702376,114.81044488424767,22.207893693634386,788.6045184253938,1.6936318822762193,1.1579390889363108,-0.5773857235908508,0.33727481961250305,-0.7435532808303833
12055,12055,1,0.99695575,116.08672277096632,22.73394170632928,795.8649577363652,1.6792578173913733,1.1178473159826336,-0.5707456469535828,0.32504144310951233,-0.7540540099143982
12056,12056,1,0.9968161,112.61797056933642,21.917373342026462,774.7658593267148,1.6738835588615029,1.0364973473643586,-0.5772769451141357,0.308777779340744,-0.755915105342865
12057,12057,1,0.9972849,110.94197196827936,22.664657424127586,778.5923865354698,1.6517318976872735,0.9972072353668784,-0.5667391419410706,0.2983623445034027,-0.7679756879806519
12058,12058,1,0.99820423,110.60731682256399,23.656802500690095,776.2103611355398,1.6724416621530902,0.9789488021043803,-0.5758453011512756,0.2901429831981659,-0.7643424272537231
12059,12059,1,0.9987827,106.18774432015304,24.12574072680646,764.8239724028623,1.6932961990426747,0.9473503377125877,-0.5863394141197205,0.2812010943889618,-0.7596920728683472
12060,12060,1,0.9994661,103.58750350968506,24.823640878714844,755.375322110166,1.7731141747271648,0.9769543316567588,-0.6170689463615417,0.2826661765575409,-0.734387993812561
12061,12061,1,0.99945647,100.75486840032288,26.30600183106039,754.8030818547591,1.800502666812882,0.9993228075350835,-0.6246415972709656,0.2852274775505066,-0.726958155632019
12062,12062,1,0.99935645,97.0952249679576,26.43603484804083,744.2937137546911,1.8276802144634243,1.0294293542737463,-0.6357383728027344,0.2935969829559326,-0.7138890027999878
12063,12063,1,0.99863404,96.57388752286579,27.30083622110908,755.2986879006494,1.8900471594727901,1.0912418018435757,-0.6488300561904907,0.3004741370677948,-0.6990957260131836
12064,12064,1,0.9987851,97.26687426112854,27.23817465525738,762.7466163286762,1.9670044952496917,1.1709738346169105,-0.6666209697723389,0.3111177384853363,-0.6773642301559448
12065,12065,1,0.99776673,96.71263828474166,27.273196951374633,775.8014341883878,2.076039799640042,1.2994580010122538,-0.6866011023521423,0.328146368265152,-0.6487672328948975
12066,12066,1,0.99862623,94.69592455458951,27.44144831198609,788.5133040841937,2.4303789892410474,1.743507529159056,-0.7426955103874207,0.3808944523334503,-0.5507475733757019
12067,12067,1,0.99746215,87.47416874754079,27.800897130619074,768.08327713538,2.712654257604655,2.246328879702295,-0.7704965472221375,0.442229688167572,-0.45909470319747925
12068,12068,1,0.9977835,86.08914193168846,28.138709220285758,773.2945081864145,3.205363452011605,2.882515564936646,-0.8006038665771484,0.47393175959587097,-0.36663633584976196
12069,12069,1,0.99430627,83.33651319314453,29.134301413626122,790.2694247959759,3.498106627304008,3.3300460331672253,-0.8057011365890503,0.4939657747745514,-0.3268693685531616
12070,12070,1,0.997081,81.462774254789,30.367442821770613,788.0330272145119,3.532329539559521,3.4891240247416704,-0.8011632561683655,0.5088797807693481,-0.31492671370506287
12071,12071,1,0.99725395,83.29776436896053,28.74696553855809,809.2871893073748,3.615826290077753,3.6348854244430866,-0.799238383769989,0.5140343904495239,-0.31142690777778625
12072,12072,1,0.99577785,80.02268896929438,26.01211785993466,775.5941167592663,3.6141899398169754,3.7389938523832917,-0.7965936660766602,0.5301721692085266,-0.29044109582901
12073,12073,1,0.9976374,80.37094313554972,24.40914311417011,790.6475597045201,4.0751080566966085,4.441437942263949,-0.8013303875923157,0.5470778942108154,-0.24202361702919006
12074,12074,1,0.9981608,73.30617596359329,26.7838366675609,786.4683146513572,4.428054040845152,4.972599077858234,-0.8041333556175232,0.5570444464683533,-0.20753546059131622
12075,12075,1,0.99745053,67.89009386313201,27.161049690620768,784.5316525802446,4.728198896892263,5.452784103284926,-0.8039510250091553,0.5661411285400391,-0.18206314742565155
12076,12076,1,0.9951649,66.08917286369336,25.724538514724458,778.2812246630742,4.529070308855869,5.293918926615714,-0.7962601780891418,0.574332594871521,-0.19003112614154816
12077,12077,1,0.9951397,58.00078418453071,27.0808999852257,778.5470798177481,3.896294897347501,4.469360770775151,-0.781528890132904,0.5740261077880859,-0.24434921145439148
12078,12078,1,0.9938846,51.15634183791534,28.876700724885566,768.5803117866154,3.2629792293989146,3.716498639413816,-0.7533090710639954,0.5791264176368713,-0.31166979670524597
12079,12079,1,0.98086745,46.63846136715441,26.64274744913853,749.2907660097836,2.884782239801125,3.351098733648605,-0.7226170897483826,0.5949479341506958,-0.3519397974014282
12080,12080,1,0.9723564,43.272112758132145,25.773081018981486,727.6388802724576,2.5720629369467742,3.046059827697467,-0.689852774143219,0.6098077893257141,-0.3901764154434204
12081,12081,1,0.9901647,43.293605844331616,24.056241956769146,711.593105810914,2.32995778990941,2.7992100194787564,-0.658072829246521,0.6204005479812622,-0.42666545510292053
12082,12082,1,0.98185873,44.177030527875196,24.584344684815647,712.8713557876541,2.1566674140531665,2.5523742241446077,-0.6328998804092407,0.6123862266540527,-0.47373080253601074
12083,12083,1,0.98102313,42.39011691858337,24.9777331958062,684.9289858654747,1.9081699322663592,2.05900788936012,-0.601786732673645,0.5763686895370483,-0.5528579950332642
12084,12084,1,0.9888433,40.99174636631388,22.63679415729956,662.0928247719235,1.7568073061354315,1.6951625029516024,-0.5790151953697205,0.5330199599266052,-0.6169531941413879
12085,12085,1,0.9819163,42.779819917843135,21.686895471000195,648.0058715878843,1.6638251464871527,1.4291202692931924,-0.5645774006843567,0.4852405786514282,-0.6676781177520752
12086,12086,1,0.9931768,42.58174917150368,22.698716674005954,636.8173787812451,1.6237823428578606,1.2672550812799706,-0.5611481666564941,0.44762930274009705,-0.6962332725524902
12087,12087,1,0.98921764,42.84339952058756,21.92705460519746,637.9079713394032,1.6309749781465623,1.228037752146782,-0.5657548904418945,0.43413862586021423,-0.7010314464569092
12088,12088,1,0.9891979,43.42199967925492,22.569448700775126,639.7395230869358,1.636192854725128,1.240131838890269,-0.5672757029533386,0.4354758858680725,-0.6989700198173523
12089,12089,1,0.9914717,41.679216241694824,21.458560191100087,635.0168061956955,1.6631162591009512,1.2822597226754238,-0.5774514079093933,0.44698643684387207,-0.6831932067871094
12090,12090,1,0.99246615,38.54818805453109,21.658318166942035,607.7365930079274,1.6705649377341467,1.3131954510643447,-0.5897241234779358,0.4663066267967224,-0.6593813300132751
12091,12091,1,0.993883,36.9337611086171,19.966626489883463,592.8099765272832,1.735986718901207,1.4652136357870806,-0.6119672656059265,0.5051989555358887,-0.6084982752799988
12092,12092,1,0.9957254,33.25879994225363,19.47735143279235,581.3270846717118,1.9508983854847304,1.7985670853541675,-0.6643029451370239,0.54871666431427,-0.5075546503067017
12093,12093,1,0.9986085,28.966228683707783,21.976935719006363,583.3722025157175,2.463484401295868,2.5174899522781256,-0.7311875820159912,0.5807698369026184,-0.3578702509403229
12094,12094,1,0.99604744,26.21559677591408,23.370159989526528,590.7317464253489,3.668564641899812,4.145555568736889,-0.7855556607246399,0.5909339189529419,-0.1835739016532898
12095,12095,1,0.96222496,17.222783047914128,30.840405575265333,635.9625859100311,6.305047884106684,7.642709511542237,-0.8108258247375488,0.5819402933120728,-0.0625062957406044
12096,12096,1,0.89660627,16.178833141484223,34.043263939599086,652.4503605494384,5.793447596095151,7.056677006573906,-0.8048450350761414,0.5878093242645264,-0.08188243210315704
12097,12097,1,0.96680576,16.159791184553516,32.21844274031444,636.2819540939664,3.8919909724153503,4.615778695459222,-0.7773861289024353,0.6032365560531616,-0.1782597452402115
12098,12098,1,0.95839584,12.990922138503686,36.504232557234936,644.2593802085156,3.001188573625858,3.540161315992822,-0.7360086441040039,0.6176531910896301,-0.2771206796169281
12099,12099,1,0.9957997,15.849174964385,38.39249243013999,664.3449626086264,2.553623619981163,3.1457461807701166,-0.6837747097015381,0.640032947063446,-0.3504425287246704
12100,12100,1,0.9907918,14.040700913040608,39.58761350583554,650.5045464474448,2.262431786460315,2.8794967915467016,-0.6396958231925964,0.6603328585624695,-0.3933825194835663
12101,12101,1,0.99284595,15.398416208297183,39.211136016885376,671.7959339510218,2.204254364289029,2.8124778403826465,-0.6257011890411377,0.6567429900169373,-0.42093557119369507
12102,12102,1,0.9842876,17.557323591665902,36.99274299569513,678.5832732047814,2.024245125477231,2.520324567336789,-0.5952505469322205,0.6441185474395752,-0.48040419816970825
12103,12103,1,0.98175967,18.083708783004457,36.77579048631139,676.9511797151287,2.0692267616410285,2.4008658702662085,-0.6191496849060059,0.6144495010375977,-0.48898422718048096
12104,12104,1,0.96193963,22.895991840356885,34.58160667558082,674.5834126275253,2.0980194943837875,2.3371921620478897,-0.635191798210144,0.597240686416626,-0.48972955346107483
12105,12105,1,0.9729033,23.91869774927207,33.56648597410281,681.0499550529746,2.0381152035119015,2.2209547597818657,-0.6244816780090332,0.5854171514511108,-0.5170197486877441
12106,12106,1,0.96532995,26.624851850972277,33.52927463735724,682.638603731425,2.038676188130643,2.1817171636922525,-0.6286229491233826,0.5761671662330627,-0.5223644971847534
12107,12107,1,0.9787659,29.72838434879243,33.80719862445159,690.6211133189919,2.0595292988702414,2.255809175950338,-0.6288415193557739,0.5831400752067566,-0.5143015384674072
12108,12108,1,0.98955953,33.035183960618106,30.731526257966305,676.5729973286083,1.983223654735525,2.1198594097786927,-0.6207057237625122,0.5760327577590942,-0.5318935513496399
12109,12109,1,0.9773158,34.791049411537706,29.378304960312033,671.8719933791461,2.1165592219220493,2.2680932536789826,-0.6511290669441223,0.5802719593048096,-0.48919877409935
12110,12110,1,0.96604997,38.8920633444427,30.3902401547427,683.923635585651,2.1957633603663242,2.4642378796203306,-0.656649649143219,0.5955301523208618,-0.4627690613269806
12111,12111,1,0.9713679,39.48100422630028,31.31103893674924,674.836436652724,2.134283978698331,2.4673905467769077,-0.6429433226585388,0.6095437407493591,-0.46376752853393555
12112,12112,1,0.95646113,41.746247273354605,32.62877794891858,681.5958163594449,2.248917719430262,2.6311242619628734,-0.6600988507270813,0.6118119955062866,-0.4358389973640442
12113,12113,1,0.96762913,47.819593079207685,34.72626927781506,680.4727559655961,2.254018107237761,2.5608704815985446,-0.6705628037452698,0.5963358283042908,-0.4412812888622284
12114,12114,1,0.9816097,53.13604473247954,36.40916636962285,676.3580010140126,2.1449054612465295,2.2985331098358923,-0.6669886708259583,0.5688251256942749,-0.4812110960483551
12115,12115,1,0.9928919,57.95428371081034,36.66674347802118,669.0995242677059,2.145476607867515,2.0578470993092246,-0.6893262267112732,0.5209830403327942,-0.5033944249153137
12116,12116,1,0.9908331,62.00694570312637,36.50526295850053,660.2027266545474,2.0283887967826177,1.7250168209454864,-0.6856126189231873,0.46975284814834595,-0.556118369102478
12117,12117,1,0.99453753,68.40697298561422,36.90430309319091,677.0533413558886,1.9202535577159152,1.4786218410975944,-0.6650291085243225,0.42010194063186646,-0.617455005645752
12118,12118,1,0.9945134,70.86647613924757,36.53925666241625,674.9282919716871,1.8113017417113235,1.1695344481888679,-0.6455942392349243,0.35043954849243164,-0.6785279512405396
12119,12119,1,0.9934349,78.77368343371957,35.86710321568057,676.8649833706471,1.7013958083323093,0.9808156511431867,-0.615642249584198,0.30565109848976135,-0.7263346910476685
12120,12120,1,0.9930582,82.92666385299934,39.47922573032467,680.4864405812666,1.6136955351660767,0.8693132268185102,-0.5845203995704651,0.27418506145477295,-0.7636481523513794
12121,12121,1,0.9955694,92.35432555326275,38.52731276757978,714.270385073191,1.604819510025101,0.8403522521958641,-0.5703936815261841,0.2564204931259155,-0.7803201675415039
12122,12122,1,0.99151236,99.62929650991327,36.46847231383196,727.537584300046,1.5610401902530542,0.823773307385588,-0.5506585836410522,0.253669798374176,-0.7952526807785034
12123,12123,1,0.9957468,100.62347412363344,34.82791606501143,705.9645124371374,1.5838768083545869,0.817469421022072,-0.5721968412399292,0.25573664903640747,-0.7792237401008606
12124,12124,1,0.9965834,100.80935641438832,35.715119547435656,700.933612074609,1.656974654172916,0.8728017807782791,-0.6039426922798157,0.2657300531864166,-0.7514258623123169
12125,12125,1,0.99612325,107.94622758781514,33.327075558756945,724.8822924745176,1.7704446801288327,1.0086651100352204,-0.6348443031311035,0.29006117582321167,-0.716126561164856
12126,12126,1,0.9975134,113.12040769654158,32.139019305522076,755.4898699671244,1.8491678276482475,1.169532381543512,-0.6451065540313721,0.31972968578338623,-0.6939816474914551
12127,12127,1,0.9957683,110.2514508233886,31.834391930076197,740.6692378607517,1.8790943271853036,1.252049766478526,-0.6568082571029663,0.3427218198776245,-0.671673059463501
12128,12128,1,0.995971,109.72945596678564,29.630859294532716,732.6956951632941,1.812940297683088,1.2380894349752147,-0.6395018696784973,0.35227665305137634,-0.6833290457725525
12129,12129,1,0.9970583,111.60447525828143,28.38433213511324,758.4782466328143,1.809196333316389,1.3150321200978428,-0.6251704692840576,0.3681262731552124,-0.6882187724113464
12130,12130,1,0.99624544,111.5234315226037,28.03254356978516,752.3382582565955,1.7686993270147646,1.359755346415182,-0.6127972602844238,0.38813143968582153,-0.6883556842803955
12131,12131,1,0.99635845,108.58761667080535,27.047222438317856,751.0157063790434,1.7444572838249117,1.3946181200296954,-0.6016230583190918,0.4031962752342224,-0.689552366733551
12132,12132,1,0.9961845,105.80661045486109,29.07020770539916,766.1350153302427,1.8182347219889181,1.4279407021159236,-0.6174192428588867,0.39564791321754456,-0.6798942685127258
12133,12133,1,0.996384,105.37489543109437,30.220994943972517,773.8384518543312,1.9301378785965682,1.4059537991165514,-0.6494283080101013,0.3709118664264679,-0.6638277769088745
12134,12134,1,0.99862754,99.64609730790595,26.86583952878178,763.1545077245792,1.9327392178336873,1.2913863738422355,-0.6544973254203796,0.3474225103855133,-0.6715139150619507
12135,12135,1,0.99832743,100.23460269768266,23.163453544734292,778.2086535099435,1.9782451203451188,1.1386719573354849,-0.6645434498786926,0.30096888542175293,-0.683958888053894
12136,12136,1,0.9984428,99.51460360107939,22.17880814124902,771.792028405724,1.9476514468495723,0.9430633843656667,-0.661533772945404,0.2533450722694397,-0.7058253288269043
12137,12137,1,0.99767476,98.00320838210985,25.49062334150744,784.9090115838299,1.950765436688748,0.855758974429717,-0.6568407416343689,0.22361025214195251,-0.7201102375984192
12138,12138,1,0.9978073,100.10767397416623,25.01030873065044,785.6075275006642,1.9493705732633586,0.7684640421249244,-0.6575089693069458,0.1992265284061432,-0.7266297936439514
12139,12139,1,0.99772865,100.16355522879083,25.39286705601504,792.5223762910327,1.9790409058522116,0.7676205161127452,-0.6627925038337708,0.19513411819934845,-0.7229306697845459
12140,12140,1,0.9978115,100.06029742985083,25.58140857409796,788.0867017530109,1.9752186533653462,0.75106296516666,-0.6637445092201233,0.19126541912555695,-0.7230911254882812
12141,12141,1,0.99761593,100.2013460469134,26.107166213460122,790.291421553009,1.9766372952017406,0.705586497254145,-0.6631796360015869,0.17760416865348816,-0.7270830273628235
12142,12142,1,0.9979603,99.74056202632505,26.21878404679128,789.3537092013609,1.974444559371884,0.6664751981760204,-0.6626043319702148,0.1668279767036438,-0.7301533818244934
12143,12143,1,0.99780184,101.9111562584576,26.97362418922407,805.2674110149759,2.023060824235031,0.6552964874753048,-0.6697449684143066,0.157473623752594,-0.7257022261619568
12144,12144,1,0.99785525,101.005843588041,26.495794047085184,807.3591255665727,2.003658930813124,0.7046881793212113,-0.6632626056671143,0.17274785041809082,-0.728176474571228
12145,12145,1,0.9981559,99.06633785609192,25.972342788117118,792.379348470523,1.8882439192201559,0.782108222498243,-0.6356645822525024,0.20668235421180725,-0.7437829375267029
12146,12146,1,0.99799156,99.05433393928611,27.143361703170754,798.2391038678315,1.7798004216649317,0.9454268142192018,-0.5969940423965454,0.262177973985672,-0.7581958174705505
12147,12147,1,0.9989028,95.01530295657403,32.67650930522459,768.2359545240619,1.711557673323497,1.127468030471397,-0.5821312069892883,0.32567712664604187,-0.7450219392776489
12148,12148,1,0.9983993,96.30806802613621,37.83283517698304,799.0138663682015,1.7529930165230434,1.4786702440735486,-0.5757914781570435,0.404192179441452,-0.7106989026069641
12149,12149,1,0.99522096,85.45728153483186,56.50678364390658,754.5940953752315,1.6954406799750146,1.7224726801454115,-0.5600273609161377,0.4776734709739685,-0.6769028902053833
12150,12150,1,0.98657435,86.58675562320781,68.61285358284934,786.5986552943832,1.6694325393600629,1.9367921748387922,-0.5317038297653198,0.5140796899795532,-0.6730625033378601
12151,12151,1,0.9973334,85.56129036553102,66.88576856515861,795.9151757927789,1.6050169048130773,1.916173386957095,-0.5027124285697937,0.517909049987793,-0.6921347379684448
12152,12152,1,0.9969216,88.81280966678484,56.92023623232756,805.517152522494,1.5863838371733157,1.7986200293269652,-0.496743768453598,0.4953375458717346,-0.7126615643501282
12153,12153,1,0.98688865,90.24172984848614,46.672240929233595,799.3089227257473,1.5447514551268664,1.5768047549919204,-0.488808810710907,0.4544970393180847,-0.7446464896202087
12154,12154,1,0.9937139,91.73838212950416,43.97166014805538,796.6344468926533,1.5143099980074566,1.4415312014851376,-0.48164811730384827,0.42458850145339966,-0.7666418552398682
12155,12155,1,0.9948362,96.81933861375494,44.611198298473916,817.4211464514445,1.5467998577368343,1.3943354148992708,-0.49286559224128723,0.398130863904953,-0.7736765742301941
12156,12156,1,0.9942988,100.06258014234821,46.61697856537836,846.300670502384,1.6210625188398442,1.4216137087576979,-0.5136908292770386,0.3845832943916321,-0.7669532895088196
12157,12157,1,0.99797493,96.35953958323402,45.8715947172405,839.2879458126466,1.6635437563863544,1.4394281752423295,-0.5295776128768921,0.3874141573905945,-0.7546242475509644
12158,12158,1,0.99563074,95.30547662662967,44.096299796080785,878.2900051979706,1.819980617400286,1.689980484257549,-0.5615221858024597,0.4204401671886444,-0.7126871347427368
12159,12159,1,0.9987539,83.10833245813747,42.87827957925274,848.7628219077372,2.0551839110529073,2.0632853444210175,-0.620685338973999,0.48106247186660767,-0.6191354393959045
12160,12160,1,0.9988959,79.35149883203674,46.76352300136995,856.9182532282733,2.4670671213096425,2.7780295105394903,-0.677516520023346,0.5434818863868713,-0.495579332113266
12161,12161,1,0.9986418,51.794950712271145,52.30989170364737,812.451403150017,2.9310994844220586,3.605164488062872,-0.7121437788009644,0.5990565419197083,-0.36603623628616333
12162,12162,1,0.99768186,28.21076268259114,50.78199956016811,805.8390528922024,3.355572878028435,4.633692020649316,-0.7060814499855042,0.652906060218811,-0.27415814995765686
12163,12163,1,0.9916603,4.062772812528384,47.27231937559264,799.4881775897306,3.0874961567874886,4.5643122945055925,-0.6632474064826965,0.690345823764801,-0.2890080511569977
12164,12164,1,0.98806775,-22.726964252449136,49.36712467643125,795.6045516094404,2.80145747010032,4.120006600282665,-0.6328438520431519,0.6974287629127502,-0.3363061249256134
12165,12165,1,0.9950995,-51.6366964961778,51.92606812432562,784.4021984032789,2.66394120204683,3.6887952038102623,-0.6246752738952637,0.6825352907180786,-0.37937650084495544
12166,12166,1,0.9924976,-69.22983228124552,52.21763824684833,807.3850854846428,2.472396403873634,3.3769617711650635,-0.5892701148986816,0.6770775318145752,-0.4408251941204071
12167,12167,1,0.98971516,-113.25074148282692,38.57172318481104,791.4337032258054,2.5310248204974326,3.0707632320401483,-0.6029882431030273,0.6488067507743835,-0.46417146921157837
12168,12168,1,0.97052246,-137.6936599595349,25.670350867457614,811.3503758947687,2.803692164885977,3.099994298721884,-0.6469817757606506,0.6164506077766418,-0.44877976179122925
12169,12169,1,0.95683587,-157.14054378792537,-2.7957995184113345,805.4522257668001,3.0071369032424107,2.9648817561973217,-0.6832757592201233,0.5846962332725525,-0.43733808398246765
12170,12170,1,0.97937644,-158.35330846175836,-37.28952931172828,771.6489430105217,2.940709492894361,2.3002081661968927,-0.7087212800979614,0.516698956489563,-0.4803503453731537
12171,12171,1,0.9924604,-185.82873906532674,-79.34510811653276,838.3815488232591,1.7885564072522704,0.8431727877225582,-0.3331078290939331,0.3667067289352417,-0.8686572313308716
12172,12172,1,0.7123189,-218.1847212302616,-138.1166110712478,1024.4225978737766,0.3579812618947577,0.21924557744575932,0.43791303038597107,0.20655837655067444,-0.8749661445617676
12173,12173,1,0.5808582,-251.69786299493043,-267.7821163731214,1219.5184368364087,-2.209682335292886,-0.559066157061903,0.8449180722236633,0.07982414215803146,-0.528905987739563
12174,12174,1,0.8904812,-261.9827613032607,-299.79275212695455,1210.2981648507248,-3.3116751896677625,-1.7175486759605272,0.8964745402336121,-0.03904879465699196,-0.44137126207351685
12175,12175,0,0.0,"[[0.]
 [0.]
 [0.]]","[[0.]
 [0.]]","[[0.]
 [0.]
 [0.]]",,,,,
12176,12176,0,0.0,"[[0.]
 [0.]
 [0.]]","[[0.]
 [0.]]","[[0.]
 [0.]
 [0.]]",,,,,
12177,12177,0,0.0,"[[0.]
 [0.]
 [0.]]","[[0.]
 [0.]]","[[0.]
 [0.]
 [0.]]",,,,,
12178,12178,0,0.0,"[[0.]
 [0.]
 [0.]]","[[0.]
 [0.]]","[[0.]
 [0.]
 [0.]]",,,,,
12179,12179,0,0.0,"[[0.]
 [0.]
 [0.]]","[[0.]
 [0.]]","[[0.]
 [0.]
 [0.]]",,,,,
12180,12180,0,0.0,"[[0.]
 [0.]
 [0.]]","[[0.]
 [0.]]","[[0.]
 [0.]
 [0.]]",,,,,
12181,12181,1,0.77132756,-601.6087160467174,-740.232928016488,2533.679951423688,5.223556223758447,-4.40825832741761,-0.48718276619911194,-0.17864283919334412,-0.85483318567276
12182,12182,1,0.86138076,-569.2796917779938,-632.4369518693699,2192.6928189864716,0.9478352310688432,-5.896980236886554,0.21286185085773468,-0.3775149881839752,-0.9012060165405273
12183,12183,1,0.8882996,-637.7536070441863,-628.7837296577763,2143.9793148493354,4.143490386915157,-3.9686841872772614,-0.38288185000419617,-0.20855465531349182,-0.899948000907898
12184,12184,1,0.9078048,-688.6639652825367,-599.0385124062642,2200.5429722314852,3.536751217608162,-3.3461720580715566,-0.26248958706855774,-0.15688923001289368,-0.9520950317382812
12185,12185,1,0.9401691,-716.0294076395721,-568.2781444661124,2064.2578670813796,3.169646654552411,-2.487782629592464,-0.20118536055088043,-0.07678017765283585,-0.9765394330024719
12186,12186,1,0.9701016,-565.1939490254513,-441.0437104599775,1553.1923673015672,3.3587628580301256,-0.6714632524190663,-0.4087572395801544,0.12437018752098083,-0.9041292071342468
12187,12187,1,0.879034,-686.7980943673747,-481.5995076934175,1801.300925695141,3.7345649046825113,-0.24369046082473042,-0.39655622839927673,0.18569649755954742,-0.8990327715873718
12188,12188,1,0.88631403,-613.3768695899366,-413.4874876455793,1546.9176457195824,3.5672572582128788,0.2138639292841072,-0.44386085867881775,0.24806629121303558,-0.8610753417015076
12189,12189,1,0.6960403,-784.7433887168917,-476.4282122592226,1864.9135698033126,4.243551840126714,1.0913544407800333,-0.4504404366016388,0.3404877483844757,-0.8253312110900879
12190,12190,1,0.9131374,-845.8070188575638,-459.0561684672717,1851.5410805408644,4.546368356870033,1.384710141967178,-0.48584750294685364,0.36098775267601013,-0.7960151433944702
12191,12191,1,0.94094515,-934.3069427614819,-434.73133410761557,1902.3393042746286,4.886074068572321,1.8406248277071218,-0.5042997002601624,0.38787761330604553,-0.7715132832527161
12192,12192,1,0.8740556,-1047.1558236268795,-464.6571181107491,2013.405881397973,7.361902180662412,2.6745396517612856,-0.7291176319122314,0.35011547803878784,-0.588053286075592
12193,12193,1,0.80175155,-1060.3311767654125,-403.3831203707843,1933.2169859003307,8.572162791803292,3.000391653842825,-0.8099732398986816,0.3118371069431305,-0.4966900944709778
12194,12194,1,0.96836156,-1147.9380371874634,-425.2702262412233,1976.7223253257337,9.619095460942752,2.7300043117194903,-0.843423068523407,0.2637229561805725,-0.46806809306144714
12195,12195,1,0.8404319,-1546.6327124652496,-558.5196627778437,2621.596966243615,49.93875389136647,14.369330761430813,-0.9821453094482422,0.15761840343475342,-0.10269825160503387
12196,12196,0,0.0,"[[0.]
 [0.]
 [0.]]","[[0.]
 [0.]]","[[0.]
 [0.]
 [0.]]",,,,,
12197,12197,0,0.0,"[[0.]
 [0.]
 [0.]]","[[0.]
 [0.]]","[[0.]
 [0.]
 [0.]]",,,,,
12198,12198,0,0.0,"[[0.]
 [0.]
 [0.]]","[[0.]
 [0.]]","[[0.]
 [0.]
 [0.]]",,,,,
12199,12199,0,0.0,"[[0.]
 [0.]
 [0.]]","[[0.]
 [0.]]","[[0.]
 [0.]
 [0.]]",,,,,
12200,12200,0,0.0,"[[0.]
 [0.]
 [0.]]","[[0.]
 [0.]]","[[0.]
 [0.]
 [0.]]",,,,,
12201,12201,0,0.0,"[[0.]
 [0.]
 [0.]]","[[0.]
 [0.]]","[[0.]
 [0.]
 [0.]]",,,,,
12202,12202,0,0.0,"[[0.]
 [0.]
 [0.]]","[[0.]
 [0.]]","[[0.]
 [0.]
 [0.]]",,,,,
12203,12203,0,0.0,"[[0.]
 [0.]
 [0.]]","[[0.]
 [0.]]","[[0.]
 [0.]
 [0.]]",,,,,
12204,12204,0,0.0,"[[0.]
 [0.]
 [0.]]","[[0.]
 [0.]]","[[0.]
 [0.]
 [0.]]",,,,,
12205,12205,0,0.0,"[[0.]
 [0.]
 [0.]]","[[0.]
 [0.]]","[[0.]
 [0.]
 [0.]]",,,,,
12206,12206,0,0.0,"[[0.]
 [0.]
 [0.]]","[[0.]
 [0.]]","[[0.]
 [0.]
 [0.]]",,,,,
12207,12207,0,0.0,"[[0.]
 [0.]
 [0.]]","[[0.]
 [0.]]","[[0.]
 [0.]
 [0.]]",,,,,
12208,12208,0,0.0,"[[0.]
 [0.]
 [0.]]","[[0.]
 [0.]]","[[0.]
 [0.]
 [0.]]",,,,,
12209,12209,0,0.0,"[[0.]
 [0.]
 [0.]]","[[0.]
 [0.]]","[[0.]
 [0.]
 [0.]]",,,,,
12210,12210,0,0.0,"[[0.]
 [0.]
 [0.]]","[[0.]
 [0.]]","[[0.]
 [0.]
 [0.]]",,,,,
12211,12211,0,0.0,"[[0.]
 [0.]
 [0.]]","[[0.]
 [0.]]","[[0.]
 [0.]
 [0.]]",,,,,
12212,12212,0,0.0,"[[0.]
 [0.]
 [0.]]","[[0.]
 [0.]]","[[0.]
 [0.]
 [0.]]",,,,,
12213,12213,0,0.0,"[[0.]
 [0.]
 [0.]]","[[0.]
 [0.]]","[[0.]
 [0.]
 [0.]]",,,,,
12214,12214,0,0.0,"[[0.]
 [0.]
 [0.]]","[[0.]
 [0.]]","[[0.]
 [0.]
 [0.]]",,,,,
12215,12215,0,0.0,"[[0.]
 [0.]
 [0.]]","[[0.]
 [0.]]","[[0.]
 [0.]
 [0.]]",,,,,
12216,12216,0,0.0,"[[0.]
 [0.]
 [0.]]","[[0.]
 [0.]]","[[0.]
 [0.]
 [0.]]",,,,,
12217,12217,0,0.0,"[[0.]
 [0.]
 [0.]]","[[0.]
 [0.]]","[[0.]
 [0.]
 [0.]]",,,,,
12218,12218,0,0.0,"[[0.]
 [0.]
 [0.]]","[[0.]
 [0.]]","[[0.]
 [0.]
 [0.]]",,,,,
12219,12219,0,0.0,"[[0.]
 [0.]
 [0.]]","[[0.]
 [0.]]","[[0.]
 [0.]
 [0.]]",,,,,
12220,12220,0,0.0,"[[0.]
 [0.]
 [0.]]","[[0.]
 [0.]]","[[0.]
 [0.]
 [0.]]",,,,,
12221,12221,0,0.0,"[[0.]
 [0.]
 [0.]]","[[0.]
 [0.]]","[[0.]
 [0.]
 [0.]]",,,,,
12222,12222,0,0.0,"[[0.]
 [0.]
 [0.]]","[[0.]
 [0.]]","[[0.]
 [0.]
 [0.]]",,,,,
12223,12223,0,0.0,"[[0.]
 [0.]
 [0.]]","[[0.]
 [0.]]","[[0.]
 [0.]
 [0.]]",,,,,
12224,12224,0,0.0,"[[0.]
 [0.]
 [0.]]","[[0.]
 [0.]]","[[0.]
 [0.]
 [0.]]",,,,,
12225,12225,0,0.0,"[[0.]
 [0.]
 [0.]]","[[0.]
 [0.]]","[[0.]
 [0.]
 [0.]]",,,,,
12226,12226,0,0.0,"[[0.]
 [0.]
 [0.]]","[[0.]
 [0.]]","[[0.]
 [0.]
 [0.]]",,,,,
12227,12227,0,0.0,"[[0.]
 [0.]
 [0.]]","[[0.]
 [0.]]","[[0.]
 [0.]
 [0.]]",,,,,
12228,12228,0,0.0,"[[0.]
 [0.]
 [0.]]","[[0.]
 [0.]]","[[0.]
 [0.]
 [0.]]",,,,,
12229,12229,0,0.0,"[[0.]
 [0.]
 [0.]]","[[0.]
 [0.]]","[[0.]
 [0.]
 [0.]]",,,,,
12230,12230,0,0.0,"[[0.]
 [0.]
 [0.]]","[[0.]
 [0.]]","[[0.]
 [0.]
 [0.]]",,,,,
12231,12231,0,0.0,"[[0.]
 [0.]
 [0.]]","[[0.]
 [0.]]","[[0.]
 [0.]
 [0.]]",,,,,
12232,12232,0,0.0,"[[0.]
 [0.]
 [0.]]","[[0.]
 [0.]]","[[0.]
 [0.]
 [0.]]",,,,,
12233,12233,0,0.0,"[[0.]
 [0.]
 [0.]]","[[0.]
 [0.]]","[[0.]
 [0.]
 [0.]]",,,,,
12234,12234,0,0.0,"[[0.]
 [0.]
 [0.]]","[[0.]
 [0.]]","[[0.]
 [0.]
 [0.]]",,,,,
12235,12235,0,0.0,"[[0.]
 [0.]
 [0.]]","[[0.]
 [0.]]","[[0.]
 [0.]
 [0.]]",,,,,
12236,12236,0,0.0,"[[0.]
 [0.]
 [0.]]","[[0.]
 [0.]]","[[0.]
 [0.]
 [0.]]",,,,,
12237,12237,0,0.0,"[[0.]
 [0.]
 [0.]]","[[0.]
 [0.]]","[[0.]
 [0.]
 [0.]]",,,,,
12238,12238,0,0.0,"[[0.]
 [0.]
 [0.]]","[[0.]
 [0.]]","[[0.]
 [0.]
 [0.]]",,,,,
12239,12239,0,0.0,"[[0.]
 [0.]
 [0.]]","[[0.]
 [0.]]","[[0.]
 [0.]
 [0.]]",,,,,
12240,12240,0,0.0,"[[0.]
 [0.]
 [0.]]","[[0.]
 [0.]]","[[0.]
 [0.]
 [0.]]",,,,,
12241,12241,0,0.0,"[[0.]
 [0.]
 [0.]]","[[0.]
 [0.]]","[[0.]
 [0.]
 [0.]]",,,,,
12242,12242,0,0.0,"[[0.]
 [0.]
 [0.]]","[[0.]
 [0.]]","[[0.]
 [0.]
 [0.]]",,,,,
12243,12243,0,0.0,"[[0.]
 [0.]
 [0.]]","[[0.]
 [0.]]","[[0.]
 [0.]
 [0.]]",,,,,
12244,12244,0,0.0,"[[0.]
 [0.]
 [0.]]","[[0.]
 [0.]]","[[0.]
 [0.]
 [0.]]",,,,,
12245,12245,0,0.0,"[[0.]
 [0.]
 [0.]]","[[0.]
 [0.]]","[[0.]
 [0.]
 [0.]]",,,,,
12246,12246,0,0.0,"[[0.]
 [0.]
 [0.]]","[[0.]
 [0.]]","[[0.]
 [0.]
 [0.]]",,,,,
12247,12247,0,0.0,"[[0.]
 [0.]
 [0.]]","[[0.]
 [0.]]","[[0.]
 [0.]
 [0.]]",,,,,
12248,12248,0,0.0,"[[0.]
 [0.]
 [0.]]","[[0.]
 [0.]]","[[0.]
 [0.]
 [0.]]",,,,,
12249,12249,0,0.0,"[[0.]
 [0.]
 [0.]]","[[0.]
 [0.]]","[[0.]
 [0.]
 [0.]]",,,,,
12250,12250,0,0.0,"[[0.]
 [0.]
 [0.]]","[[0.]
 [0.]]","[[0.]
 [0.]
 [0.]]",,,,,
12251,12251,0,0.0,"[[0.]
 [0.]
 [0.]]","[[0.]
 [0.]]","[[0.]
 [0.]
 [0.]]",,,,,
12252,12252,0,0.0,"[[0.]
 [0.]
 [0.]]","[[0.]
 [0.]]","[[0.]
 [0.]
 [0.]]",,,,,
12253,12253,0,0.0,"[[0.]
 [0.]
 [0.]]","[[0.]
 [0.]]","[[0.]
 [0.]
 [0.]]",,,,,
12254,12254,0,0.0,"[[0.]
 [0.]
 [0.]]","[[0.]
 [0.]]","[[0.]
 [0.]
 [0.]]",,,,,
12255,12255,0,0.0,"[[0.]
 [0.]
 [0.]]","[[0.]
 [0.]]","[[0.]
 [0.]
 [0.]]",,,,,
12256,12256,0,0.0,"[[0.]
 [0.]
 [0.]]","[[0.]
 [0.]]","[[0.]
 [0.]
 [0.]]",,,,,
12257,12257,0,0.0,"[[0.]
 [0.]
 [0.]]","[[0.]
 [0.]]","[[0.]
 [0.]
 [0.]]",,,,,
12258,12258,0,0.0,"[[0.]
 [0.]
 [0.]]","[[0.]
 [0.]]","[[0.]
 [0.]
 [0.]]",,,,,
12259,12259,0,0.0,"[[0.]
 [0.]
 [0.]]","[[0.]
 [0.]]","[[0.]
 [0.]
 [0.]]",,,,,
12260,12260,0,0.0,"[[0.]
 [0.]
 [0.]]","[[0.]
 [0.]]","[[0.]
 [0.]
 [0.]]",,,,,
12261,12261,0,0.0,"[[0.]
 [0.]
 [0.]]","[[0.]
 [0.]]","[[0.]
 [0.]
 [0.]]",,,,,
12262,12262,0,0.0,"[[0.]
 [0.]
 [0.]]","[[0.]
 [0.]]","[[0.]
 [0.]
 [0.]]",,,,,
12263,12263,0,0.0,"[[0.]
 [0.]
 [0.]]","[[0.]
 [0.]]","[[0.]
 [0.]
 [0.]]",,,,,
12264,12264,0,0.0,"[[0.]
 [0.]
 [0.]]","[[0.]
 [0.]]","[[0.]
 [0.]
 [0.]]",,,,,
12265,12265,0,0.0,"[[0.]
 [0.]
 [0.]]","[[0.]
 [0.]]","[[0.]
 [0.]
 [0.]]",,,,,
12266,12266,0,0.0,"[[0.]
 [0.]
 [0.]]","[[0.]
 [0.]]","[[0.]
 [0.]
 [0.]]",,,,,
12267,12267,0,0.0,"[[0.]
 [0.]
 [0.]]","[[0.]
 [0.]]","[[0.]
 [0.]
 [0.]]",,,,,
12268,12268,0,0.0,"[[0.]
 [0.]
 [0.]]","[[0.]
 [0.]]","[[0.]
 [0.]
 [0.]]",,,,,
12269,12269,0,0.0,"[[0.]
 [0.]
 [0.]]","[[0.]
 [0.]]","[[0.]
 [0.]
 [0.]]",,,,,
12270,12270,0,0.0,"[[0.]
 [0.]
 [0.]]","[[0.]
 [0.]]","[[0.]
 [0.]
 [0.]]",,,,,
12271,12271,0,0.0,"[[0.]
 [0.]
 [0.]]","[[0.]
 [0.]]","[[0.]
 [0.]
 [0.]]",,,,,
12272,12272,0,0.0,"[[0.]
 [0.]
 [0.]]","[[0.]
 [0.]]","[[0.]
 [0.]
 [0.]]",,,,,
12273,12273,0,0.0,"[[0.]
 [0.]
 [0.]]","[[0.]
 [0.]]","[[0.]
 [0.]
 [0.]]",,,,,
12274,12274,0,0.0,"[[0.]
 [0.]
 [0.]]","[[0.]
 [0.]]","[[0.]
 [0.]
 [0.]]",,,,,
12275,12275,0,0.0,"[[0.]
 [0.]
 [0.]]","[[0.]
 [0.]]","[[0.]
 [0.]
 [0.]]",,,,,
12276,12276,0,0.0,"[[0.]
 [0.]
 [0.]]","[[0.]
 [0.]]","[[0.]
 [0.]
 [0.]]",,,,,
12277,12277,0,0.0,"[[0.]
 [0.]
 [0.]]","[[0.]
 [0.]]","[[0.]
 [0.]
 [0.]]",,,,,
12278,12278,0,0.0,"[[0.]
 [0.]
 [0.]]","[[0.]
 [0.]]","[[0.]
 [0.]
 [0.]]",,,,,
12279,12279,0,0.0,"[[0.]
 [0.]
 [0.]]","[[0.]
 [0.]]","[[0.]
 [0.]
 [0.]]",,,,,
12280,12280,0,0.0,"[[0.]
 [0.]
 [0.]]","[[0.]
 [0.]]","[[0.]
 [0.]
 [0.]]",,,,,
12281,12281,0,0.0,"[[0.]
 [0.]
 [0.]]","[[0.]
 [0.]]","[[0.]
 [0.]
 [0.]]",,,,,
12282,12282,0,0.0,"[[0.]
 [0.]
 [0.]]","[[0.]
 [0.]]","[[0.]
 [0.]
 [0.]]",,,,,
12283,12283,0,0.0,"[[0.]
 [0.]
 [0.]]","[[0.]
 [0.]]","[[0.]
 [0.]
 [0.]]",,,,,
12284,12284,0,0.0,"[[0.]
 [0.]
 [0.]]","[[0.]
 [0.]]","[[0.]
 [0.]
 [0.]]",,,,,
12285,12285,0,0.0,"[[0.]
 [0.]
 [0.]]","[[0.]
 [0.]]","[[0.]
 [0.]
 [0.]]",,,,,
12286,12286,0,0.0,"[[0.]
 [0.]
 [0.]]","[[0.]
 [0.]]","[[0.]
 [0.]
 [0.]]",,,,,
12287,12287,0,0.0,"[[0.]
 [0.]
 [0.]]","[[0.]
 [0.]]","[[0.]
 [0.]
 [0.]]",,,,,
12288,12288,0,0.0,"[[0.]
 [0.]
 [0.]]","[[0.]
 [0.]]","[[0.]
 [0.]
 [0.]]",,,,,
12289,12289,0,0.0,"[[0.]
 [0.]
 [0.]]","[[0.]
 [0.]]","[[0.]
 [0.]
 [0.]]",,,,,
12290,12290,0,0.0,"[[0.]
 [0.]
 [0.]]","[[0.]
 [0.]]","[[0.]
 [0.]
 [0.]]",,,,,
12291,12291,0,0.0,"[[0.]
 [0.]
 [0.]]","[[0.]
 [0.]]","[[0.]
 [0.]
 [0.]]",,,,,
12292,12292,0,0.0,"[[0.]
 [0.]
 [0.]]","[[0.]
 [0.]]","[[0.]
 [0.]
 [0.]]",,,,,
12293,12293,0,0.0,"[[0.]
 [0.]
 [0.]]","[[0.]
 [0.]]","[[0.]
 [0.]
 [0.]]",,,,,
12294,12294,0,0.0,"[[0.]
 [0.]
 [0.]]","[[0.]
 [0.]]","[[0.]
 [0.]
 [0.]]",,,,,
12295,12295,0,0.0,"[[0.]
 [0.]
 [0.]]","[[0.]
 [0.]]","[[0.]
 [0.]
 [0.]]",,,,,
12296,12296,0,0.0,"[[0.]
 [0.]
 [0.]]","[[0.]
 [0.]]","[[0.]
 [0.]
 [0.]]",,,,,
12297,12297,0,0.0,"[[0.]
 [0.]
 [0.]]","[[0.]
 [0.]]","[[0.]
 [0.]
 [0.]]",,,,,
12298,12298,0,0.0,"[[0.]
 [0.]
 [0.]]","[[0.]
 [0.]]","[[0.]
 [0.]
 [0.]]",,,,,
12299,12299,0,0.0,"[[0.]
 [0.]
 [0.]]","[[0.]
 [0.]]","[[0.]
 [0.]
 [0.]]",,,,,
12300,12300,0,0.0,"[[0.]
 [0.]
 [0.]]","[[0.]
 [0.]]","[[0.]
 [0.]
 [0.]]",,,,,
12301,12301,0,0.0,"[[0.]
 [0.]
 [0.]]","[[0.]
 [0.]]","[[0.]
 [0.]
 [0.]]",,,,,
12302,12302,0,0.0,"[[0.]
 [0.]
 [0.]]","[[0.]
 [0.]]","[[0.]
 [0.]
 [0.]]",,,,,
12303,12303,0,0.0,"[[0.]
 [0.]
 [0.]]","[[0.]
 [0.]]","[[0.]
 [0.]
 [0.]]",,,,,
12304,12304,0,0.0,"[[0.]
 [0.]
 [0.]]","[[0.]
 [0.]]","[[0.]
 [0.]
 [0.]]",,,,,
12305,12305,0,0.0,"[[0.]
 [0.]
 [0.]]","[[0.]
 [0.]]","[[0.]
 [0.]
 [0.]]",,,,,
12306,12306,0,0.0,"[[0.]
 [0.]
 [0.]]","[[0.]
 [0.]]","[[0.]
 [0.]
 [0.]]",,,,,
12307,12307,0,0.0,"[[0.]
 [0.]
 [0.]]","[[0.]
 [0.]]","[[0.]
 [0.]
 [0.]]",,,,,
12308,12308,0,0.0,"[[0.]
 [0.]
 [0.]]","[[0.]
 [0.]]","[[0.]
 [0.]
 [0.]]",,,,,
12309,12309,0,0.0,"[[0.]
 [0.]
 [0.]]","[[0.]
 [0.]]","[[0.]
 [0.]
 [0.]]",,,,,
12310,12310,0,0.0,"[[0.]
 [0.]
 [0.]]","[[0.]
 [0.]]","[[0.]
 [0.]
 [0.]]",,,,,
12311,12311,0,0.0,"[[0.]
 [0.]
 [0.]]","[[0.]
 [0.]]","[[0.]
 [0.]
 [0.]]",,,,,
12312,12312,0,0.0,"[[0.]
 [0.]
 [0.]]","[[0.]
 [0.]]","[[0.]
 [0.]
 [0.]]",,,,,
12313,12313,0,0.0,"[[0.]
 [0.]
 [0.]]","[[0.]
 [0.]]","[[0.]
 [0.]
 [0.]]",,,,,
12314,12314,0,0.0,"[[0.]
 [0.]
 [0.]]","[[0.]
 [0.]]","[[0.]
 [0.]
 [0.]]",,,,,
12315,12315,0,0.0,"[[0.]
 [0.]
 [0.]]","[[0.]
 [0.]]","[[0.]
 [0.]
 [0.]]",,,,,
12316,12316,0,0.0,"[[0.]
 [0.]
 [0.]]","[[0.]
 [0.]]","[[0.]
 [0.]
 [0.]]",,,,,
12317,12317,0,0.0,"[[0.]
 [0.]
 [0.]]","[[0.]
 [0.]]","[[0.]
 [0.]
 [0.]]",,,,,
12318,12318,0,0.0,"[[0.]
 [0.]
 [0.]]","[[0.]
 [0.]]","[[0.]
 [0.]
 [0.]]",,,,,
12319,12319,0,0.0,"[[0.]
 [0.]
 [0.]]","[[0.]
 [0.]]","[[0.]
 [0.]
 [0.]]",,,,,
12320,12320,0,0.0,"[[0.]
 [0.]
 [0.]]","[[0.]
 [0.]]","[[0.]
 [0.]
 [0.]]",,,,,
12321,12321,0,0.0,"[[0.]
 [0.]
 [0.]]","[[0.]
 [0.]]","[[0.]
 [0.]
 [0.]]",,,,,
12322,12322,0,0.0,"[[0.]
 [0.]
 [0.]]","[[0.]
 [0.]]","[[0.]
 [0.]
 [0.]]",,,,,
12323,12323,0,0.0,"[[0.]
 [0.]
 [0.]]","[[0.]
 [0.]]","[[0.]
 [0.]
 [0.]]",,,,,
12324,12324,0,0.0,"[[0.]
 [0.]
 [0.]]","[[0.]
 [0.]]","[[0.]
 [0.]
 [0.]]",,,,,
12325,12325,0,0.0,"[[0.]
 [0.]
 [0.]]","[[0.]
 [0.]]","[[0.]
 [0.]
 [0.]]",,,,,
12326,12326,0,0.0,"[[0.]
 [0.]
 [0.]]","[[0.]
 [0.]]","[[0.]
 [0.]
 [0.]]",,,,,
12327,12327,0,0.0,"[[0.]
 [0.]
 [0.]]","[[0.]
 [0.]]","[[0.]
 [0.]
 [0.]]",,,,,
12328,12328,0,0.0,"[[0.]
 [0.]
 [0.]]","[[0.]
 [0.]]","[[0.]
 [0.]
 [0.]]",,,,,
12329,12329,0,0.0,"[[0.]
 [0.]
 [0.]]","[[0.]
 [0.]]","[[0.]
 [0.]
 [0.]]",,,,,
12330,12330,0,0.0,"[[0.]
 [0.]
 [0.]]","[[0.]
 [0.]]","[[0.]
 [0.]
 [0.]]",,,,,
12331,12331,0,0.0,"[[0.]
 [0.]
 [0.]]","[[0.]
 [0.]]","[[0.]
 [0.]
 [0.]]",,,,,
12332,12332,0,0.0,"[[0.]
 [0.]
 [0.]]","[[0.]
 [0.]]","[[0.]
 [0.]
 [0.]]",,,,,
12333,12333,0,0.0,"[[0.]
 [0.]
 [0.]]","[[0.]
 [0.]]","[[0.]
 [0.]
 [0.]]",,,,,
12334,12334,0,0.0,"[[0.]
 [0.]
 [0.]]","[[0.]
 [0.]]","[[0.]
 [0.]
 [0.]]",,,,,
12335,12335,0,0.0,"[[0.]
 [0.]
 [0.]]","[[0.]
 [0.]]","[[0.]
 [0.]
 [0.]]",,,,,
12336,12336,0,0.0,"[[0.]
 [0.]
 [0.]]","[[0.]
 [0.]]","[[0.]
 [0.]
 [0.]]",,,,,
12337,12337,0,0.0,"[[0.]
 [0.]
 [0.]]","[[0.]
 [0.]]","[[0.]
 [0.]
 [0.]]",,,,,
12338,12338,0,0.0,"[[0.]
 [0.]
 [0.]]","[[0.]
 [0.]]","[[0.]
 [0.]
 [0.]]",,,,,
12339,12339,0,0.0,"[[0.]
 [0.]
 [0.]]","[[0.]
 [0.]]","[[0.]
 [0.]
 [0.]]",,,,,
12340,12340,0,0.0,"[[0.]
 [0.]
 [0.]]","[[0.]
 [0.]]","[[0.]
 [0.]
 [0.]]",,,,,
12341,12341,0,0.0,"[[0.]
 [0.]
 [0.]]","[[0.]
 [0.]]","[[0.]
 [0.]
 [0.]]",,,,,
12342,12342,0,0.0,"[[0.]
 [0.]
 [0.]]","[[0.]
 [0.]]","[[0.]
 [0.]
 [0.]]",,,,,
12343,12343,0,0.0,"[[0.]
 [0.]
 [0.]]","[[0.]
 [0.]]","[[0.]
 [0.]
 [0.]]",,,,,
12344,12344,0,0.0,"[[0.]
 [0.]
 [0.]]","[[0.]
 [0.]]","[[0.]
 [0.]
 [0.]]",,,,,
12345,12345,0,0.0,"[[0.]
 [0.]
 [0.]]","[[0.]
 [0.]]","[[0.]
 [0.]
 [0.]]",,,,,
12346,12346,0,0.0,"[[0.]
 [0.]
 [0.]]","[[0.]
 [0.]]","[[0.]
 [0.]
 [0.]]",,,,,
12347,12347,0,0.0,"[[0.]
 [0.]
 [0.]]","[[0.]
 [0.]]","[[0.]
 [0.]
 [0.]]",,,,,
12348,12348,0,0.0,"[[0.]
 [0.]
 [0.]]","[[0.]
 [0.]]","[[0.]
 [0.]
 [0.]]",,,,,
12349,12349,0,0.0,"[[0.]
 [0.]
 [0.]]","[[0.]
 [0.]]","[[0.]
 [0.]
 [0.]]",,,,,
12350,12350,0,0.0,"[[0.]
 [0.]
 [0.]]","[[0.]
 [0.]]","[[0.]
 [0.]
 [0.]]",,,,,
12351,12351,0,0.0,"[[0.]
 [0.]
 [0.]]","[[0.]
 [0.]]","[[0.]
 [0.]
 [0.]]",,,,,
12352,12352,0,0.0,"[[0.]
 [0.]
 [0.]]","[[0.]
 [0.]]","[[0.]
 [0.]
 [0.]]",,,,,
12353,12353,0,0.0,"[[0.]
 [0.]
 [0.]]","[[0.]
 [0.]]","[[0.]
 [0.]
 [0.]]",,,,,
12354,12354,0,0.0,"[[0.]
 [0.]
 [0.]]","[[0.]
 [0.]]","[[0.]
 [0.]
 [0.]]",,,,,
12355,12355,0,0.0,"[[0.]
 [0.]
 [0.]]","[[0.]
 [0.]]","[[0.]
 [0.]
 [0.]]",,,,,
12356,12356,0,0.0,"[[0.]
 [0.]
 [0.]]","[[0.]
 [0.]]","[[0.]
 [0.]
 [0.]]",,,,,
12357,12357,0,0.0,"[[0.]
 [0.]
 [0.]]","[[0.]
 [0.]]","[[0.]
 [0.]
 [0.]]",,,,,
12358,12358,0,0.0,"[[0.]
 [0.]
 [0.]]","[[0.]
 [0.]]","[[0.]
 [0.]
 [0.]]",,,,,
12359,12359,0,0.0,"[[0.]
 [0.]
 [0.]]","[[0.]
 [0.]]","[[0.]
 [0.]
 [0.]]",,,,,
12360,12360,0,0.0,"[[0.]
 [0.]
 [0.]]","[[0.]
 [0.]]","[[0.]
 [0.]
 [0.]]",,,,,
12361,12361,0,0.0,"[[0.]
 [0.]
 [0.]]","[[0.]
 [0.]]","[[0.]
 [0.]
 [0.]]",,,,,
12362,12362,0,0.0,"[[0.]
 [0.]
 [0.]]","[[0.]
 [0.]]","[[0.]
 [0.]
 [0.]]",,,,,
12363,12363,0,0.0,"[[0.]
 [0.]
 [0.]]","[[0.]
 [0.]]","[[0.]
 [0.]
 [0.]]",,,,,
12364,12364,0,0.0,"[[0.]
 [0.]
 [0.]]","[[0.]
 [0.]]","[[0.]
 [0.]
 [0.]]",,,,,
12365,12365,0,0.0,"[[0.]
 [0.]
 [0.]]","[[0.]
 [0.]]","[[0.]
 [0.]
 [0.]]",,,,,
12366,12366,0,0.0,"[[0.]
 [0.]
 [0.]]","[[0.]
 [0.]]","[[0.]
 [0.]
 [0.]]",,,,,
12367,12367,0,0.0,"[[0.]
 [0.]
 [0.]]","[[0.]
 [0.]]","[[0.]
 [0.]
 [0.]]",,,,,
12368,12368,0,0.0,"[[0.]
 [0.]
 [0.]]","[[0.]
 [0.]]","[[0.]
 [0.]
 [0.]]",,,,,
12369,12369,0,0.0,"[[0.]
 [0.]
 [0.]]","[[0.]
 [0.]]","[[0.]
 [0.]
 [0.]]",,,,,
12370,12370,0,0.0,"[[0.]
 [0.]
 [0.]]","[[0.]
 [0.]]","[[0.]
 [0.]
 [0.]]",,,,,
12371,12371,0,0.0,"[[0.]
 [0.]
 [0.]]","[[0.]
 [0.]]","[[0.]
 [0.]
 [0.]]",,,,,
12372,12372,0,0.0,"[[0.]
 [0.]
 [0.]]","[[0.]
 [0.]]","[[0.]
 [0.]
 [0.]]",,,,,
12373,12373,0,0.0,"[[0.]
 [0.]
 [0.]]","[[0.]
 [0.]]","[[0.]
 [0.]
 [0.]]",,,,,
12374,12374,0,0.0,"[[0.]
 [0.]
 [0.]]","[[0.]
 [0.]]","[[0.]
 [0.]
 [0.]]",,,,,
12375,12375,0,0.0,"[[0.]
 [0.]
 [0.]]","[[0.]
 [0.]]","[[0.]
 [0.]
 [0.]]",,,,,
12376,12376,0,0.0,"[[0.]
 [0.]
 [0.]]","[[0.]
 [0.]]","[[0.]
 [0.]
 [0.]]",,,,,
12377,12377,0,0.0,"[[0.]
 [0.]
 [0.]]","[[0.]
 [0.]]","[[0.]
 [0.]
 [0.]]",,,,,
12378,12378,0,0.0,"[[0.]
 [0.]
 [0.]]","[[0.]
 [0.]]","[[0.]
 [0.]
 [0.]]",,,,,
12379,12379,0,0.0,"[[0.]
 [0.]
 [0.]]","[[0.]
 [0.]]","[[0.]
 [0.]
 [0.]]",,,,,
12380,12380,0,0.0,"[[0.]
 [0.]
 [0.]]","[[0.]
 [0.]]","[[0.]
 [0.]
 [0.]]",,,,,
12381,12381,0,0.0,"[[0.]
 [0.]
 [0.]]","[[0.]
 [0.]]","[[0.]
 [0.]
 [0.]]",,,,,
12382,12382,0,0.0,"[[0.]
 [0.]
 [0.]]","[[0.]
 [0.]]","[[0.]
 [0.]
 [0.]]",,,,,
12383,12383,0,0.0,"[[0.]
 [0.]
 [0.]]","[[0.]
 [0.]]","[[0.]
 [0.]
 [0.]]",,,,,
12384,12384,0,0.0,"[[0.]
 [0.]
 [0.]]","[[0.]
 [0.]]","[[0.]
 [0.]
 [0.]]",,,,,
12385,12385,0,0.0,"[[0.]
 [0.]
 [0.]]","[[0.]
 [0.]]","[[0.]
 [0.]
 [0.]]",,,,,
12386,12386,0,0.0,"[[0.]
 [0.]
 [0.]]","[[0.]
 [0.]]","[[0.]
 [0.]
 [0.]]",,,,,
12387,12387,0,0.0,"[[0.]
 [0.]
 [0.]]","[[0.]
 [0.]]","[[0.]
 [0.]
 [0.]]",,,,,
12388,12388,0,0.0,"[[0.]
 [0.]
 [0.]]","[[0.]
 [0.]]","[[0.]
 [0.]
 [0.]]",,,,,
12389,12389,0,0.0,"[[0.]
 [0.]
 [0.]]","[[0.]
 [0.]]","[[0.]
 [0.]
 [0.]]",,,,,
12390,12390,0,0.0,"[[0.]
 [0.]
 [0.]]","[[0.]
 [0.]]","[[0.]
 [0.]
 [0.]]",,,,,
12391,12391,0,0.0,"[[0.]
 [0.]
 [0.]]","[[0.]
 [0.]]","[[0.]
 [0.]
 [0.]]",,,,,
12392,12392,0,0.0,"[[0.]
 [0.]
 [0.]]","[[0.]
 [0.]]","[[0.]
 [0.]
 [0.]]",,,,,
12393,12393,0,0.0,"[[0.]
 [0.]
 [0.]]","[[0.]
 [0.]]","[[0.]
 [0.]
 [0.]]",,,,,
12394,12394,0,0.0,"[[0.]
 [0.]
 [0.]]","[[0.]
 [0.]]","[[0.]
 [0.]
 [0.]]",,,,,
12395,12395,0,0.0,"[[0.]
 [0.]
 [0.]]","[[0.]
 [0.]]","[[0.]
 [0.]
 [0.]]",,,,,
12396,12396,0,0.0,"[[0.]
 [0.]
 [0.]]","[[0.]
 [0.]]","[[0.]
 [0.]
 [0.]]",,,,,
12397,12397,0,0.0,"[[0.]
 [0.]
 [0.]]","[[0.]
 [0.]]","[[0.]
 [0.]
 [0.]]",,,,,
12398,12398,0,0.0,"[[0.]
 [0.]
 [0.]]","[[0.]
 [0.]]","[[0.]
 [0.]
 [0.]]",,,,,
12399,12399,0,0.0,"[[0.]
 [0.]
 [0.]]","[[0.]
 [0.]]","[[0.]
 [0.]
 [0.]]",,,,,
12400,12400,0,0.0,"[[0.]
 [0.]
 [0.]]","[[0.]
 [0.]]","[[0.]
 [0.]
 [0.]]",,,,,
12401,12401,0,0.0,"[[0.]
 [0.]
 [0.]]","[[0.]
 [0.]]","[[0.]
 [0.]
 [0.]]",,,,,
12402,12402,0,0.0,"[[0.]
 [0.]
 [0.]]","[[0.]
 [0.]]","[[0.]
 [0.]
 [0.]]",,,,,
12403,12403,0,0.0,"[[0.]
 [0.]
 [0.]]","[[0.]
 [0.]]","[[0.]
 [0.]
 [0.]]",,,,,
12404,12404,0,0.0,"[[0.]
 [0.]
 [0.]]","[[0.]
 [0.]]","[[0.]
 [0.]
 [0.]]",,,,,
12405,12405,0,0.0,"[[0.]
 [0.]
 [0.]]","[[0.]
 [0.]]","[[0.]
 [0.]
 [0.]]",,,,,
12406,12406,0,0.0,"[[0.]
 [0.]
 [0.]]","[[0.]
 [0.]]","[[0.]
 [0.]
 [0.]]",,,,,
12407,12407,0,0.0,"[[0.]
 [0.]
 [0.]]","[[0.]
 [0.]]","[[0.]
 [0.]
 [0.]]",,,,,
12408,12408,0,0.0,"[[0.]
 [0.]
 [0.]]","[[0.]
 [0.]]","[[0.]
 [0.]
 [0.]]",,,,,
12409,12409,0,0.0,"[[0.]
 [0.]
 [0.]]","[[0.]
 [0.]]","[[0.]
 [0.]
 [0.]]",,,,,
12410,12410,0,0.0,"[[0.]
 [0.]
 [0.]]","[[0.]
 [0.]]","[[0.]
 [0.]
 [0.]]",,,,,
12411,12411,0,0.0,"[[0.]
 [0.]
 [0.]]","[[0.]
 [0.]]","[[0.]
 [0.]
 [0.]]",,,,,
12412,12412,0,0.0,"[[0.]
 [0.]
 [0.]]","[[0.]
 [0.]]","[[0.]
 [0.]
 [0.]]",,,,,
12413,12413,0,0.0,"[[0.]
 [0.]
 [0.]]","[[0.]
 [0.]]","[[0.]
 [0.]
 [0.]]",,,,,
12414,12414,0,0.0,"[[0.]
 [0.]
 [0.]]","[[0.]
 [0.]]","[[0.]
 [0.]
 [0.]]",,,,,
12415,12415,1,0.9480364,-967.1573082172703,-278.7516551781442,1666.5723657213412,2.7507501628963817,-0.7378965042615149,-0.0068238829262554646,0.030386455357074738,-0.9995149374008179
12416,12416,1,0.95773023,-965.0925698302281,-293.22462369190384,1702.6780843738554,2.6996538104362506,-0.6510777512344774,0.00685732439160347,0.052909985184669495,-0.998575747013092
12417,12417,1,0.88279754,-914.8611140417742,-287.29810564444546,1647.4634459658228,2.6939183017315598,-0.6514766865734123,-0.020476916804909706,0.0511443093419075,-0.9984813332557678
12418,12418,1,0.9434889,-918.4202064200936,-294.01934428569,1671.0137088074146,2.8858209150422134,-0.6982836785648499,-0.07588787376880646,0.044262439012527466,-0.9961334466934204
12419,12419,1,0.86261535,-845.0339015276046,-281.0762652045684,1576.8303559360895,2.683549966532077,-0.6586024610096362,-0.060395874083042145,0.048316389322280884,-0.997004508972168
12420,12420,1,0.91536456,-811.8691990248802,-276.5965359549739,1537.406120270438,2.5462134647810837,-0.7132670375546472,-0.03688295558094978,0.03824715316295624,-0.9985873699188232
12421,12421,1,0.94515926,-802.0827252617672,-280.91749878656725,1541.3153394797148,2.5890414421783765,-0.8858142134876099,-0.05531453713774681,0.008890926837921143,-0.9984294176101685
12422,12422,1,0.9417665,-741.93253059658,-265.48092293870627,1443.8218306035349,2.408417641976058,-0.8939877201913883,-0.03558928146958351,-0.000219718596781604,-0.9993665218353271
12423,12423,1,0.9723479,-701.9340551531932,-261.39839682835037,1386.5741471961876,2.1731606559048138,-0.8908704036219735,0.02095497027039528,0.00036407349398359656,-0.9997803568840027
12424,12424,1,0.97112614,-684.7521742721814,-261.31842841459894,1362.341276408112,1.929497986851478,-0.6055988414086462,0.09803707897663116,0.062177371233701706,-0.9932385087013245
12425,12425,1,0.972843,-629.9277552611549,-275.2610657400113,1290.3477169013775,1.7886788640583373,-0.4302650645935753,0.1168622300028801,0.11624599248170853,-0.9863215088844299
12426,12426,1,0.99099743,-588.6753099981615,-287.2132614737604,1237.9087660333892,1.6638387411966233,-0.2701836830982802,0.13942669332027435,0.1682727038860321,-0.9758301377296448
12427,12427,1,0.9947207,-554.0033543976501,-299.3660783104404,1193.699598835816,1.5672148031639663,-0.16549523700874302,0.15618303418159485,0.20936638116836548,-0.9652836918830872
12428,12428,1,0.9986671,-510.9084151045122,-303.2279360476402,1134.0949015286062,1.4080256876313006,-0.1001769160627219,0.19661425054073334,0.23977820575237274,-0.950709879398346
12429,12429,1,0.985349,-469.967417267776,-305.1932929743908,1076.862578809438,1.2912570437779893,-0.1297075170688734,0.22390267252922058,0.24638386070728302,-0.9429541230201721
12430,12430,1,0.9779984,-459.2524527003981,-311.7594466633714,1072.0293095751201,1.196371075232564,-0.25924048807967087,0.25866246223449707,0.21954068541526794,-0.9406889081001282
12431,12431,1,0.89821225,-415.48549400345104,-316.13976766411844,1024.94894051577,0.9189692434721148,-0.5874970403373209,0.3552995026111603,0.14545266330242157,-0.9233665466308594
12432,12432,1,0.91011757,-446.82563700068107,-352.40114011311454,1170.3610276033342,1.3889840925662111,-1.0341911939615882,0.1537274867296219,0.05039839446544647,-0.9868271350860596
12433,12433,1,0.5884301,-419.60992399856394,-350.63743718975564,1171.6326567306855,1.9657609023134661,-1.2747875854387503,-0.10840719938278198,-0.015033314004540443,-0.9939928650856018
12434,12434,1,0.7285794,-393.5507104950811,-356.9683066029916,1168.3920133898598,2.0503152422996433,-1.5718755516567176,-0.1577543169260025,-0.07789386063814163,-0.9844014048576355
12435,12435,1,0.82232976,-387.0636862641615,-386.41242483502197,1282.8479050457865,7.489276714836936,-1.043783490059917,-0.9048140645027161,-0.003027629340067506,-0.4257960021495819
12436,12436,1,0.81757706,-408.8447432665623,-378.1654345859104,1443.683097395833,5.380239833134344,-0.3846381658894287,-0.7849690318107605,0.08403971791267395,-0.6138085722923279
12437,12437,0,0.0,"[[0.]
 [0.]
 [0.]]","[[0.]
 [0.]]","[[0.]
 [0.]
 [0.]]",,,,,
12438,12438,0,0.0,"[[0.]
 [0.]
 [0.]]","[[0.]
 [0.]]","[[0.]
 [0.]
 [0.]]",,,,,
12439,12439,0,0.0,"[[0.]
 [0.]
 [0.]]","[[0.]
 [0.]]","[[0.]
 [0.]
 [0.]]",,,,,
12440,12440,0,0.0,"[[0.]
 [0.]
 [0.]]","[[0.]
 [0.]]","[[0.]
 [0.]
 [0.]]",,,,,
12441,12441,0,0.0,"[[0.]
 [0.]
 [0.]]","[[0.]
 [0.]]","[[0.]
 [0.]
 [0.]]",,,,,
12442,12442,0,0.0,"[[0.]
 [0.]
 [0.]]","[[0.]
 [0.]]","[[0.]
 [0.]
 [0.]]",,,,,
12443,12443,0,0.0,"[[0.]
 [0.]
 [0.]]","[[0.]
 [0.]]","[[0.]
 [0.]
 [0.]]",,,,,
12444,12444,0,0.0,"[[0.]
 [0.]
 [0.]]","[[0.]
 [0.]]","[[0.]
 [0.]
 [0.]]",,,,,
12445,12445,1,0.6023948,-190.1925302109934,-347.3964551807913,1321.945585015216,0.3216548418689799,-0.45662638420902785,0.3432566821575165,0.17055432498455048,-0.9236266016960144
12446,12446,0,0.0,"[[0.]
 [0.]
 [0.]]","[[0.]
 [0.]]","[[0.]
 [0.]
 [0.]]",,,,,
12447,12447,1,0.90397733,-82.68068704245277,-189.23652879183464,695.0629168828854,0.6097733840163585,-0.6060996401425297,0.311788946390152,0.051006607711315155,-0.9487813115119934
12448,12448,1,0.9748941,-60.54718131204621,-150.71154823907787,633.4093521426286,0.6375548468086764,-0.42832823232158823,0.29109784960746765,0.07635148614645004,-0.9536417722702026
12449,12449,1,0.9841426,-44.619324266840955,-137.2902473893121,657.0609860926164,0.6093683313303583,-0.2579347912312176,0.280632883310318,0.12828011810779572,-0.9512041807174683
12450,12450,1,0.99345845,-26.41744612297904,-112.40169329135229,640.7693066202764,0.5267171058296162,-0.13055168596706776,0.32266759872436523,0.15167464315891266,-0.9342807531356812
12451,12451,1,0.989115,-2.086496359016587,-91.17771328673359,644.4115554781097,0.49948732743801294,-0.049588370183782364,0.30882003903388977,0.15718401968479156,-0.9380422830581665
12452,12452,1,0.99191916,25.75135091711046,-76.89520358040363,650.5135923205197,0.32454396422313553,-0.01751867382255209,0.39145493507385254,0.14920955896377563,-0.9080195426940918
12453,12453,1,0.9934382,53.95232191715394,-60.26870525845565,667.8812113266088,0.17441641959800824,0.009963466231811194,0.44444510340690613,0.13433434069156647,-0.8856764435768127
12454,12454,1,0.9929933,82.37130694672915,-44.31971633314719,658.69716818822,0.029670721000302696,0.04128935460586674,0.5034220218658447,0.1266450136899948,-0.8547089695930481
12455,12455,1,0.9820279,114.73067210378917,-36.112149151953886,691.38126891913,-0.07061370539668721,0.14701784676533214,0.5066760182380676,0.1529027372598648,-0.8484693169593811
12456,12456,1,0.983897,147.6721056814101,-34.009735491260635,707.3616674603736,-0.2649452991746212,0.2709503845203616,0.5615770816802979,0.19011898338794708,-0.8052862286567688
12457,12457,1,0.9878104,187.26941051807853,-38.87118249972804,743.2715327311474,-0.44477009550857466,0.392616950571648,0.5850804448127747,0.226881742477417,-0.778592050075531
12458,12458,1,0.9901918,218.36362665592586,-41.26609593166964,739.4667590570169,-0.5737464088121794,0.5365360336379461,0.6108260750770569,0.2736329734325409,-0.7429782152175903
12459,12459,1,0.9891255,255.214529059883,-40.52293259065047,760.1610876709921,-0.673510941763065,0.6805949773341652,0.6075004935264587,0.31185877323150635,-0.730539083480835
12460,12460,1,0.9958546,288.8635848826361,-36.129289333717935,784.3585439882787,-0.7924616977562974,0.7766916547698586,0.6134878993034363,0.3266791105270386,-0.7189669013023376
12461,12461,1,0.9960871,310.7519186309216,-32.32063173830053,785.1965392647493,-0.8165456304418043,0.8145706293870275,0.6065316200256348,0.33634015917778015,-0.7204129695892334
12462,12462,1,0.9968266,332.08909334815047,-30.12711564077026,795.0757735047915,-0.8540228258462702,0.8788052771070392,0.5990391373634338,0.35134512186050415,-0.719519853591919
12463,12463,1,0.99638844,343.5449865510807,-28.610149948460094,783.8211936158227,-0.7951779044491297,0.9183812285081647,0.5729466080665588,0.3727741241455078,-0.7299121022224426
12464,12464,1,0.9979978,362.9249519616569,-26.37147908228359,793.2490701303569,-0.8251585004036424,0.9826132363146747,0.563839852809906,0.38792356848716736,-0.729108989238739
12465,12465,1,0.9946971,378.10471811742553,-24.71207231460319,795.4552628211333,-0.8066650806001291,1.005811991769508,0.5435739755630493,0.3978159427642822,-0.7391006946563721
12466,12466,1,0.99780947,382.5394237870787,-23.626172797776395,774.070857082137,-0.7623040911041742,0.9590426591536535,0.533637285232544,0.39555633068084717,-0.747506856918335
12467,12467,1,0.99521387,397.9757230524858,-23.994934743188452,774.489994099943,-0.7531863432272622,0.9102581784210747,0.5192302465438843,0.3854743242263794,-0.7627643942832947
12468,12468,1,0.9957417,421.97083336406445,-25.21599639659179,790.0857925298669,-0.8103176619726751,0.8851777875281194,0.5185179114341736,0.37380215525627136,-0.7690326571464539
12469,12469,1,0.9932469,429.6640063021121,-21.88505457397288,775.7007836495386,-0.8145197697074513,0.8327214674359199,0.5235512256622314,0.36024442315101624,-0.7720867991447449
12470,12470,1,0.98834807,447.9276573417762,-21.508390553445867,778.1152925326982,-0.9163209465481377,0.8161852010286882,0.5521687865257263,0.3486473560333252,-0.7573338747024536
12471,12471,1,0.9803499,431.81490501525417,-17.459000847407367,722.2712766600908,-0.8739359599642116,0.7743522189583124,0.5767479538917542,0.3484834134578705,-0.7388647198677063
12472,12472,1,0.9846832,441.32679227238026,-15.37258507275208,717.9629931189374,-0.9449802503886314,0.7829178424780626,0.6007923483848572,0.3453066647052765,-0.7209798097610474
12473,12473,1,0.9277426,458.74882255247763,-16.9365511850753,725.5855383834818,-1.1028740058140636,0.850893875748963,0.6399815082550049,0.35313963890075684,-0.6824339628219604
12474,12474,1,0.6777453,470.8962035444733,-15.91192169422325,729.9009749340407,-1.1532483374680715,0.8363485301104803,0.6483542919158936,0.3441909849643707,-0.6790944337844849
12475,12475,0,0.0,"[[0.]
 [0.]
 [0.]]","[[0.]
 [0.]]","[[0.]
 [0.]
 [0.]]",,,,,
12476,12476,1,0.8602079,1346.0149206931035,-233.50368542842546,2104.0767790937302,-6.185806847070956,1.8092546228066484,0.7559695243835449,0.2883604168891907,-0.5876719355583191
12477,12477,1,0.7346736,1167.133801259428,-240.20445061927796,1874.4015901369255,-5.005324655957713,0.490423864047901,0.7346301078796387,0.1913525015115738,-0.650924563407898
12478,12478,0,0.0,"[[0.]
 [0.]
 [0.]]","[[0.]
 [0.]]","[[0.]
 [0.]
 [0.]]",,,,,
12479,12479,0,0.0,"[[0.]
 [0.]
 [0.]]","[[0.]
 [0.]]","[[0.]
 [0.]
 [0.]]",,,,,
12480,12480,0,0.0,"[[0.]
 [0.]
 [0.]]","[[0.]
 [0.]]","[[0.]
 [0.]
 [0.]]",,,,,
12481,12481,0,0.0,"[[0.]
 [0.]
 [0.]]","[[0.]
 [0.]]","[[0.]
 [0.]
 [0.]]",,,,,
12482,12482,0,0.0,"[[0.]
 [0.]
 [0.]]","[[0.]
 [0.]]","[[0.]
 [0.]
 [0.]]",,,,,
12483,12483,0,0.0,"[[0.]
 [0.]
 [0.]]","[[0.]
 [0.]]","[[0.]
 [0.]
 [0.]]",,,,,
12484,12484,0,0.0,"[[0.]
 [0.]
 [0.]]","[[0.]
 [0.]]","[[0.]
 [0.]
 [0.]]",,,,,
12485,12485,0,0.0,"[[0.]
 [0.]
 [0.]]","[[0.]
 [0.]]","[[0.]
 [0.]
 [0.]]",,,,,
12486,12486,0,0.0,"[[0.]
 [0.]
 [0.]]","[[0.]
 [0.]]","[[0.]
 [0.]
 [0.]]",,,,,
12487,12487,0,0.0,"[[0.]
 [0.]
 [0.]]","[[0.]
 [0.]]","[[0.]
 [0.]
 [0.]]",,,,,
12488,12488,0,0.0,"[[0.]
 [0.]
 [0.]]","[[0.]
 [0.]]","[[0.]
 [0.]
 [0.]]",,,,,
12489,12489,0,0.0,"[[0.]
 [0.]
 [0.]]","[[0.]
 [0.]]","[[0.]
 [0.]
 [0.]]",,,,,
12490,12490,0,0.0,"[[0.]
 [0.]
 [0.]]","[[0.]
 [0.]]","[[0.]
 [0.]
 [0.]]",,,,,
12491,12491,0,0.0,"[[0.]
 [0.]
 [0.]]","[[0.]
 [0.]]","[[0.]
 [0.]
 [0.]]",,,,,
12492,12492,0,0.0,"[[0.]
 [0.]
 [0.]]","[[0.]
 [0.]]","[[0.]
 [0.]
 [0.]]",,,,,
12493,12493,0,0.0,"[[0.]
 [0.]
 [0.]]","[[0.]
 [0.]]","[[0.]
 [0.]
 [0.]]",,,,,
12494,12494,0,0.0,"[[0.]
 [0.]
 [0.]]","[[0.]
 [0.]]","[[0.]
 [0.]
 [0.]]",,,,,
