%YAML:1.0
monitor_W: 530
monitor_H: 300
monitor_R: !!opencv-matrix
   rows: 3
   cols: 3
   dt: f
   data: [-0.998893, -0.038945, 0.026378, -0.032347, 0.975887, 0.215868, -0.034149, 0.214776, -0.976066 ]
monitor_T: !!opencv-matrix
   rows: 3
   cols: 1
   dt: f
   data: [468.655440, 37.204656, 28.229495]
  
x0_360: -0.5
x1_360: 0.5
y0_360: 0.0
y1_360: 1.2
x0_mpii: 0.2
x1_mpii: 0.8
y0_mpii: 0.0
y1_mpii: 0.8
