%YAML:1.0
camera_matrix: !!opencv-matrix
   rows: 3
   cols: 3
   dt: f
   data: [ 1485.1463835462268, 0.0, 914.6589447449524, 0.0,   1482.6249684955378, 538.7669266419614, 0.0, 0.0, 1.0] 
dist_coeffs: !!opencv-matrix
   rows: 1
   cols: 5
   dt: f
   data: [-0.3613132438021864,  0.11869596513482972, -0.0004461727952304065,  -0.00027877851041012647, -0.010374889883404364]
