%YAML:1.0
monitor_W: 540
monitor_H: 300
monitor_R: !!opencv-matrix
   rows: 3
   cols: 3
   dt: f
   data: [ -0.999297, 0.003899, 0.037296, 0.006754, 0.997030, 0.076720, -0.036886, 0.076918, -0.996355]
monitor_T: !!opencv-matrix
   rows: 3
   cols: 1
   dt: f
   data: [ 451.513438, -39.679038, .621322  ]
x0_360: -0.5
x1_360: 0.65
y0_360: -0.2
y1_360: 1.3
x0_mpii: 0.2
x1_mpii: 0.8
y0_mpii: 0.0
y1_mpii: 0.8
