%YAML:1.0
monitor_W: 400
monitor_H: 220
monitor_R: !!opencv-matrix
   rows: 3
   cols: 3
   dt: f
   data: [ -0.996113, 0.058747, 0.065636, 0.069854, 0.980757, 0.182307, -0.053663, 0.186184, -0.981048 ]
monitor_T: !!opencv-matrix
   rows: 3
   cols: 1
   dt: f
   data: [ 75.568965, 0.422045, -13.789863 ]

