%YAML:1.0
monitor_W: 540
monitor_H: 300
monitor_R: !!opencv-matrix
   rows: 3
   cols: 3
   dt: f
   data: [ -0.996877, 0.021344, 0.076036, 0.022045, 0.999722, 0.008382, -0.075836, 0.010032, -0.997070  ]
monitor_T: !!opencv-matrix
   rows: 3
   cols: 1
   dt: f
   data: [54.961295, 29.214779, -1.916876 ]
  
x0_360: 0.0
x1_360: 1.2
y0_360: 0.3
y1_360: 1.5
x0_mpii: 0.2
x1_mpii: 0.8
y0_mpii: 0.0
y1_mpii: 0.8
